[?25l[0m [38;2;0;0;0m                   [0m
 [38;2;0;0;0m                   [0m
 [38;2;0;0;0m                   [0m
 [38;2;0;0;0m                   [0m
 [38;2;0;0;0m                   [0m
 [38;2;0;0;0m   [0m  [38;2;70;51;40m▂[38;2;73;53;41m▂[38;2;81;59;46m▂[38;2;75;55;43m▂[0m [38;2;0;0;0m         [0m
 [38;2;0;0;0m [0m [38;2;53;36;27m▄[38;2;78;52;38m▅[38;2;125;81;58;48;2;63;40;26m╺[38;2;70;40;24;48;2;134;89;66m▃[38;2;88;54;36;48;2;126;82;60m▅[38;2;95;60;42;48;2;150;101;76m▆[38;2;89;54;38;48;2;133;88;65m▖[38;2;135;91;68;48;2;50;37;29m▆[0m[38;2;100;70;54m▃[38;2;53;79;58m▁[38;2;62;108;79m▅[38;2;51;87;64m▄[38;2;20;31;24m▁    [0m
 [38;2;13;14;13m▗[7m[38;2;47;35;26m▘[0m[38;2;80;47;28;48;2;102;66;47m▆[38;2;89;53;36;48;2;67;37;20m▘[38;2;101;61;40;48;2;62;33;16m▄[38;2;77;44;25;48;2;61;34;17m▖[38;2;67;37;20;48;2;93;59;41m▆[38;2;88;52;31;48;2;63;35;17m▂[38;2;104;64;44;48;2;63;35;18m▃[38;2;75;43;26;48;2;127;84;62m▘[38;2;92;104;76;48;2;149;104;78m▃[38;2;65;73;55;48;2;83;145;105m▘[38;2;55;93;68;48;2;76;134;97m▗[38;2;59;102;74;48;2;68;120;87m▏[0m[38;2;44;74;54m▌[0m [38;2;0;1;0m   [0m
 [7m[38;2;14;16;14m▋[0m[38;2;47;33;25;48;2;77;52;35m▍[38;2;83;91;66;48;2;70;40;23m▂[38;2;57;31;14;48;2;75;43;23m▄[38;2;57;33;15;48;2;92;55;34m▅[38;2;68;41;21;48;2;53;29;13m▘[38;2;96;56;35;48;2;70;38;20m▝[38;2;94;60;43;48;2;77;45;25m▗[38;2;79;119;89;48;2;95;77;56m▗[38;2;88;152;110;48;2;59;84;62m▆[38;2;85;143;104;48;2;76;127;93m▉[0m[7m[38;2;58;98;71m▗[38;2;49;81;60m▄[38;2;36;59;44m▅[0m [38;2;0;0;0m    [0m
 [38;2;47;58;50m▗[38;2;89;113;95;48;2;63;87;69m╴[0m[7m[38;2;62;89;67m▃[38;2;35;26;19m▄▄▄▄[38;2;33;23;17m▅[0m [7m[38;2;57;82;67m▄[38;2;74;98;81m▃[0m[38;2;29;37;31m▘       [0m
[?25h