[?25l[0m [38;2;0;0;0m                               [0m
 [38;2;0;0;0m                               [0m
 [38;2;0;0;0m                               [0m
 [38;2;0;0;0m                               [0m
 [38;2;0;0;0m                               [0m
 [38;2;0;0;0m                               [0m
 [38;2;0;0;0m                               [0m
 [38;2;0;0;0m                               [0m
 [38;2;0;0;0m        [0m        [38;2;0;0;0m               [0m
 [38;2;0;0;0m    [0m   [38;2;43;33;27m▂[38;2;75;54;42m▄[38;2;137;94;71;48;2;27;25;21m▅[38;2;123;82;61m▅[38;2;125;84;62m▅[38;2;139;95;72;48;2;28;26;22m▅[38;2;128;86;64;48;2;27;25;21m▅[38;2;134;92;69;48;2;25;23;20m▅[0m[38;2;71;51;40m▃[0m  [38;2;0;0;0m [0m    [38;2;0;0;0m        [0m
 [38;2;0;0;0m  [0m  [38;2;41;29;22m▄[38;2;73;47;34;48;2;18;20;18m▅[38;2;80;54;39;48;2;29;22;17m▆[38;2;99;63;46;48;2;63;38;21m▝[38;2;73;41;25;48;2;128;84;61m▃[38;2;73;41;24;48;2;130;85;62m▃[38;2;77;44;28;48;2;107;68;48m▆[38;2;108;70;51;48;2;90;55;38m▄[38;2;91;57;41;48;2;105;67;48m━[38;2;86;52;36;48;2;116;75;54m▆[38;2;122;80;59;48;2;146;97;72m▄[38;2;150;101;75;48;2;125;86;65m▇[38;2;137;94;71;48;2;48;37;29m▅[0m[38;2;62;45;35m▄[0m [38;2;39;63;47m▗[38;2;70;122;89;48;2;15;19;16m▅[38;2;69;121;88;48;2;18;22;19m▅[0m[38;2;39;64;47m▄[0m  [38;2;1;1;1m      [0m
 [38;2;0;0;0m [0m [7m[38;2;12;14;12m▌[0m[38;2;30;26;21;48;2;53;37;28m▘[38;2;82;48;30;48;2;95;61;44m▃[38;2;87;51;34;48;2;102;64;46m▗[38;2;64;35;18;48;2;84;51;35m▆[38;2;54;30;13;48;2;61;32;16m▖[38;2;73;40;22m▁[38;2;69;43;25;48;2;57;32;15m▝[38;2;57;34;16;48;2;90;57;40m▃[38;2;71;41;24;48;2;98;63;45m▄[38;2;60;33;16;48;2;84;54;36m▆[38;2;63;33;17;48;2;74;43;26m▆[38;2;58;31;15;48;2;91;56;40m▆[38;2;78;46;28;48;2;107;67;48m▋[38;2;131;86;62;48;2;151;101;75m▍[38;2;158;108;82;48;2;124;85;65m▇[38;2;77;75;57;48;2;52;48;37m▆[38;2;64;111;81;48;2;81;144;104m▎[38;2;77;137;98;48;2;84;148;107m▁[38;2;53;89;65;48;2;72;127;91m▝[38;2;77;137;99;48;2;65;114;82m▅[38;2;53;90;66;48;2;22;28;23m▋[0m [38;2;10;12;10m      [0m
 [38;2;0;0;0m [7m[38;2;13;14;13m▌[0m[38;2;53;38;29;48;2;23;23;20m▄[38;2;41;33;26;48;2;77;48;31m▘[38;2;59;34;15;48;2;85;49;31m▃[38;2;63;33;17;48;2;79;44;26m▆[38;2;62;34;16;48;2;82;49;29m▌[38;2;103;62;41;48;2;81;49;28m▇[38;2;100;59;38;48;2;84;49;29m▋[38;2;69;40;20;48;2;58;30;14m▎[38;2;78;44;25;48;2;62;32;16m▗[38;2;93;55;35;48;2;64;34;17m▄[38;2;92;54;32;48;2;61;34;15m▄[38;2;106;64;43;48;2;84;48;27m▅[38;2;121;79;57;48;2;82;49;31m▄[38;2;77;63;47;48;2;126;82;60m▃[38;2;72;73;55;48;2;150;103;77m▃[38;2;68;112;81;48;2;99;104;77m┏[38;2;85;149;108;48;2;85;125;91m▆[38;2;82;146;106;48;2;78;137;99m▊[38;2;50;84;62;48;2;70;123;89m▝[38;2;74;130;94;48;2;52;88;65m▃[38;2;44;72;53;48;2;68;120;87m▂[0m[7m[38;2;41;66;49m▃[0m [38;2;11;13;11m      [0m
 [38;2;0;0;0m [7m[38;2;14;16;14m▌[0m[38;2;31;29;24;48;2;64;42;29m▍[38;2;94;60;42;48;2;74;42;24m▃[38;2;87;54;35;48;2;65;35;18m▃[38;2;77;43;23;48;2;66;35;18m▝[38;2;53;31;12;48;2;80;47;25m▃[38;2;53;32;13;48;2;83;50;29m▅[38;2;55;34;14;48;2;91;55;34m▃[38;2;59;36;15;48;2;49;27;11m▏[38;2;81;45;26;48;2;65;34;18m▝[38;2;76;42;24;48;2;94;55;34m▄[38;2;88;54;37;48;2;70;41;20m▗[38;2;123;91;67;48;2;86;54;36m▃[38;2;94;133;98;48;2;81;78;57m▃[38;2;88;155;111;48;2;72;113;81m▅[38;2;87;155;111;48;2;64;113;81m▆[38;2;80;141;102;48;2;86;145;106m▘[38;2;43;70;52;48;2;75;130;95m▗[0m[7m[38;2;49;83;61m▃[38;2;46;75;56m▄[38;2;44;72;54m▄[38;2;25;41;30m▆[0m [38;2;0;0;0m       [0m
   [38;2;55;80;62;48;2;29;31;24m▂[38;2;64;60;45;48;2;84;120;90m▘[38;2;91;126;94;48;2;74;93;68m▋[38;2;33;34;28;48;2;60;37;23m▂[38;2;30;27;23;48;2;56;30;17m▂[48;2;56;30;16m▂▂[48;2;57;31;17m▂[48;2;60;32;19m▂[48;2;61;33;19m▂[38;2;19;21;19;48;2;57;34;22m▁[0m[7m[38;2;64;50;39m▃[38;2;57;80;61m▃[0m[38;2;44;67;55;48;2;87;141;104m▃[38;2;87;116;95;48;2;94;150;112m▃[38;2;93;136;105;48;2;81;117;91m▊[38;2;60;84;66;48;2;22;26;23m▌[0m [38;2;10;11;10m           [0m
 [38;2;13;14;13m╺[38;2;22;27;23;48;2;48;59;51m▌[38;2;38;45;40;48;2;79;102;85m▂[38;2;16;18;16;48;2;70;93;76m▁[0m[7m[38;2;44;66;50m▄[0m [7m[38;2;14;16;14m▆▆▆▆▆▆[0m   [7m[38;2;18;27;27m▇[38;2;49;60;52m▄[38;2;51;63;54m▄[0m[38;2;27;33;28m▘[0m [38;2;0;0;0m           [0m
[?25h