[?25l[0m [38;2;0;0;0m                                           [0m
 [38;2;0;0;0m                                           [0m
 [38;2;0;0;0m                                           [0m
 [38;2;0;0;0m                                           [0m
 [38;2;0;0;0m                                           [0m
 [38;2;0;0;0m                                           [0m
 [38;2;0;0;0m                                           [0m
 [38;2;0;0;0m                                           [0m
 [38;2;0;0;0m                                           [0m
 [38;2;0;0;0m                                           [0m
 [38;2;0;0;0m                                           [0m
 [38;2;0;0;0m           [0m  [38;2;15;17;15m▃▃▃▃▃▃[0m  [38;2;0;0;0m                      [0m
 [38;2;0;0;0m      [0m   [38;2;16;15;12m▗[38;2;33;28;23m▃[38;2;42;35;28m▄[38;2;111;76;58;48;2;40;30;24m▅[38;2;143;98;74;48;2;53;42;35m▆[38;2;128;85;63;48;2;49;40;33m▆[38;2;124;82;60;48;2;49;39;32m▆[38;2;132;89;66;48;2;51;41;33m▆[38;2;144;98;74;48;2;54;43;35m▆[38;2;140;93;69;48;2;66;49;39m▅[38;2;109;73;54;48;2;48;34;27m▄[0m[38;2;52;39;32m▃[0m  [38;2;2;2;2m                    [0m
 [38;2;0;0;0m    [0m  [38;2;23;18;14m▃[38;2;47;32;23;48;2;14;16;14m▄[38;2;70;48;37;48;2;16;18;16m▄[38;2;67;45;32;48;2;32;23;17m▅[38;2;62;37;22;48;2;84;53;37m▋[38;2;128;83;61;48;2;105;68;50m━[38;2;109;69;49;48;2;138;91;67m▂[38;2;106;67;48;48;2;141;93;69m▃[38;2;78;45;29;48;2;115;74;53m▅[38;2;81;48;32;48;2;114;73;52m▆[38;2;90;55;38;48;2;121;78;57m▆[38;2;99;62;44;48;2;135;89;67m▆[38;2;117;75;54;48;2;139;91;67m▄[38;2;135;89;65;48;2;148;99;74m▂[38;2;152;104;78;48;2;113;78;60m▆[38;2;110;77;59;48;2;46;34;27m▅[0m[38;2;71;50;39m▃[0m  [38;2;0;0;0m                  [0m
 [38;2;0;0;0m   [0m [38;2;26;24;20m▗[38;2;65;45;34;48;2;25;20;16m▄[38;2;92;60;44;48;2;46;33;25m▅[38;2;104;67;49;48;2;73;44;29m▅[38;2;85;52;36;48;2;100;64;47m▗[38;2;103;67;49;48;2;76;46;29m▘[38;2;52;28;12;48;2;60;34;17m┗[38;2;62;32;16;48;2;77;46;29m▇[38;2;59;31;15;48;2;84;50;35m▇[38;2;62;35;18;48;2;81;47;31m▇[38;2;90;57;40;48;2;73;42;26m▄[38;2;96;61;44;48;2;106;69;49m▌[38;2;91;59;41;48;2;112;74;54m▃[38;2;63;39;21;48;2;104;68;49m▃[38;2;67;38;21;48;2;88;54;37m▄[38;2;93;57;40;48;2;115;74;54m▌[38;2;129;85;63;48;2;147;98;72m▄[38;2;145;96;71;48;2;160;109;82m▃[38;2;106;74;57;48;2;149;102;76m▝[38;2;123;84;64;48;2;37;29;24m▅[0m[38;2;48;36;29m▄[0m   [38;2;23;32;26m▂[38;2;29;40;32m▂[38;2;22;30;24m▂[0m  [38;2;0;0;0m          [0m
 [38;2;0;0;0m  [0m  [38;2;17;20;17;48;2;32;29;24m▋[38;2;54;37;27;48;2;70;43;28m▌[38;2;81;47;29;48;2;94;59;42m▅[38;2;91;53;34;48;2;106;67;47m▄[38;2;92;56;39;48;2;75;42;25m▘[38;2;70;40;21;48;2;60;32;15m▂[38;2;78;48;27;48;2;54;30;13m▂[38;2;84;50;31;48;2;63;33;17m▂[38;2;74;41;23;48;2;60;31;15m▃[38;2;57;31;14;48;2;64;36;19m▚[38;2;53;30;13;48;2;78;50;32m▅[38;2;61;33;16;48;2;85;54;36m▅[38;2;65;34;18;48;2;78;48;31m▅[38;2;56;30;14;48;2;61;33;16m▝[38;2;73;40;21;48;2;62;32;16m▃[38;2;85;52;36;48;2;71;39;22m▝[38;2;62;33;17;48;2;98;61;44m▄[38;2;74;42;25;48;2;117;76;55m▅[38;2;106;67;48;48;2;138;91;67m▖[38;2;158;107;80;48;2;149;100;74m▚[38;2;162;111;84;48;2;118;81;62m▅[38;2;87;61;47;48;2;25;23;20m▉[38;2;42;66;50;48;2;14;16;14m▃[38;2;53;88;65;48;2;20;31;24m▅[38;2;84;147;107;48;2;56;97;70m▅[38;2;81;143;104;48;2;58;99;72m▆[38;2;46;78;57;48;2;65;114;83m▝[0m[38;2;44;73;54m▅[38;2;28;45;33m▖[0m  [38;2;0;0;0m        [0m
 [38;2;0;0;0m [0m [7m[38;2;13;15;13m▌[0m[38;2;52;38;28;48;2;23;25;21m▗[38;2;76;48;34;48;2;34;30;25m▄[38;2;69;44;28;48;2;81;50;33m▚[38;2;63;37;17;48;2;87;51;32m▃[38;2;65;35;18;48;2;77;43;25m▆[38;2;55;29;13;48;2;66;35;18m▄[38;2;70;40;21;48;2;88;52;33m▌[38;2;105;64;42;48;2;93;57;37m▇[38;2;106;63;42;48;2;97;58;38m▇[38;2;93;55;35;48;2;77;44;25m▌[38;2;53;29;12;48;2;63;33;17m▃[38;2;68;36;19;48;2;62;32;16m▗[38;2;84;48;29;48;2;66;34;18m▄[38;2;91;53;33;48;2;62;33;16m▄[38;2;88;52;30;48;2;57;33;14m▄[38;2;81;47;25;48;2;99;59;37m▘[38;2;71;42;20;48;2;89;52;32m▝[38;2;87;54;37;48;2;59;34;16m▗[38;2;118;76;55;48;2;74;43;26m▄[38;2;110;70;50;48;2;144;95;70m▘[38;2;147;99;74;48;2;159;108;81m▚[38;2;104;82;62;48;2;157;109;82m▃[38;2;73;63;49;48;2;102;112;83m▝[38;2;52;87;64;48;2;79;139;101m▘[38;2;88;156;113;48;2;81;142;103m▇[38;2;87;153;111;48;2;83;148;107m▘[38;2;60;103;75;48;2;75;132;96m▝[38;2;47;78;58;48;2;68;119;86m▘[38;2;78;138;99;48;2;68;120;87m▆[38;2;59;104;75;48;2;39;62;46m▋[0m[38;2;19;21;19m▌[0m [38;2;5;5;5m        [0m
 [38;2;0;0;0m [0m [7m[38;2;14;16;14m▌[0m[38;2;25;26;22;48;2;51;36;26m▌[38;2;68;40;24;48;2;84;50;33m▅[38;2;78;46;26;48;2;68;38;20m▘[38;2;73;40;22;48;2;57;30;14m▂[38;2;69;37;19;48;2;64;34;17m▗[38;2;84;48;27;48;2;63;36;16m▅[38;2;73;43;21;48;2;84;50;28m▚[38;2;60;37;16;48;2;90;54;33m▄[38;2;87;53;32;48;2;101;60;39m▖[38;2;90;54;33;48;2;69;42;20m▌[38;2;46;26;9;48;2;52;27;12m▋[38;2;60;31;15;48;2;70;38;20m▋[38;2;83;47;27;48;2;95;55;35m▌[38;2;79;46;24;48;2;97;57;36m▗[38;2;63;37;17;48;2;92;54;32m▅[38;2;77;46;28;48;2;95;56;36m▄[38;2;119;77;56;48;2;101;62;43m▗[38;2;123;83;61;48;2;103;65;46m▅[38;2;56;62;47;48;2;109;76;56m▗[38;2;53;62;47;48;2;133;90;68m▄[38;2;64;92;68;48;2;125;97;73m▄[38;2;77;129;93;48;2;69;85;63m▆[38;2;76;133;97;48;2;84;149;107m▘[38;2;81;144;104;48;2;88;156;113m▄[38;2;74;130;94;48;2;82;147;106m▂[38;2;70;123;89;48;2;81;145;104m▁▁[38;2;63;110;80;48;2;78;138;100m▗[38;2;31;48;37;48;2;64;112;81m▃[0m[7m[38;2;39;66;49m▄[0m  [38;2;2;2;2m        [0m
 [38;2;0;0;0m [0m [38;2;14;16;14m▝[38;2;57;41;31;48;2;25;22;18m▝[38;2;57;40;30;48;2;82;55;40m▖[38;2;87;94;70;48;2;94;62;43m▃[38;2;91;97;71;48;2;87;52;33m▄[38;2;73;61;42;48;2;66;35;19m▖[38;2;56;30;13;48;2;70;40;19m▆[38;2;50;27;11;48;2;62;37;15m▆[38;2;57;30;14;48;2;47;27;10m▂[38;2;51;28;12;48;2;70;44;22m▆[38;2;50;28;11;48;2;62;39;17m▆[38;2;43;25;8;48;2;54;28;13m▘[38;2;60;31;15;48;2;65;34;18m▌[38;2;67;36;19;48;2;77;43;24m▆[38;2;68;37;20;48;2;77;44;24m▆[48;2;83;50;34m▋[38;2;85;56;42;48;2;115;75;54m▂[38;2;121;80;58;48;2;98;83;61m▘[38;2;80;123;90;48;2;78;79;57m▃[38;2;84;147;106;48;2;74;115;83m▅[38;2;87;156;112;48;2;70;123;89m▅[38;2;87;154;111;48;2;74;130;94m▅[38;2;83;143;104;48;2;85;148;107m▚[38;2;68;112;82;48;2;80;141;102m▂[38;2;41;70;51;48;2;68;119;86m▃[0m[7m[38;2;42;68;51m▃[0m[38;2;12;14;12;48;2;45;72;54m▄▄[0m[7m[38;2;36;58;43m▄[0m  [38;2;0;0;0m          [0m
 [38;2;0;0;0m [0m [38;2;26;33;28m▁[38;2;42;59;46m▄[38;2;77;117;89;48;2;40;53;41m▅[38;2;72;108;81;48;2;91;139;104m▘[38;2;91;137;103;48;2;78;111;83m▋[38;2;64;82;61;48;2;47;35;25m▍[38;2;28;26;23;48;2;56;32;19m▃[38;2;20;22;20;48;2;49;30;21m▁▁▁▁▁▁[48;2;49;31;21m▁▁[38;2;23;25;22;48;2;51;31;21m▂[38;2;20;22;20;48;2;36;31;25m▁[38;2;28;35;29;48;2;58;85;65m▃[38;2;47;70;53;48;2;82;130;97m▃[38;2;80;127;94;48;2;92;155;113m▖[38;2;95;150;112;48;2;94;165;119m▄[38;2;80;123;93;48;2;92;153;112m▗[38;2;53;76;59;48;2;83;130;97m▄[0m[7m[38;2;48;73;55m▄[38;2;23;33;25m▇[0m    [38;2;0;0;0m            [0m
  [38;2;23;27;24m▗[38;2;71;90;78;48;2;44;56;48m▆[38;2;107;136;117;48;2;83;109;92m▆[38;2;106;133;114;48;2;110;143;120m▂[38;2;98;121;104;48;2;112;146;121m▂[38;2;72;89;77;48;2;96;125;104m▂[38;2;25;29;23;48;2;42;50;40m▂[0m[7m[38;2;17;19;15m▅[0m           [7m[38;2;27;39;30m▆[0m[38;2;13;16;16;48;2;48;69;55m▖[38;2;73;91;78;48;2;94;126;103m▖[38;2;112;140;120;48;2;100;137;111m▆[38;2;106;132;113;48;2;80;102;86m▆[38;2;87;108;93;48;2;54;67;58m╴[0m[38;2;19;21;19m▖[0m [38;2;3;3;3m               [0m
  [38;2;20;23;21m▝[38;2;26;32;28;48;2;60;74;64m▄[38;2;42;51;44;48;2;85;106;91m▃[38;2;43;52;45;48;2;85;107;91m▃[38;2;28;34;29;48;2;66;82;70m▄[0m[7m[38;2;33;40;34m▅[0m  [38;2;0;0;0m           [0m [38;2;19;29;31m▝[38;2;26;32;28;48;2;62;79;68m▃[38;2;43;53;46;48;2;86;108;92m▃[38;2;41;49;43;48;2;83;104;88m▃[0m[7m[38;2;45;55;47m▗[0m[38;2;17;19;17m▘[0m [38;2;3;3;3m               [0m
[?25h