[?25l[0m [38;2;0;0;0m                   [0m
 [38;2;0;0;0m                   [0m
 [38;2;0;0;0m                   [0m
 [38;2;0;0;0m                   [0m
 [38;2;0;0;0m                   [0m
 [38;2;0;0;0m   [0m  [38;2;70;51;40m▂[38;2;73;53;41m▂[38;2;81;59;46m▂▂[38;2;86;60;47m▁[0m [38;2;0;0;0m [0m   [38;2;0;0;0m    [0m
 [38;2;0;0;0m [0m [38;2;53;36;27m▄[38;2;78;52;38m▅[38;2;125;81;58;48;2;63;40;26m╺[38;2;70;40;24;48;2;134;89;66m▃[38;2;88;54;36;48;2;126;82;60m▅[38;2;95;60;42;48;2;150;101;76m▆[38;2;105;66;47;48;2;150;101;75m▅[38;2;96;59;41;48;2;140;94;70m▖[0m[38;2;132;90;68m▅[38;2;55;70;53m▂[38;2;68;118;86m▅[38;2;70;123;89;48;2;18;21;18m▇[0m[38;2;56;96;70m▅[0m [38;2;13;18;15m   [0m
 [38;2;13;14;13m▗[7m[38;2;47;35;26m▘[0m[38;2;80;47;28;48;2;102;66;47m▆[38;2;89;53;36;48;2;67;37;20m▘[38;2;101;61;40;48;2;62;33;16m▄[38;2;77;44;25;48;2;61;34;17m▖[38;2;67;37;20;48;2;93;59;41m▆[38;2;88;52;31;48;2;63;35;17m▂[38;2;110;74;52;48;2;69;39;21m▂[38;2;145;97;72;48;2;85;77;56m▝[38;2;82;120;87;48;2;138;101;76m▅[38;2;83;145;105;48;2;68;97;71m▇[38;2;52;87;64;48;2;75;132;95m▗[38;2;41;64;49;48;2;75;133;96m▆[38;2;30;45;35;48;2;40;60;46m▁[0m[38;2;16;18;16m▌   [0m
 [7m[38;2;14;16;14m▋[0m[38;2;47;33;25;48;2;77;52;35m▍[38;2;83;91;66;48;2;70;40;23m▂[38;2;57;31;14;48;2;75;43;23m▄[38;2;57;33;15;48;2;92;55;34m▅[38;2;68;41;21;48;2;53;29;13m▘[38;2;96;56;35;48;2;70;38;20m▝[38;2;94;60;43;48;2;77;45;25m▗[38;2;94;62;43;48;2;90;97;72m▘[38;2;70;103;81;48;2;91;153;111m▂[38;2;84;122;95;48;2;91;146;109m▗[0m[7m[38;2;58;97;71m▗[38;2;49;81;60m▄[38;2;48;79;59m▄[38;2;28;44;33m▇[0m[38;2;4;6;5m    [0m
 [38;2;47;58;50m▗[38;2;89;113;95;48;2;63;87;69m╴[0m[7m[38;2;62;89;67m▃[38;2;35;26;19m▄▄▄▄[38;2;33;23;17m▅[38;2;12;14;13m▆[38;2;39;51;47m▇[38;2;50;61;53m▅[0m [38;2;0;0;0m       [0m
[?25h