[?25l[0m [38;2;0;0;0m                                           [0m
 [38;2;0;0;0m                                           [0m
 [38;2;0;0;0m                                           [0m
 [38;2;0;0;0m                                           [0m
 [38;2;0;0;0m                                           [0m
 [38;2;0;0;0m                                           [0m
 [38;2;0;0;0m                                           [0m
 [38;2;0;0;0m                                           [0m
 [38;2;0;0;0m                                           [0m
 [38;2;0;0;0m                                           [0m
 [38;2;0;0;0m                                           [0m
 [38;2;0;0;0m                                           [0m
 [38;2;0;0;0m         [0m   [38;2;40;29;24m▂[38;2;54;43;35m▃[38;2;50;40;32m▃[38;2;49;39;32m▃[38;2;52;41;33m▃[38;2;55;44;36m▃[38;2;52;41;33m▃[38;2;53;42;34m▃[38;2;47;37;30m▃[0m  [38;2;2;2;2m                    [0m
 [38;2;0;0;0m      [0m   [38;2;28;20;15m▃[38;2;59;39;28;48;2;20;20;17m▃[38;2;75;53;41;48;2;18;18;15m▅[38;2;132;89;67;48;2;88;61;47m▅[38;2;155;105;79;48;2;123;85;64m▆[38;2;146;97;71;48;2;121;80;59m━[38;2;141;93;68;48;2;116;76;55m━[38;2;150;100;74;48;2;123;81;60m━[38;2;164;111;84;48;2;134;90;68m━[38;2;149;100;74;48;2;123;81;60m━[38;2;145;97;72;48;2;118;80;61m▆[38;2;152;104;78;48;2;112;77;59m▆[38;2;110;77;59;48;2;46;34;27m▅[0m[38;2;71;50;39m▃[0m  [38;2;0;0;0m   [0m     [38;2;5;6;5m          [0m
 [38;2;0;0;0m    [0m [38;2;16;16;14m▗[38;2;36;27;20m▄[38;2;61;38;26;48;2;26;24;20m▅[38;2;90;59;44;48;2;34;30;26m▅[38;2;87;57;41;48;2;51;34;25m▅[38;2;89;55;38;48;2;61;36;19m▝[38;2;73;42;25;48;2;119;76;55m▃[38;2;79;46;29;48;2;132;86;63m▃[38;2;76;44;27;48;2;122;79;57m▃[38;2;95;58;41;48;2;72;40;24m▘[38;2;96;60;43;48;2;76;44;28m▄[38;2;111;72;53;48;2;83;49;33m▄[38;2;108;70;51;48;2;87;53;37m▄[38;2;93;58;42;48;2;80;47;32m▖[38;2;95;59;42;48;2;116;75;55m▌[38;2;129;85;63;48;2;147;98;72m▄[38;2;145;96;71;48;2;160;109;82m▃[38;2;106;74;57;48;2;149;102;76m▝[38;2;123;84;64;48;2;37;29;24m▅[0m[38;2;48;36;29m▄[0m   [38;2;25;37;29m▂[38;2;61;106;77;48;2;22;35;27m▄[38;2;79;138;100;48;2;32;46;36m▅[38;2;70;122;88;48;2;29;42;33m▅[0m[38;2;46;78;57m▄[38;2;19;26;21m▂[0m  [38;2;0;0;0m       [0m
 [38;2;0;0;0m   [0m [38;2;31;29;24;48;2;13;14;12m▗[38;2;70;47;35;48;2;46;32;25m▅[38;2;97;63;45;48;2;72;48;36m▆[38;2;109;70;51;48;2;89;56;40m▆[38;2;76;44;27;48;2;96;61;44m▗[38;2;65;35;19;48;2;86;54;37m▅[38;2;63;33;17;48;2;58;31;15m━[38;2;60;31;15;48;2;63;33;17m▘[38;2;54;28;12;48;2;59;31;15m▗[38;2;54;30;13;48;2;67;42;23m▌[38;2;79;49;32;48;2;88;56;38m▍[38;2;86;54;38;48;2;101;65;47m▂[38;2;83;52;34;48;2;104;68;49m▄[38;2;58;35;17;48;2;94;61;44m▅[38;2;62;33;17;48;2;78;46;30m▅[38;2;65;34;18;48;2;85;51;35m▅[38;2;62;33;16;48;2;98;62;44m▄[38;2;74;42;25;48;2;117;76;55m▅[38;2;106;67;48;48;2;138;91;67m▖[38;2;158;107;80;48;2;149;100;74m▚[38;2;162;111;84;48;2;118;81;62m▅[38;2;87;61;47;48;2;25;23;20m▉[38;2;38;58;45;48;2;14;16;14m▃[38;2;49;82;61;48;2;20;31;24m▅[38;2;83;146;106;48;2;56;98;71m▅[38;2;87;154;111;48;2;78;138;100m▆[38;2;71;126;91;48;2;83;146;106m▗[38;2;50;83;61;48;2;65;113;82m┲[38;2;77;136;98;48;2;63;110;80m▗[38;2;62;108;78;48;2;35;58;42m▇[0m[7m[38;2;26;38;30m▝[0m [38;2;10;11;10m       [0m
 [38;2;0;0;0m  [0m [38;2;18;20;18m▃[38;2;19;21;19;48;2;33;29;24m▋[38;2;78;48;32;48;2;58;37;25m▗[38;2;75;43;26;48;2;87;51;32m▘[38;2;80;45;27;48;2;97;59;39m▄[38;2;86;50;32;48;2;70;38;21m▘[38;2;78;45;26;48;2;61;33;16m▃[38;2;92;56;35;48;2;54;30;13m▄[38;2;95;57;37;48;2;64;35;18m▄[38;2;85;49;31;48;2;67;36;19m▃[38;2;65;34;18;48;2;61;32;16m▖[38;2;55;29;13;48;2;62;39;19m▆[38;2;61;32;16;48;2;75;46;28m▇[48;2;71;40;23m▆[38;2;52;28;12;48;2;62;33;16m▖[38;2;83;48;27;48;2;67;36;19m▃[38;2;79;45;25;48;2;59;31;15m▄[38;2;87;54;37;48;2;57;32;15m▗[38;2;118;76;55;48;2;74;43;26m▄[38;2;110;70;50;48;2;144;95;70m▘[38;2;147;99;74;48;2;159;108;81m▚[38;2;104;82;62;48;2;157;109;82m▃[38;2;73;63;49;48;2;102;112;83m▝[38;2;81;142;103;48;2;55;94;69m▄[38;2;81;144;103;48;2;71;125;90m▇[38;2;84;149;107;48;2;82;145;105m▝[38;2;65;113;81;48;2;80;141;102m▗[38;2;49;81;60;48;2;77;136;98m▃[38;2;43;69;51;48;2;72;127;92m▂[38;2;48;80;59;48;2;76;135;98m▃[38;2;42;67;51;48;2;66;114;83m▃[38;2;32;46;36;48;2;17;20;17m▋[0m [38;2;10;11;10m       [0m
 [38;2;0;0;0m [0m [7m[38;2;14;16;14m▌[0m[38;2;25;26;22;48;2;50;37;28m▌[38;2;84;51;35;48;2;54;39;29m▅[38;2;66;40;19;48;2;78;48;30m▗[38;2;54;30;13;48;2;80;47;27m▄[38;2;70;38;20;48;2;63;33;16m▘[38;2;51;27;11;48;2;59;32;15m╺[38;2;68;40;20;48;2;87;52;32m▌[38;2;95;57;36;48;2;106;64;42m▂[38;2;102;60;38;48;2;107;65;42m▄[38;2;92;54;33;48;2;73;43;22m▌[38;2;49;27;11;48;2;60;32;15m▄[38;2;61;32;16;48;2;69;37;20m▋[38;2;97;57;37;48;2;78;44;26m▗[38;2;99;58;37;48;2;73;42;22m▅[38;2;94;55;34;48;2;69;41;19m▅[38;2;91;54;32;48;2;102;61;40m▘[38;2;119;75;53;48;2;101;60;40m▅[38;2;123;83;61;48;2;103;65;46m▅[38;2;56;62;47;48;2;109;76;56m▗[38;2;53;62;47;48;2;133;90;68m▄[38;2;64;92;68;48;2;125;97;73m▄[38;2;77;129;93;48;2;69;85;63m▆[38;2;76;133;97;48;2;84;149;107m▘[38;2;83;148;107;48;2;89;158;114m▅[38;2;73;128;93;48;2;81;144;104m▗[38;2;36;54;41;48;2;67;116;84m▗[38;2;28;36;30;48;2;52;87;64m▄[38;2;29;39;32;48;2;24;27;24m▏  [38;2;21;24;21m▁[48;2;15;17;15m▊[0m [38;2;9;11;9m       [0m
 [38;2;0;0;0m [0m [7m[38;2;14;16;14m▌[0m[38;2;21;24;21;48;2;47;35;26m▍[38;2;83;53;38;48;2;69;41;25m▂[38;2;88;52;35;48;2;69;38;20m▃[38;2;82;47;29;48;2;63;33;17m▃[38;2;66;35;18;48;2;69;38;20m▊[38;2;92;53;32;48;2;76;44;23m╺[38;2;63;38;16;48;2;81;47;25m▃[38;2;52;32;12;48;2;76;46;24m▅[38;2;72;44;23;48;2;97;59;38m▃[38;2;93;56;35;48;2;68;42;20m▘[38;2;45;26;9;48;2;52;27;12m▋[38;2;60;31;15;48;2;69;37;20m▋[38;2;96;55;35;48;2;81;45;26m▝[38;2;98;57;35;48;2;81;46;26m▘[38;2;60;35;16;48;2;73;43;23m╋[38;2;107;68;49;48;2;78;46;28m▃[38;2;104;95;70;48;2;81;54;38m▃[38;2;81;123;90;48;2;76;78;56m▃[38;2;84;147;106;48;2;74;115;83m▅[38;2;87;156;112;48;2;70;123;89m▅[38;2;87;154;111;48;2;74;130;94m▅[38;2;81;143;103;48;2;86;147;107m▘[38;2;86;147;107;48;2;83;146;105m▖[38;2;72;127;92;48;2;81;144;103m▗[38;2;56;96;70;48;2;75;133;96m▃[38;2;48;79;58;48;2;27;33;28m▋[48;2;24;27;24m  [38;2;24;27;24;48;2;22;25;22m▉[38;2;14;15;14m▂[0m[7m[38;2;16;18;16m▃[0m  [38;2;0;0;0m       [0m
 [38;2;0;0;0m  [0m [7m[38;2;39;31;25m▅[0m[38;2;34;32;25;48;2;71;54;40m▖[38;2;79;108;81;48;2;96;75;54m▄[38;2;89;116;86;48;2;92;68;47m▅[38;2;74;66;46;48;2;64;36;20m▍[38;2;51;28;11;48;2;60;31;16m▝[38;2;61;32;16;48;2;47;26;10m▄[38;2;59;31;15;48;2;44;25;9m▅[38;2;61;32;16;48;2;48;27;10m▄[48;2;47;26;10m▄[38;2;60;31;16;48;2;49;26;11m▅[38;2;60;31;15;48;2;64;33;18m▘[38;2;64;33;18;48;2;67;36;19m▄[38;2;63;33;18;48;2;68;37;20m▃[38;2;85;51;35;48;2;65;36;20m▝[38;2;49;34;26;48;2;111;73;53m▃[38;2;37;38;31;48;2;107;102;76m▃[38;2;48;70;54;48;2;85;131;97m▃[38;2;80;127;94;48;2;92;155;113m▖[38;2;94;147;110;48;2;94;163;118m▃[38;2;95;149;111;48;2;94;161;117m▄[38;2;94;148;110;48;2;88;138;103m▊[38;2;51;79;60;48;2;79;129;95m▗[38;2;24;37;28;48;2;58;101;73m▄[0m[7m[38;2;25;36;28m▄[38;2;19;23;20m▄[38;2;19;21;19m▄▄[38;2;18;20;18m▄[0m  [38;2;0;0;0m         [0m
   [38;2;34;42;36m▃[38;2;57;76;62;48;2;24;34;27m▅[38;2;59;90;68;48;2;84;124;95m▘[38;2;82;121;93;48;2;89;137;103m▂[38;2;58;89;67;48;2;82;124;93m▗[38;2;20;28;22;48;2;46;50;38m▂[38;2;12;14;12;48;2;37;27;21m▂▂▂▂▂▂▂▂▂[48;2;38;26;20m▃[0m[7m[38;2;23;17;14m▅[0m [7m[38;2;27;39;30m▆[0m[38;2;9;15;18;48;2;53;82;63m▄[38;2;50;63;54;48;2;78;109;88m▃[38;2;73;92;78;48;2;93;125;101m▃[38;2;70;87;74;48;2;90;121;98m▃[38;2;66;82;70;48;2;48;62;51m╴[0m[38;2;19;21;19m▘[0m [38;2;3;3;3m               [0m
  [38;2;19;21;19m▝[38;2;21;26;23;48;2;52;64;55m▃[38;2;42;51;44;48;2;81;102;86m▃[38;2;43;52;45;48;2;83;106;89m▃[38;2;28;34;29;48;2;63;82;68m▄[0m[7m[38;2;29;39;31m▅[0m            [38;2;0;0;0m [0m  [7m[38;2;26;31;28m▆[38;2;31;37;33m▄[38;2;29;34;30m▄[0m  [38;2;0;0;0m                [0m
[?25h