[?25l[0m [38;2;0;0;0m                   [0m
 [38;2;0;0;0m                   [0m
 [38;2;0;0;0m                   [0m
 [38;2;0;0;0m                   [0m
 [38;2;0;0;0m                   [0m
 [38;2;0;0;0m  [0m [38;2;17;15;12m▁[38;2;60;43;33m▂[38;2;125;85;64m▄[38;2;99;67;50m▅[38;2;110;76;58m▅[38;2;89;61;46m▃[0m [38;2;0;0;0m         [0m
 [38;2;0;0;0m [38;2;39;30;24m▗[38;2;83;54;39;48;2;20;16;12m▅[38;2;82;52;36;48;2;28;24;20m▇[38;2;60;32;15;48;2;95;60;41m▅[38;2;63;35;18;48;2;119;76;55m▅[38;2;103;66;48;48;2;85;52;35m┏[38;2;64;37;20;48;2;104;66;48m▃[38;2;86;52;35;48;2;134;89;65m▖[38;2;135;91;68;48;2;50;37;29m▆[0m[38;2;100;70;54m▃[38;2;24;23;19m▁[38;2;39;64;47m▃[38;2;32;53;39m▂[0m [38;2;0;0;0m    [0m
 [7m[38;2;13;14;13m▋[0m[38;2;20;20;17;48;2;62;41;28m▘[38;2;60;32;15;48;2;80;46;28m▃[38;2;63;34;17;48;2;74;42;23m┪[38;2;100;60;38;48;2;66;38;20m▆[38;2;77;45;25;48;2;57;30;14m▍[38;2;96;56;36;48;2;65;35;18m▗[38;2;90;53;32;48;2;67;37;18m▄[38;2;102;63;44;48;2;71;41;22m▃[38;2;75;43;26;48;2;127;84;62m▘[38;2;92;104;76;48;2;149;104;78m▃[38;2;84;144;104;48;2;56;72;54m▅[38;2;74;130;94;48;2;83;146;105m╺[38;2;69;121;87;48;2;55;93;68m▇[0m[38;2;35;57;42m▌[0m [38;2;0;0;0m   [0m
  [38;2;72;100;75;48;2;59;47;34m▗[38;2;90;132;99;48;2;75;58;39m▖[38;2;52;30;17;48;2;77;44;23m▆[38;2;50;29;16;48;2;70;43;22m▆[38;2;59;31;15;48;2;53;30;16m┈[38;2;56;32;20;48;2;76;42;23m▅[38;2;95;60;41;48;2;57;35;22m▝[38;2;55;70;54;48;2;94;92;68m▖[38;2;88;152;110;48;2;59;84;62m▆[38;2;56;86;65;48;2;80;137;99m▁[0m[7m[38;2;61;106;77m▃[38;2;49;81;60m▄[38;2;36;59;44m▅[0m [38;2;0;0;0m    [0m
 [38;2;16;19;17;48;2;62;78;67m▌[38;2;39;48;41;48;2;99;128;107m▂[0m[7m[38;2;71;91;75m▃[38;2;16;18;15m▆[38;2;13;15;13m▆▆▆▆[0m [7m[38;2;64;86;71m▖[0m[38;2;39;47;41;48;2;91;115;98m▂[0m[38;2;28;34;29m▍       [0m
[?25h