[?25l[0m [38;2;0;0;0m                               [0m
 [38;2;0;0;0m                               [0m
 [38;2;0;0;0m                               [0m
 [38;2;0;0;0m                               [0m
 [38;2;0;0;0m                               [0m
 [38;2;0;0;0m                               [0m
 [38;2;0;0;0m                               [0m
 [38;2;0;0;0m                               [0m
 [38;2;0;0;0m      [0m   [38;2;58;44;35m▃[38;2;55;42;34m▃[38;2;56;43;34m▃[38;2;61;46;37m▃[38;2;48;37;30m▃[0m  [38;2;0;0;0m               [0m
 [38;2;0;0;0m   [0m  [38;2;33;29;24m▃[38;2;43;31;24m▄[38;2;77;49;34;48;2;22;22;18m▅[38;2;47;37;30;48;2;123;82;61m▘[38;2;125;81;59;48;2;147;99;74m▂[38;2;81;47;31;48;2;129;85;62m▃[38;2;82;48;32;48;2;131;86;63m▃[38;2;99;62;44;48;2;146;99;74m▃[38;2;139;92;68;48;2;106;71;53m▇[38;2;136;93;70;48;2;43;33;26m▅[0m[38;2;71;51;40m▃[0m  [38;2;0;0;0m [0m    [38;2;0;0;0m        [0m
 [38;2;0;0;0m  [0m [38;2;49;36;28m▄[38;2;90;59;43;48;2;35;25;19m▅[38;2;70;42;29;48;2;98;63;46m▘[38;2;71;39;23;48;2;92;60;43m▃[38;2;60;33;16;48;2;75;46;28m▇[38;2;61;32;16;48;2;101;63;44m▆[38;2;61;35;18;48;2;96;59;41m▆[38;2;71;40;23;48;2;90;57;40m▘[38;2;91;58;40;48;2;106;69;50m▂[38;2;61;37;20;48;2;104;67;49m▃[38;2;81;48;32;48;2;115;74;53m▆[38;2;122;80;58;48;2;146;97;72m▄[38;2;150;101;75;48;2;125;86;65m▇[38;2;137;94;71;48;2;48;37;29m▅[0m[38;2;62;45;35m▄[0m [38;2;39;63;47m▗[38;2;70;122;89;48;2;15;19;16m▅[38;2;69;121;88;48;2;18;22;19m▅[0m[38;2;39;64;47m▄[0m  [38;2;1;1;1m      [0m
 [38;2;0;0;0m [0m [38;2;26;26;22m▃[38;2;32;29;24;48;2;63;41;28m▍[38;2;80;47;29;48;2;91;54;36m▚[38;2;72;39;22;48;2;94;56;38m▄[38;2;82;48;29;48;2;64;35;18m▗[38;2;98;60;38;48;2;56;31;14m▄[38;2;94;56;36;48;2;65;34;18m▄[38;2;69;38;20;48;2;61;33;16m▖[38;2;58;31;15;48;2;73;46;28m▆[38;2;64;34;17;48;2;77;46;29m▆[38;2;68;40;18;48;2;59;32;15m▗[38;2;89;51;30;48;2;70;38;21m▃[38;2;61;34;16;48;2;91;56;40m▆[38;2;78;46;28;48;2;107;67;48m▋[38;2;131;86;62;48;2;151;101;75m▍[38;2;158;108;82;48;2;124;85;65m▇[38;2;77;75;57;48;2;52;48;37m▆[38;2;64;111;81;48;2;81;144;104m▎[38;2;77;137;98;48;2;84;148;107m▁[38;2;53;89;65;48;2;72;127;91m▝[38;2;77;137;99;48;2;65;114;82m▅[38;2;53;90;66;48;2;22;28;23m▋[0m [38;2;10;12;10m      [0m
 [38;2;0;0;0m [7m[38;2;15;16;15m▌[0m[38;2;31;29;24;48;2;63;41;28m▍[38;2;85;52;35;48;2;73;42;24m▘[38;2;59;32;15;48;2;72;42;22m▆[38;2;77;43;23;48;2;63;33;16m▗[38;2;56;32;14;48;2;82;48;27m▘[38;2;73;44;23;48;2;101;60;39m▃[38;2;101;60;39;48;2;82;49;28m▋[38;2;63;38;17;48;2;51;27;11m▎[38;2;63;33;17;48;2;79;44;26m▌[38;2;95;56;35;48;2;82;47;28m▇[38;2;65;39;18;48;2;91;54;32m▃[38;2;82;48;30;48;2;100;61;41m▖[38;2;120;78;57;48;2;84;50;32m▄[38;2;77;63;47;48;2;126;82;60m▃[38;2;72;73;55;48;2;150;103;77m▃[38;2;68;112;81;48;2;99;104;77m┏[38;2;85;149;108;48;2;85;125;91m▆[38;2;82;146;106;48;2;78;137;99m▊[38;2;50;84;62;48;2;70;123;89m▝[38;2;74;130;94;48;2;52;88;65m▃[38;2;44;72;53;48;2;68;120;87m▂[0m[7m[38;2;41;66;49m▃[0m [38;2;11;13;11m      [0m
 [38;2;0;0;0m [38;2;14;16;14m▝[7m[38;2;50;37;28m▖[0m[38;2;84;102;76;48;2;82;58;42m▗[38;2;88;107;78;48;2;85;52;33m▄[38;2;71;51;33;48;2;63;34;18m▏[38;2;54;29;13;48;2;69;41;19m▆[38;2;62;33;17;48;2;51;29;12m▂[38;2;54;29;13;48;2;74;46;24m▆[38;2;47;25;10;48;2;56;30;14m┛[38;2;70;38;20;48;2;63;33;17m▝[38;2;67;36;20;48;2;81;46;26m▆[38;2;88;55;37;48;2;67;38;22m▝[38;2;57;59;46;48;2;112;76;56m▂[38;2;83;123;91;48;2;90;77;56m▄[38;2;88;155;111;48;2;72;113;81m▅[38;2;87;155;111;48;2;64;113;81m▆[38;2;81;136;100;48;2;85;145;105m╲[38;2;42;69;51;48;2;75;130;94m▗[0m[7m[38;2;49;83;61m▃[38;2;46;75;56m▄[38;2;44;72;54m▄[38;2;25;41;30m▆[0m [38;2;0;0;0m       [0m
  [38;2;59;75;64m▃[38;2;94;124;103;48;2;39;58;44m▅[38;2;105;146;117;48;2;77;119;89m▆[38;2;97;137;108;48;2;73;99;78m▋[38;2;18;20;15;48;2;41;38;29m▗[0m[7m[38;2;35;26;20m▃▃▃▃▃▃[38;2;34;26;21m▃[38;2;29;34;28m▃[38;2;52;79;60m▃[0m[38;2;44;66;50;48;2;85;133;100m▖[38;2;94;136;106;48;2;99;145;113m╺[38;2;51;75;57;48;2;88;118;96m▝[0m[7m[38;2;32;41;34m▝[0m [38;2;6;7;6m           [0m
 [38;2;15;17;15m▝[38;2;23;27;24;48;2;59;73;63m▃[38;2;48;58;50;48;2;97;122;104m▃[38;2;16;18;16;48;2;75;93;80m▁[0m[7m[38;2;54;66;57m▄[0m  [38;2;0;0;0m       [0m [38;2;50;64;58;48;2;11;15;16m▝[38;2;42;52;45;48;2;90;113;97m▃[38;2;45;55;47;48;2;94;117;100m▃[0m[7m[38;2;41;49;43m▃[0m [38;2;8;9;8m           [0m
[?25h