[?25l[0m [38;2;0;0;0m                                           [0m
 [38;2;0;0;0m                                           [0m
 [38;2;0;0;0m                                           [0m
 [38;2;0;0;0m                                           [0m
 [38;2;0;0;0m                                           [0m
 [38;2;0;0;0m                                           [0m
 [38;2;0;0;0m                                           [0m
 [38;2;0;0;0m                                           [0m
 [38;2;0;0;0m                                           [0m
 [38;2;0;0;0m                                           [0m
 [38;2;0;0;0m                                           [0m
 [38;2;0;0;0m                 [0m  [38;2;15;17;15m▃▃▃▃[0m  [38;2;2;2;2m                  [0m
 [38;2;0;0;0m            [0m   [38;2;22;20;17m▗[38;2;38;32;26m▃[38;2;62;46;36m▄[38;2;134;92;70;48;2;56;42;33m▅[38;2;139;94;71;48;2;52;42;34m▆[38;2;125;83;61;48;2;49;39;32m▆▆[38;2;138;93;70;48;2;52;42;34m▆[38;2;132;90;69;48;2;56;42;33m▅[0m[38;2;62;46;37m▄[38;2;54;43;35m▃[38;2;48;35;28m▂[0m  [38;2;1;1;1m              [0m
 [38;2;0;0;0m          [0m  [38;2;30;21;16m▄[38;2;55;38;28;48;2;16;18;16m▄[38;2;64;46;36;48;2;17;17;14m▅[38;2;63;40;26;48;2;39;26;18m▆[38;2;68;41;26;48;2;94;60;43m▍[38;2;137;90;66;48;2;115;75;55m━[38;2;115;74;53;48;2;146;97;72m▃[38;2;101;63;44;48;2;134;88;65m▄[38;2;73;41;25;48;2;108;68;49m▅[38;2;85;51;35;48;2;114;73;53m▆[38;2;92;57;40;48;2;126;83;61m▆[38;2;105;67;48;48;2;128;86;64m▆[38;2;146;97;71;48;2;121;80;58m╺[38;2;153;103;77;48;2;123;84;64m▆[38;2;145;99;75;48;2;101;70;53m▅[38;2;103;72;55;48;2;26;22;19m▄[0m[38;2;50;37;29m▂[0m  [38;2;0;0;0m            [0m
 [38;2;0;0;0m         [0m [38;2;35;29;24m▃[38;2;27;22;18;48;2;66;46;34m▘[38;2;97;63;46;48;2;56;36;26m▅[38;2;103;66;48;48;2;83;50;35m▅[38;2;80;47;32;48;2;103;67;49m▃[38;2;90;58;42;48;2;67;40;22m▘[38;2;62;32;16;48;2;55;30;14m▃[38;2;63;32;16;48;2;82;49;33m▇[38;2;56;30;14;48;2;84;50;35m▇[38;2;80;50;33;48;2;67;39;21m▗[38;2;72;41;25;48;2;93;59;41m▘[38;2;115;75;55;48;2;103;66;48m▝[38;2;81;53;34;48;2;110;72;53m▃[38;2;60;36;18;48;2;99;64;46m▃[38;2;74;43;26;48;2;90;55;38m▅[38;2;137;90;66;48;2;112;72;52m▝[38;2;133;88;65;48;2;152;102;75m▃[38;2;148;98;72;48;2;156;106;79m▂[38;2;148;101;76;48;2;86;62;48m▅[38;2;107;74;57;48;2;35;26;21m▄[0m[38;2;34;29;24m▖[0m      [38;2;0;1;0m      [0m
 [38;2;0;0;0m       [0m  [7m[38;2;14;16;14m▌[0m[38;2;20;23;20;48;2;43;33;26m▍[38;2;68;41;26;48;2;81;52;38m▆[38;2;86;50;32;48;2;101;64;45m▅[38;2;88;51;33;48;2;102;64;45m▄[38;2;79;45;28;48;2;66;35;19m▍[38;2;73;43;23;48;2;57;30;14m▂[38;2;81;49;28m▂[38;2;84;49;30;48;2;64;34;17m▂[38;2;70;38;20;48;2;58;31;15m▃[38;2;69;43;24;48;2;59;32;15m▝[38;2;54;30;13;48;2;82;52;34m▅[38;2;64;34;18;48;2;86;53;37m▅[38;2;75;45;28;48;2;62;34;17m▘[38;2;63;34;17;48;2;56;29;13m▅[38;2;78;44;24;48;2;66;36;19m▂[38;2;67;37;20;48;2;90;56;40m▅[38;2;63;33;17;48;2;102;64;46m▄[38;2;86;51;34;48;2;125;81;59m▅[38;2;124;80;58;48;2;149;99;73m▖[38;2;158;107;80;48;2;140;96;72m▆[38;2;150;103;78;48;2;99;69;53m▅[0m[7m[38;2;59;44;35m▝[0m[38;2;15;17;15m▖[38;2;29;48;36m▗[38;2;46;76;57m▄[38;2;46;74;55;48;2;12;13;12m▄[0m[38;2;33;55;40m▃[0m  [38;2;2;2;2m    [0m
 [38;2;0;0;0m       [0m [7m[38;2;19;21;19m▌[0m[38;2;55;39;29;48;2;26;26;23m▄[38;2;80;50;34;48;2;46;35;27m▄[38;2;70;43;22;48;2;84;51;34m▃[38;2;64;36;17;48;2;82;47;29m▃[38;2;63;33;17;48;2;73;41;23m▆[38;2;55;30;13;48;2;66;35;18m▃[38;2;83;49;29;48;2;98;59;38m▌[38;2;107;65;43;48;2;96;58;38m▇[38;2;105;63;41;48;2;96;57;37m▋[38;2;82;48;28;48;2;63;35;17m▌[38;2;54;29;13;48;2;62;32;16m▖[38;2;75;42;24;48;2;64;33;17m▗[38;2;89;52;33;48;2;66;35;18m▄[38;2;89;52;31;48;2;58;32;14m▄[38;2;92;54;32;48;2;66;38;18m▄[38;2;101;60;39;48;2;90;52;30m▅[38;2;82;48;28;48;2;63;37;17m▌[38;2;91;56;38;48;2;59;33;16m▄[38;2;129;84;61;48;2;88;53;35m▄[38;2;127;82;60;48;2;153;102;76m▘[38;2;130;89;68;48;2;156;106;79m▗[38;2;94;92;69;48;2;146;104;79m▃[38;2;84;133;97;48;2;65;61;47m▄[38;2;74;129;93;48;2;23;29;25m▅[38;2;44;73;54;48;2;77;136;98m▘[38;2;86;152;110;48;2;77;135;98m▇[38;2;57;98;71m▂[38;2;61;106;77;48;2;49;85;62m▇[38;2;56;96;70;48;2;20;27;22m▅[0m[38;2;33;51;38m▂[0m  [38;2;0;0;0m  [0m
 [38;2;0;0;0m       [0m [7m[38;2;20;22;20m▌[0m[38;2;41;32;25;48;2;61;39;27m▍[38;2;72;41;24;48;2;86;51;32m▅[38;2;54;30;13;48;2;69;39;21m▝[38;2;70;38;21;48;2;59;31;15m▂[38;2;77;43;23;48;2;66;35;18m▗[38;2;87;50;29;48;2;65;38;17m▅[38;2;60;36;15;48;2;80;48;26m▗[38;2;58;36;15;48;2;90;54;33m▖[38;2;100;60;39;48;2;91;55;34m▊[38;2;77;46;25;48;2;51;31;11m▌[38;2;48;26;10;48;2;56;30;14m▌[38;2;65;34;18;48;2;79;44;25m▌[38;2;90;51;32;48;2;98;57;36m▍[38;2;67;39;18;48;2;91;53;32m▗[38;2;64;38;19;48;2;93;55;33m▅[38;2;79;47;29;48;2;96;58;39m▖[38;2;120;77;56;48;2;99;60;42m▅[38;2;123;85;62;48;2;107;73;53m▖[38;2;59;63;47;48;2;122;82;61m▄[38;2;55;65;49;48;2;137;94;71m▄[38;2;70;111;81;48;2;108;96;71m▄[38;2;61;97;71;48;2;78;137;99m▘[38;2;92;162;117;48;2;83;147;106m▝[38;2;83;148;106;48;2;92;162;118m▄[38;2;84;148;107;48;2;90;159;115m▅[38;2;77;137;99;48;2;83;147;106m▝[38;2;77;136;98;48;2;56;96;70m▆[38;2;63;110;80;48;2;77;137;99m▘[38;2;76;134;97;48;2;63;110;80m▊[38;2;42;69;51;48;2;19;22;19m▊[0m[38;2;13;15;13m▌[0m [38;2;0;0;0m  [0m
 [38;2;0;0;0m       [0m [38;2;20;22;20m▝[38;2;36;26;20;48;2;59;42;32m▃[38;2;70;48;36;48;2;88;63;45m▖[38;2;94;101;74;48;2;94;57;38m▄[38;2;84;83;60;48;2;81;47;29m▄[38;2;69;44;27;48;2;63;33;17m▏[38;2;53;29;12;48;2;70;41;19m▆[38;2;57;30;14;48;2;49;28;10m▂[48;2;49;28;11m▂[38;2;51;28;12;48;2;72;45;23m▆[38;2;57;30;14;48;2;48;28;11m▂[38;2;48;26;10;48;2;58;30;14m▘[38;2;69;37;20;48;2;64;34;17m▝[38;2;68;37;20;48;2;80;45;26m▆[38;2;73;41;23;48;2;67;37;19m▘[38;2;73;42;26;48;2;94;59;42m▌[38;2;88;66;50;48;2;121;80;58m▂[38;2;85;102;76;48;2;98;70;51m▃[38;2;82;134;98;48;2;76;96;69m▃[38;2;86;154;110;48;2;71;121;87m▅[38;2;87;156;112;48;2;70;124;89m▅[38;2;87;151;110;48;2;77;136;98m▅[38;2;80;134;98;48;2;84;145;105m▗[38;2;60;101;74;48;2;79;140;101m▂[38;2;58;100;73;48;2;80;143;103m▃▃▃[38;2;58;99;73;48;2;80;142;103m▃[38;2;34;58;42;48;2;62;109;79m▗[0m[7m[38;2;39;64;47m▄[0m  [38;2;0;1;0m   [0m
 [38;2;0;0;0m      [0m  [38;2;27;33;28m▂[38;2;58;85;65;48;2;23;32;25m▄[38;2;85;129;98;48;2;52;73;56m▅[38;2;82;124;93;48;2;94;143;108m▘[38;2;82;120;90;48;2;66;86;64m▋[38;2;55;59;45;48;2;46;31;22m▏[38;2;23;25;22;48;2;53;31;20m▂[38;2;20;22;20;48;2;49;30;21m▁▁▁▁▁▁[48;2;49;31;21m▁▁[38;2;23;25;22;48;2;48;31;22m▂[38;2;45;58;46;48;2;31;30;25m▝[38;2;30;39;32;48;2;69;104;78m▃[38;2;62;96;72;48;2;86;141;103m▃[38;2;90;139;104;48;2;93;160;116m▂[38;2;95;149;112;48;2;94;165;118m▄[38;2;69;104;79;48;2;88;143;106m▗[38;2;32;45;35;48;2;66;100;75m▗[0m[7m[38;2;34;49;38m▄[38;2;25;32;26m▅▅▅[38;2;24;31;26m▅[38;2;20;29;23m▇[0m [38;2;0;0;0m     [0m
 [38;2;0;0;0m      [0m [38;2;47;58;50;48;2;20;24;21m▗[38;2;60;77;66;48;2;88;112;96m▘[38;2;110;139;119;48;2;91;122;101m▆[38;2;105;131;112;48;2;112;146;121m▂[38;2;92;115;99;48;2;111;144;120m▂[38;2;50;62;53;48;2;78;101;84m▁[0m[7m[38;2;27;30;23m▗[38;2;13;15;13m▅[0m           [7m[38;2;37;55;42m▅[0m[38;2;21;26;25;48;2;67;93;74m▖[38;2;90;112;97;48;2;104;137;113m▖[38;2;111;139;119;48;2;95;127;104m▆[38;2;70;87;74;48;2;96;120;103m▝[38;2;15;17;15;48;2;43;53;46m▝[0m[38;2;13;15;13m▖          [0m
 [38;2;0;0;0m      [0m [38;2;38;46;40m▝[38;2;31;37;32;48;2;70;87;74m▃[38;2;44;53;46;48;2;86;108;92m▃[38;2;38;47;40;48;2;81;101;86m▃[0m[7m[38;2;52;64;55m▄[38;2;30;36;31m▆[0m  [38;2;0;0;0m           [38;2;5;9;13m▝[38;2;47;60;54;48;2;10;16;17m▝[38;2;18;21;18;48;2;66;83;71m▁[38;2;44;53;46;48;2;87;108;92m▃[38;2;18;21;18;48;2;66;83;71m▁[0m[7m[38;2;35;42;37m▄[0m [38;2;12;13;12m          [0m
[?25h