[?25l[0m [38;2;0;0;0m                               [0m
 [38;2;0;0;0m                               [0m
 [38;2;0;0;0m                               [0m
 [38;2;0;0;0m                               [0m
 [38;2;0;0;0m                               [0m
 [38;2;0;0;0m                               [0m
 [38;2;0;0;0m                               [0m
 [38;2;0;0;0m                               [0m
 [38;2;0;0;0m            [0m      [38;2;0;0;0m             [0m
 [38;2;0;0;0m        [0m   [38;2;39;31;25m▂[38;2;65;48;38m▄[38;2;135;92;70;48;2;25;23;20m▅[38;2;124;83;61;48;2;27;25;21m▅▅[38;2;133;91;69;48;2;26;23;20m▅[0m[38;2;66;48;38m▄[38;2;66;49;39m▂[0m  [38;2;1;1;1m          [0m
 [38;2;0;0;0m      [0m  [38;2;37;27;21m▄[38;2;69;44;31;48;2;18;19;17m▅[38;2;81;55;41;48;2;25;20;16m▆[38;2;91;58;42;48;2;61;37;21m▝[38;2;72;41;24;48;2;125;82;60m▃[38;2;73;41;25;48;2;133;87;64m▃[38;2;77;44;28;48;2;110;70;50m▆[38;2;106;68;50;48;2;89;54;37m▄[38;2;93;58;42;48;2;107;69;50m╸[38;2;95;59;42;48;2;127;83;61m▃[38;2;148;99;74;48;2;121;83;63m▇[38;2;141;96;73;48;2;57;43;34m▅[0m[38;2;70;50;39m▄[0m  [38;2;1;1;1m        [0m
 [38;2;0;0;0m     [0m  [38;2;18;20;18;48;2;48;35;27m▎[38;2;79;46;29;48;2;92;59;43m▃[38;2;92;54;35;48;2;103;65;47m▂[38;2;67;37;20;48;2;87;53;38m▆[38;2;56;31;14;48;2;62;33;17m▄[38;2;73;41;22;48;2;62;32;16m▁[38;2;57;30;14;48;2;64;38;20m▋[38;2;56;33;15;48;2;88;56;38m▃[38;2;67;37;20;48;2;96;61;43m▃[38;2;61;34;17;48;2;86;56;38m▆[38;2;80;47;31;48;2;67;36;20m▝[38;2;72;41;24;48;2;114;74;54m▃[38;2;84;50;33;48;2;140;93;68m▃[38;2;132;87;63;48;2;150;102;76m▖[38;2;141;97;73;48;2;58;43;34m▅[0m[38;2;65;48;38m▄[0m [38;2;36;61;45m▁[38;2;33;49;38m▂[0m  [38;2;1;1;1m   [0m
 [38;2;0;0;0m     [0m [38;2;64;43;31;48;2;24;24;20m▗[38;2;35;31;25;48;2;76;47;31m▘[38;2;60;35;16;48;2;85;50;31m▃[38;2;64;34;17;48;2;80;45;27m▆[38;2;62;34;16;48;2;80;47;27m▋[38;2;102;61;40;48;2;80;48;28m▇[38;2;101;60;39;48;2;89;52;32m▋[38;2;75;43;23;48;2;59;31;15m▎[38;2;74;41;23;48;2;61;32;16m▗[38;2;92;54;34;48;2;64;34;17m▄[38;2;91;54;32;48;2;59;33;15m▄[38;2;100;59;38;48;2;83;47;26m▅[38;2;85;51;33;48;2;63;36;17m▃[38;2;122;79;57;48;2;76;44;27m▄[38;2;124;81;58;48;2;153;103;77m▘[38;2;102;84;64;48;2;158;108;82m▃[38;2;45;46;37;48;2;98;117;86m▝[38;2;77;134;97;48;2;22;28;23m▅[38;2;83;147;106;48;2;59;103;75m▆[38;2;55;94;69;48;2;74;130;94m▗[38;2;60;104;76;48;2;32;53;39m▆[0m[38;2;41;68;50m▄[0m [38;2;10;12;10m  [0m
 [38;2;0;0;0m     [0m [38;2;24;25;22;48;2;58;39;28m▍[38;2;93;60;42;48;2;74;42;25m▃[38;2;89;56;37;48;2;65;35;18m▃[38;2;75;41;22;48;2;66;35;18m▝[38;2;49;28;10;48;2;79;46;24m▂[38;2;51;31;12;48;2;80;49;27m▅[38;2;56;34;14;48;2;93;57;35m▃[38;2;61;37;16;48;2;48;27;10m▎[38;2;61;32;16;48;2;74;41;22m▋[38;2;74;41;23;48;2;92;53;33m▃[38;2;71;42;22;48;2;89;52;31m▇[38;2;121;79;57;48;2;90;54;36m▃[38;2;80;71;52;48;2;115;77;55m▂[38;2;76;123;89;48;2;88;72;54m▃[38;2;50;83;61;48;2;90;106;78m━[38;2;79;137;99;48;2;82;107;78m▆[38;2;80;142;102;48;2;83;147;106m╲[38;2;82;145;105;48;2;89;159;115m▆[38;2;85;150;108;48;2;81;145;104m▘[38;2;80;141;102;48;2;66;115;83m▇[38;2;51;86;63;48;2;75;132;95m▗[0m[7m[38;2;47;79;58m▃[0m[38;2;14;16;14m▘  [0m
 [38;2;0;0;0m     [0m [38;2;49;71;55;48;2;24;26;20m▂[38;2;59;51;39;48;2;81;114;86m▘[38;2;86;127;95;48;2;91;96;70m▆[38;2;66;72;53;48;2;52;32;21m▎[38;2;30;27;23;48;2;56;30;17m▂[48;2;56;30;16m▂▂[48;2;56;31;17m▂[48;2;60;32;18m▂[48;2;61;33;19m▂[38;2;40;28;22;48;2;68;38;22m▄[38;2;34;37;30;48;2;92;68;51m▅[38;2;42;59;46;48;2;79;114;85m▂[38;2;83;134;99;48;2;90;155;112m▖[38;2;93;146;109;48;2;91;161;116m▂[38;2;56;84;64;48;2;85;139;102m▗[0m[7m[38;2;57;91;68m▃[38;2;48;79;59m▄▄[38;2;48;78;58m▄[0m[38;2;32;52;38m▘[0m [38;2;1;1;1m   [0m
 [38;2;0;0;0m    [0m [38;2;19;23;20;48;2;53;67;58m▌[38;2;43;52;46;48;2;95;123;104m▂[38;2;18;20;18;48;2;88;115;95m▁[0m[7m[38;2;53;76;57m▄[0m [7m[38;2;14;16;14m▆▆▆▆▆▆▆▆[38;2;25;32;26m▇[38;2;54;78;61m▄[0m[38;2;19;21;19;48;2;89;116;97m▁[38;2;43;52;45;48;2;96;121;102m▂[0m[38;2;51;63;54m▌[0m [38;2;9;11;9m       [0m
[?25h