[?25l[0m [38;2;0;0;0m                   [0m
 [38;2;0;0;0m                   [0m
 [38;2;0;0;0m                   [0m
 [38;2;0;0;0m                   [0m
 [38;2;0;0;0m                   [0m
 [38;2;0;0;0m     [0m [38;2;37;26;19m▁[38;2;88;62;48m▃[38;2;106;73;55m▅[38;2;104;72;54m▅[38;2;89;63;48m▃[38;2;77;54;41m▁[0m [38;2;0;0;0m      [0m
 [38;2;0;0;0m   [0m [38;2;55;39;29m▄[38;2;89;56;40;48;2;28;24;20m▆[38;2;100;65;46;48;2;64;38;23m╸[38;2;60;31;15;48;2;120;78;56m▅[38;2;76;46;29;48;2;103;64;45m▆[38;2;76;47;29;48;2;98;62;45m▂[38;2;74;43;27;48;2;117;76;55m▄[38;2;99;62;45;48;2;136;91;68m▁[0m[38;2;123;84;64m▅[38;2;63;45;35m▂[0m [38;2;12;14;12m▁[0m [38;2;0;0;0m  [0m
 [38;2;0;0;0m  [0m [38;2;51;37;28m▗[38;2;41;32;25;48;2;74;44;26m▘[38;2;65;35;18;48;2;83;48;29m▅[38;2;84;50;29;48;2;62;35;17m▆[38;2;92;54;34;48;2;69;40;20m▊[38;2;70;38;21;48;2;56;30;14m▗[38;2;92;54;33;48;2;62;33;16m▄[38;2;93;55;34;48;2;71;39;20m▅[38;2;105;67;47;48;2;66;37;19m▄[38;2;92;79;60;48;2;141;95;70m▁[38;2;63;56;44;48;2;108;119;88m▝[38;2;81;142;103;48;2;24;36;27m▅[38;2;70;123;89;48;2;22;24;22m▇[0m[38;2;56;97;70m▅[38;2;13;14;13m▖ [0m
 [38;2;0;0;0m  [0m [38;2;49;36;28m▝[38;2;79;113;85;48;2;85;56;38m▄[38;2;71;87;64;48;2;64;38;22m▖[38;2;50;29;16;48;2;66;40;18m▆[38;2;51;29;16;48;2;77;47;26m▆[38;2;44;29;22;48;2;60;32;16m▂[38;2;57;33;20;48;2;75;42;23m▅[38;2;41;43;33;48;2;97;65;46m▃[38;2;81;129;95;48;2;89;87;63m▅[38;2;88;152;110;48;2;57;97;71m▆[38;2;35;51;39;48;2;76;130;95m▂[38;2;12;14;12;48;2;74;131;94m▃[38;2;12;13;12;48;2;72;128;92m▃[0m[7m[38;2;42;71;52m▄[0m [38;2;1;1;1m [0m
 [38;2;0;0;0m  [7m[38;2;18;20;18m▊[0m[38;2;85;108;93;48;2;69;88;75m┊[38;2;12;14;12;48;2;85;110;92m▁[0m[7m[38;2;41;50;40m▄[38;2;13;15;13m▆▆▆▆▆[0m[38;2;41;60;48m▝[38;2;19;21;19;48;2;86;111;93m▁[0m[7m[38;2;57;70;60m▁[0m [38;2;7;8;7m    [0m
[?25h