[?25l[0m [38;2;0;0;0m                               [0m
 [38;2;0;0;0m                               [0m
 [38;2;0;0;0m                               [0m
 [38;2;0;0;0m                               [0m
 [38;2;0;0;0m                               [0m
 [38;2;0;0;0m                               [0m
 [38;2;0;0;0m                               [0m
 [38;2;0;0;0m                               [0m
 [38;2;0;0;0m          [0m   [38;2;56;42;34m▃[38;2;55;42;34m▃▃[38;2;56;42;34m▃[0m   [38;2;0;0;0m           [0m
 [38;2;0;0;0m       [0m  [38;2;31;27;22m▃[38;2;41;30;24m▄[38;2;71;45;31;48;2;20;21;18m▅[38;2;115;77;57;48;2;47;36;29m▆[38;2;129;84;61;48;2;146;99;74m▂[38;2;85;50;33;48;2;130;86;63m▃[38;2;81;48;32;48;2;129;85;62m▃[38;2;95;59;41;48;2;140;95;71m▃[38;2;116;78;58;48;2;47;36;29m▆[38;2;137;93;71;48;2;26;24;21m▅[0m[38;2;72;52;41m▄[0m  [38;2;0;0;0m         [0m
 [38;2;0;0;0m      [0m [38;2;46;35;27m▃[38;2;79;53;39;48;2;26;20;16m▆[38;2;101;65;47;48;2;71;44;31m▅[38;2;73;41;26;48;2;95;62;45m▃[38;2;60;33;16;48;2;68;42;24m▆[38;2;62;32;16;48;2;99;62;43m▆[38;2;59;33;16;48;2;98;60;42m▆[38;2;90;57;40;48;2;77;44;28m▄[38;2;93;60;42;48;2;105;68;50m▂[38;2;64;39;22;48;2;105;68;49m▃[38;2;78;46;29;48;2;112;72;51m▆[38;2;108;69;50;48;2;137;91;67m▖[38;2;131;86;63;48;2;150;101;76m▁[38;2;142;97;73;48;2;60;44;35m▅[0m[38;2;72;52;41m▄[0m     [38;2;0;0;0m    [0m
 [38;2;0;0;0m     [0m [38;2;24;25;21m▃[38;2;27;26;23;48;2;58;39;28m▍[38;2;74;43;27;48;2;87;52;33m▘[38;2;73;41;23;48;2;96;58;39m▄[38;2;75;42;24;48;2;63;33;17m▚[38;2;97;59;38;48;2;56;31;14m▄[38;2;96;57;37;48;2;65;35;18m▄[38;2;73;41;23;48;2;61;33;16m▖[38;2;58;30;14;48;2;71;45;27m▆[38;2;64;34;17;48;2;78;47;30m▆[38;2;57;30;14;48;2;62;35;16m┪[38;2;89;52;30;48;2;69;37;20m▃[38;2;62;35;16;48;2;89;54;38m▆[38;2;76;44;27;48;2;108;69;49m▆[38;2;124;81;59;48;2;148;99;73m▍[38;2;160;109;82;48;2;131;89;68m▇[38;2;111;79;60;48;2;38;37;30m▌[0m[38;2;39;61;47m▂[38;2;64;112;81;48;2;12;13;12m▅[38;2;70;121;88;48;2;17;19;17m▅[0m[38;2;42;71;52m▄[0m  [38;2;1;1;1m  [0m
 [38;2;0;0;0m     [7m[38;2;12;13;12m▌[0m[38;2;24;25;22;48;2;57;39;28m▍[38;2;84;52;35;48;2;74;43;25m▘[38;2;60;32;15;48;2;73;43;23m▆[38;2;75;42;22;48;2;63;33;16m▗[38;2;54;30;13;48;2;80;47;26m▘[38;2;70;43;21;48;2;100;59;38m▃[38;2;100;60;38;48;2;85;51;30m▊[38;2;71;43;21;48;2;51;28;11m▎[38;2;62;32;16;48;2;78;43;25m▋[38;2;95;55;35;48;2;82;47;28m▇[38;2;67;40;18;48;2;91;53;32m▃[38;2;79;47;28;48;2;99;60;39m▖[38;2;119;77;56;48;2;83;49;31m▄[38;2;73;63;48;48;2;118;77;56m▂[38;2;71;68;52;48;2;150;102;77m▃[38;2;82;106;78;48;2;130;93;71m▆[38;2;84;147;106;48;2;89;121;88m▆[38;2;88;155;112;48;2;69;120;87m▇[38;2;85;150;108;48;2;82;146;105m▊[38;2;55;93;68;48;2;74;131;94m▝[38;2;78;138;99;48;2;66;115;83m▄[38;2;53;92;67;48;2;23;29;25m▊[0m[38;2;12;14;12m▌  [0m
 [38;2;0;0;0m     [0m [38;2;66;45;33;48;2;25;22;18m▝[38;2;80;94;70;48;2;79;55;39m▗[38;2;89;111;82;48;2;87;54;35m▄[38;2;74;59;40;48;2;64;37;20m▏[38;2;55;29;13;48;2;71;42;19m▆[38;2;46;26;10;48;2;56;32;14m┻[38;2;54;30;13;48;2;75;47;25m▆[38;2;60;32;16;48;2;49;28;11m▃[38;2;69;37;20;48;2;62;32;17m▝[38;2;67;36;20;48;2;81;46;26m▆[38;2;67;37;20;48;2;80;49;34m▊[38;2;55;52;40;48;2;111;74;54m▂[38;2;83;118;88;48;2;93;74;54m▄[38;2;87;152;109;48;2;74;110;79m▅[38;2;87;156;112;48;2;63;111;80m▆[38;2;78;138;100;48;2;87;147;107m▘[38;2;51;79;59;48;2;78;136;98m▂[38;2;31;45;35;48;2;75;133;95m▂▂[38;2;30;44;34;48;2;74;131;95m▂[0m[7m[38;2;55;94;68m▃[38;2;31;52;38m▆[0m [38;2;0;1;0m  [0m
 [38;2;0;0;0m    [0m [38;2;56;70;61m▂[38;2;90;118;99;48;2;33;48;37m▅[38;2;105;144;116;48;2;74;113;85m▆[38;2;100;142;112;48;2;80;110;87m▋[38;2;21;22;16;48;2;46;47;36m▗[0m[7m[38;2;36;27;20m▃[38;2;35;26;20m▃▃▃▃▃[38;2;34;26;21m▃[38;2;29;31;26m▃[38;2;49;72;55m▃[0m[38;2;47;66;52;48;2;85;137;101m▃[38;2;95;128;104;48;2;99;149;114m▖[38;2;56;83;64;48;2;91;124;101m▝[0m[7m[38;2;39;50;42m▝[38;2;12;14;12m▆▆▆[0m [38;2;1;1;1m    [0m
 [38;2;0;0;0m    [38;2;12;14;12m▝[38;2;75;94;81;48;2;27;32;28m▝[38;2;47;57;49;48;2;96;120;103m▃[38;2;18;20;18;48;2;78;98;83m▁[0m[7m[38;2;59;73;63m▄[0m  [38;2;0;0;0m       [0m [38;2;37;49;46m▝[38;2;19;21;19;48;2;76;95;82m▁[38;2;46;57;49;48;2;96;119;102m▃[0m[7m[38;2;48;59;51m▃[0m [38;2;11;12;11m       [0m
[?25h