[?25l[0m [38;2;0;0;0m                                           [0m
 [38;2;0;0;0m                                           [0m
 [38;2;0;0;0m                                           [0m
 [38;2;0;0;0m                                           [0m
 [38;2;0;0;0m                                           [0m
 [38;2;0;0;0m                                           [0m
 [38;2;0;0;0m                                           [0m
 [38;2;0;0;0m                                           [0m
 [38;2;0;0;0m                                           [0m
 [38;2;0;0;0m                                           [0m
 [38;2;0;0;0m                                           [0m
 [38;2;0;0;0m                                           [0m
 [38;2;0;0;0m               [0m   [38;2;56;41;33m▂[38;2;54;42;34m▃[38;2;50;39;32m▃▃[38;2;54;42;34m▃[38;2;56;41;33m▂[0m   [38;2;3;4;3m                [0m
 [38;2;0;0;0m           [0m   [38;2;14;14;12m▃[38;2;34;24;17m▄[38;2;66;45;34;48;2;16;18;16m▄[38;2;91;63;48;48;2;34;27;22m▅[38;2;145;98;74;48;2;103;71;54m▆[38;2;149;100;74;48;2;121;82;62m▆[38;2;142;94;68;48;2;117;76;56m━[48;2;116;76;56m━[38;2;157;106;79;48;2;128;86;64m━[38;2;135;91;69;48;2;103;71;55m▆[38;2;93;64;49;48;2;34;27;22m▅[38;2;106;74;57;48;2;16;18;16m▄[0m[38;2;78;55;42m▄[38;2;25;22;18m▁[0m [38;2;3;4;3m              [0m
 [38;2;0;0;0m         [0m  [38;2;23;22;18m▗[38;2;46;30;21;48;2;18;15;13m▄[38;2;71;45;32;48;2;30;28;23m▅[38;2;95;63;47;48;2;38;32;26m▅[38;2;87;57;41;48;2;62;39;24m▖[38;2;107;68;49;48;2;68;40;23m▝[38;2;77;45;28;48;2;127;82;60m▃[38;2;79;46;29;48;2;132;86;63m▃[48;2;114;73;52m▄[38;2;83;50;34;48;2;73;41;24m▗[38;2;104;67;49;48;2;78;46;30m▄[38;2;111;72;53;48;2;85;51;35m▄[38;2;94;59;42;48;2;109;70;51m▘[38;2;96;59;42;48;2;131;86;62m▃[38;2;127;83;60;48;2;153;103;77m▖[38;2;124;85;65;48;2;154;104;78m▝[38;2;135;93;71;48;2;52;40;32m▅[0m[38;2;69;50;39m▄[38;2;30;23;19m▁[0m [38;2;0;0;0m  [0m    [38;2;0;1;0m      [0m
 [38;2;0;0;0m         [38;2;13;14;13m▗[38;2;53;39;30;48;2;23;21;17m▗[38;2;55;38;29;48;2;80;52;38m▘[38;2;103;66;48;48;2;78;51;38m▆[38;2;113;73;53;48;2;99;63;45m▖[38;2;66;35;18;48;2;91;56;40m▗[38;2;81;50;33;48;2;63;34;18m▘[38;2;61;31;16;48;2;55;29;13m▆[38;2;63;33;17;48;2;61;31;16m▊[38;2;47;26;10;48;2;56;29;13m╺[38;2;63;38;19;48;2;76;47;30m▌[38;2;79;50;33;48;2;92;58;40m▁[38;2;90;57;40;48;2;105;68;49m▃[38;2;72;45;27;48;2;99;65;46m▄[38;2;56;32;15;48;2;89;57;40m▅[38;2;69;38;22;48;2;84;50;34m▊[38;2;127;83;61;48;2;101;64;46m▝[38;2;115;74;54;48;2;142;94;70m▃[38;2;127;83;60;48;2;152;102;76m▂[38;2;156;106;79;48;2;122;84;64m▆[38;2;129;88;67;48;2;72;50;39m▅[0m[38;2;70;50;39m▄[0m  [38;2;29;48;36m▗[38;2;46;76;57m▄[38;2;46;74;55;48;2;12;13;12m▄[0m[38;2;33;55;40m▃[0m  [38;2;2;2;2m    [0m
 [38;2;0;0;0m       [0m [38;2;13;14;13m▂[7m[38;2;17;19;17m▘[0m[38;2;23;25;22;48;2;48;35;26m▌[38;2;83;50;34;48;2;67;40;25m▃[38;2;94;56;37;48;2;85;49;31m▝[38;2;77;43;25;48;2;95;57;38m▄[38;2;77;43;26;48;2;67;36;19m▘[38;2;83;49;29;48;2;56;31;14m▄[38;2;94;57;36m▄[38;2;94;56;36;48;2;66;35;18m▄[38;2;81;46;28;48;2;65;35;18m▖[38;2;55;29;13;48;2;60;33;16m╺[38;2;56;30;14;48;2;70;44;25m▇[38;2;62;32;16;48;2;73;43;25m▆[38;2;57;30;14;48;2;65;35;19m▄[38;2;71;41;20;48;2;60;32;15m▗[38;2;85;48;27;48;2;67;36;19m▄[38;2;65;36;17;48;2;77;45;29m▆[38;2;59;32;15;48;2;86;52;36m▆[38;2;74;42;25;48;2;100;62;44m▌[38;2;126;82;59;48;2;146;96;71m▌[38;2;156;105;78;48;2;163;111;83m▌[38;2;157;107;82;48;2;125;87;66m▊[38;2;97;68;53;48;2;41;44;35m▍[38;2;61;103;76;48;2;21;26;22m▅[38;2;44;73;54;48;2;77;136;98m▘[38;2;86;152;110;48;2;77;135;98m▇[38;2;57;98;71m▂[38;2;61;106;77;48;2;49;85;62m▇[38;2;56;96;70;48;2;20;27;22m▅[0m[38;2;33;51;38m▂[0m  [38;2;0;0;0m  [0m
 [38;2;0;0;0m       [0m [7m[38;2;20;22;20m▌[0m[38;2;74;47;33;48;2;46;35;27m▗[38;2;86;52;34;48;2;62;42;30m▅[38;2;53;32;13;48;2;78;47;28m▗[38;2;57;31;14;48;2;76;43;24m▄[38;2;64;33;17;48;2;61;32;15m▋[38;2;57;31;14;48;2;67;39;19m▊[38;2;81;48;28;48;2;97;58;38m▌[38;2;98;58;38;48;2;107;65;42m▂[38;2;105;62;40;48;2;95;56;35m▋[38;2;80;47;26;48;2;58;33;15m▌[38;2;49;26;10;48;2;59;31;15m▖[38;2;80;45;26;48;2;67;35;19m▗[38;2;96;56;37;48;2;75;42;24m▅[38;2;96;56;35;48;2;70;40;20m▅[38;2;96;57;35;48;2;76;45;23m▅[38;2;103;62;41;48;2;98;57;36m▅[38;2;63;37;17;48;2;88;52;33m▝[38;2;102;65;46;48;2;71;43;25m▅[38;2;135;89;66;48;2;105;66;47m▅[38;2;140;92;68;48;2;155;105;79m▘[38;2;106;84;63;48;2;146;101;76m▗[38;2;69;96;71;48;2;129;101;76m▄[38;2;88;149;108;48;2;78;100;74m▅[38;2;77;135;98;48;2;87;154;111m▘[38;2;84;148;107;48;2;90;159;115m▅[38;2;77;137;99;48;2;83;147;106m▝[38;2;77;136;98;48;2;56;96;70m▆[38;2;63;110;80;48;2;77;137;99m▘[38;2;76;134;97;48;2;63;110;80m▊[38;2;42;69;51;48;2;19;22;19m▊[0m[38;2;13;15;13m▌[0m [38;2;0;0;0m  [0m
 [38;2;0;0;0m       [0m [7m[38;2;20;22;20m▌[0m[38;2;40;32;25;48;2;60;39;27m▍[38;2;86;53;37;48;2;72;41;23m▃[38;2;87;51;33;48;2;66;36;19m▃[38;2;77;43;25;48;2;64;33;17m▃[38;2;78;43;24;48;2;68;37;19m╺[38;2;67;39;17;48;2;85;49;27m▂[38;2;51;30;11;48;2;71;43;20m▗[38;2;89;54;33;48;2;62;38;17m▝[38;2;74;46;24;48;2;99;60;39m▃[38;2;71;44;22;48;2;49;30;11m▌[38;2;48;26;10;48;2;56;30;14m▌[38;2;64;34;18;48;2;76;42;23m▌[38;2;81;45;26;48;2;95;55;34m▃[38;2;89;52;31;48;2;73;42;21m▘[38;2;87;54;36;48;2;66;39;19m▗[38;2;114;73;53;48;2;87;52;34m▃[38;2;128;83;60;48;2;112;73;52m┕[38;2;90;89;64;48;2;113;77;57m▃[38;2;68;112;81;48;2;74;62;48m▃[38;2;39;62;47;48;2;82;92;68m━[38;2;57;99;72;48;2;80;118;86m╸[38;2;81;144;104;48;2;73;126;91m▆[38;2;81;145;104;48;2;85;150;108m▅[38;2;66;115;83;48;2;81;143;103m▂[38;2;58;100;73;48;2;80;143;103m▃▃[38;2;58;99;73;48;2;80;142;103m▃[38;2;34;58;42;48;2;62;109;79m▗[0m[7m[38;2;39;64;47m▄[0m  [38;2;0;1;0m   [0m
 [38;2;0;0;0m       [0m [7m[38;2;13;15;13m▅[38;2;54;38;29m▄[0m[38;2;44;43;34;48;2;81;69;51m▖[38;2;89;119;88;48;2;98;73;51m▅[38;2;88;117;87;48;2;81;72;51m▖[38;2;69;50;34;48;2;62;33;17m▏[38;2;61;32;17;48;2;51;28;11m▄[38;2;61;32;16;48;2;47;26;10m▄▄[48;2;48;27;10m▄[48;2;47;26;10m▄[38;2;52;27;12;48;2;60;31;16m▘[38;2;66;35;18;48;2;64;33;18m▝[38;2;64;34;18;48;2;68;37;20m▄[38;2;63;33;18m▃[38;2;101;64;46;48;2;68;39;25m▝[38;2;52;50;39;48;2;115;79;58m▃[38;2;82;111;83;48;2;90;73;53m▅[38;2;87;144;105;48;2;68;104;75m▅[38;2;91;163;117;48;2;82;145;104m▅[38;2;91;164;117;48;2;83;148;106m▅[38;2;91;155;113;48;2;84;147;106m▅[38;2;76;120;89;48;2;85;143;104m▗[38;2;41;62;47;48;2;71;124;89m▃[0m[7m[38;2;46;79;57m▄[38;2;25;32;26m▅▅[38;2;24;31;26m▅[38;2;20;29;23m▇[0m [38;2;0;0;0m     [0m
 [38;2;0;0;0m      [0m [38;2;20;25;21m▁[38;2;49;62;54m▄[38;2;78;108;87;48;2;38;57;43m▅[38;2;97;141;110;48;2;72;111;83m▅[38;2;81;118;91;48;2;91;140;105m▂[38;2;42;62;46;48;2;68;100;75m▁[38;2;13;17;14;48;2;39;32;25m▂[38;2;12;14;12;48;2;37;27;21m▂▂▂▂▂▂▂▂▂[48;2;34;27;22m▂[38;2;14;16;14;48;2;30;34;29m▃[48;2;48;69;53m▃[38;2;43;64;49;48;2;74;116;87m▃[38;2;75;111;85;48;2;91;148;109m▂[38;2;100;141;111;48;2;94;154;113m▃[38;2;65;97;74;48;2;87;130;100m╺[38;2;30;39;32;48;2;61;84;67m╼[0m[38;2;26;36;29m▌[0m [38;2;2;2;2m          [0m
 [38;2;0;0;0m      [0m [38;2;41;50;44m▝[38;2;36;45;39;48;2;82;105;90m▃[38;2;41;50;43;48;2;100;127;109m▂[38;2;47;57;49;48;2;100;126;107m▃[0m[7m[38;2;60;76;61m▄[38;2;27;37;27m▆[0m             [7m[38;2;25;37;28m▇[38;2;47;62;51m▄[0m[38;2;42;52;45;48;2;95;120;102m▃[38;2;41;49;43;48;2;102;127;109m▂[38;2;18;21;18;48;2;81;100;86m▁[0m[38;2;56;69;59m▘[0m [38;2;10;12;10m          [0m
[?25h