[?25l[0m [38;2;0;0;0m                   [0m
 [38;2;0;0;0m                   [0m
 [38;2;0;0;0m                   [0m
 [38;2;0;0;0m                   [0m
 [38;2;0;0;0m                   [0m
 [38;2;0;0;0m      [0m [38;2;46;34;27m▁[38;2;57;43;34m▃[38;2;77;56;43m▂[38;2;46;34;27m▁[0m [38;2;6;6;6m       [0m
 [38;2;0;0;0m   [0m [38;2;38;28;22m▂[38;2;64;43;32m▅[38;2;68;43;29;48;2;19;17;14m▆[38;2;135;91;68;48;2;82;51;35m▝[38;2;83;50;32;48;2;139;92;68m▅[38;2;99;62;44;48;2;143;96;71m▆[38;2;89;55;38;48;2;110;74;55m▂[38;2;134;91;68;48;2;32;26;21m▆[0m[38;2;91;64;49m▃[0m [38;2;0;0;0m     [0m
 [38;2;0;0;0m  [0m [38;2;32;26;21m▁[38;2;41;33;26;48;2;76;47;31m▍[38;2;71;39;21;48;2;97;60;41m▄[38;2;99;60;39;48;2;65;36;18m▗[38;2;92;55;34;48;2;62;33;16m▄[38;2;61;33;16;48;2;78;50;32m▆[38;2;92;54;34;48;2;69;40;22m▁[38;2;90;53;31;48;2;68;38;20m▃[38;2;75;44;27;48;2;122;79;58m▆[38;2;126;82;60;48;2;150;101;75m▎[38;2;34;27;22;48;2;106;87;66m▝[0m[38;2;57;96;71m▄[38;2;67;117;85m▅[38;2;41;68;50m▃[0m [38;2;6;6;6m [0m
 [38;2;0;0;0m  [0m [7m[38;2;45;33;25m▌[0m[38;2;79;87;64;48;2;79;47;29m▂[38;2;70;59;39;48;2;68;39;21m▁[38;2;53;29;12;48;2;77;46;24m▄[38;2;54;31;13;48;2;86;52;30m▄[38;2;52;28;12;48;2;68;36;19m▌[38;2;70;39;21;48;2;92;54;33m▅[38;2;82;50;32;48;2;101;69;49m▍[38;2;81;126;92;48;2;102;78;57m▃[38;2;84;149;107;48;2;96;89;67m▄[38;2;69;109;81;48;2;80;138;100m▁[38;2;53;88;65;48;2;85;150;108m▂[38;2;39;61;46;48;2;74;130;94m▁[0m[7m[38;2;60;105;76m▃[0m[38;2;14;15;14m▘ [0m
 [38;2;0;0;0m  [38;2;17;20;17m╶[38;2;62;80;68m▆[38;2;12;14;12;48;2;78;111;87m▁[0m[7m[38;2;47;53;40m▄[38;2;35;26;19m▄▄▄▄[38;2;36;38;30m▅[38;2;66;104;77m▄[0m[38;2;19;21;19;48;2;90;129;102m▁[0m[38;2;60;79;65m▋[7m[38;2;17;20;17m▇[38;2;12;14;12m▆[0m [38;2;0;0;0m  [0m
[?25h