[?25l[0m [38;2;0;0;0m                   [0m
 [38;2;0;0;0m                   [0m
 [38;2;0;0;0m                   [0m
 [38;2;0;0;0m               [0m [38;2;175;175;175m╼[38;2;135;135;135m▖ [0m
 [38;2;0;0;0m             [0m [38;2;163;163;163m▃[0m [7m[38;2;148;148;148m▃[0m[38;2;113;113;113m╸ [0m
 [38;2;0;0;0m             [38;2;136;136;136m▗[7m[38;2;114;114;114m▚[0m [38;2;105;105;105m   [0m
 [38;2;0;0;0m  [0m [38;2;21;18;15m▁[38;2;73;50;37m▂[38;2;110;76;58m▅[38;2;102;69;52m▅[38;2;115;79;60m▅[38;2;86;59;45m▄[0m [38;2;1;1;1m [38;2;137;137;137m╺[38;2;186;186;186m┓[7m[38;2;113;113;113m▇[38;2;183;183;183m▆[0m [38;2;15;15;15m   [0m
 [38;2;0;0;0m [38;2;41;32;25m▗[38;2;87;56;40;48;2;24;18;14m▅[38;2;83;51;36;48;2;32;28;23m▇[38;2;62;34;17;48;2;102;64;44m▆[38;2;66;38;21;48;2;123;80;58m▆[38;2;110;72;52;48;2;84;51;34m╺[38;2;62;35;18;48;2;100;63;45m▃[38;2;83;50;33;48;2;131;87;64m▖[38;2;136;91;68;48;2;59;43;34m▆[0m[38;2;95;66;51m▄[38;2;162;162;162m▝[38;2;156;156;156m▘[0m [38;2;8;9;8m     [0m
 [7m[38;2;14;15;14m▋[0m[38;2;23;23;19;48;2;62;41;28m▘[38;2;62;34;16;48;2;81;47;29m▄[38;2;62;32;16;48;2;75;43;23m┛[38;2;97;58;37;48;2;63;37;17m▇[38;2;78;46;26;48;2;57;30;14m▍[38;2;97;57;37;48;2;66;36;19m▗[38;2;86;51;30;48;2;65;35;17m▅[38;2;106;66;46;48;2;73;42;23m▃[38;2;77;44;28;48;2;123;82;61m▘[38;2;87;107;79;48;2;147;103;78m▃[38;2;83;143;103;48;2;34;31;26m▅[38;2;71;125;91;48;2;33;52;39m▇[38;2;66;116;84;48;2;29;47;35m▆[0m[38;2;46;77;57m▖[0m [38;2;0;0;0m   [0m
 [7m[38;2;11;13;11m▋[0m[38;2;75;108;81;48;2;60;50;37m▗[38;2;90;135;101;48;2;75;62;42m▖[38;2;49;29;17;48;2;72;42;20m▆[38;2;49;30;17;48;2;72;44;24m▇[38;2;60;31;16;48;2;48;30;17m╼[38;2;35;29;23;48;2;68;37;20m▂[38;2;98;62;44;48;2;53;34;22m▝[38;2;33;43;35;48;2;86;90;66m▁[38;2;89;153;111;48;2;64;99;72m▆[38;2;57;88;66;48;2;82;140;102m▂[0m[7m[38;2;72;126;91m▃[38;2;71;124;90m▃[38;2;60;103;75m▄[38;2;24;38;29m▇[0m[38;2;3;4;3m    [0m
[?25h