[?25l[0m [38;2;0;0;0m                               [0m
 [38;2;0;0;0m                               [0m
 [38;2;0;0;0m                               [0m
 [38;2;0;0;0m                               [0m
 [38;2;0;0;0m                               [0m
 [38;2;0;0;0m                         [0m [38;2;153;153;153m▗[38;2;175;175;175m▅[38;2;127;127;127m▖  [0m
 [38;2;0;0;0m                         [0m [38;2;178;178;178m▗[7m[38;2;154;154;154m▚[0m[38;2;115;115;115m▘  [0m
 [38;2;0;0;0m                     [0m [38;2;127;127;127m▄[38;2;170;170;170m▄[38;2;184;184;184m▄[0m [38;2;172;172;172m▝[7m[38;2;175;175;175m▄[0m [38;2;103;103;103m  [0m
 [38;2;0;0;0m                     [0m  [38;2;125;125;125m▄[7m[38;2;134;134;134m▗[0m [38;2;105;105;105m     [0m
 [38;2;0;0;0m        [0m       [38;2;0;0;0m   [0m    [7m[38;2;174;174;174m▍[0m[38;2;179;179;179m▄[38;2;164;164;164m▄[0m [38;2;89;89;89m     [0m
 [38;2;0;0;0m    [0m   [38;2;36;31;25m▂[38;2;71;51;40m▄[38;2;134;92;70;48;2;21;21;18m▅[38;2;121;81;60;48;2;21;22;19m▅[38;2;124;83;62m▅[38;2;137;94;71;48;2;22;22;19m▅[38;2;114;77;57;48;2;18;18;16m▅[0m[38;2;57;42;33m▃[0m  [38;2;0;0;0m [0m [7m[38;2;129;129;129m▃[0m[38;2;176;176;176m▇[0m     [38;2;2;2;2m     [0m
 [38;2;0;0;0m  [0m  [38;2;39;28;21m▄[38;2;71;46;33;48;2;16;18;16m▅[38;2;78;52;38;48;2;27;21;16m▆[38;2;98;63;46;48;2;64;38;22m▝[38;2;77;44;27;48;2;128;84;62m▃[38;2;76;43;27;48;2;132;86;63m▃[38;2;77;45;28;48;2;110;70;51m▆[38;2;111;72;53;48;2;93;57;40m▃[38;2;98;62;44;48;2;112;73;53m━[38;2;99;62;44;48;2;138;91;67m▃[38;2;149;100;75;48;2;116;80;60m▇[38;2;133;91;69;48;2;42;32;26m▅[0m[38;2;63;47;37m▃[0m  [7m[38;2;176;176;176m▍[0m[38;2;178;178;178m▃[0m [38;2;68;68;68m         [0m
 [38;2;0;0;0m [0m [7m[38;2;12;13;12m▌[0m[38;2;29;25;21;48;2;52;37;28m▘[38;2;83;49;31;48;2;94;61;44m▃[38;2;88;52;34;48;2;102;64;46m▗[38;2;65;35;19;48;2;86;53;37m▆[38;2;53;30;12;48;2;60;32;16m▖[38;2;70;39;21;48;2;61;32;16m▁[38;2;69;43;24;48;2;57;32;15m▝[38;2;59;35;17;48;2;90;57;40m▃[38;2;72;42;25;48;2;99;64;45m▄[38;2;60;33;16;48;2;87;56;39m▆[38;2;88;53;37;48;2;68;37;20m▝[38;2;75;43;27;48;2;119;78;57m▃[38;2;91;55;38;48;2;144;95;71m▃[38;2;149;100;75;48;2;118;81;62m▇[38;2;133;91;69;48;2;45;34;27m▅[0m[38;2;58;43;34m▃[0m  [38;2;30;43;34m▂[0m  [38;2;0;0;0m       [0m
 [38;2;0;0;0m [7m[38;2;12;14;12m▌[0m[38;2;52;38;29;48;2;21;22;19m▄[38;2;40;33;26;48;2;77;47;31m▘[38;2;60;35;16;48;2;85;49;31m▃[38;2;63;33;17;48;2;80;45;27m▆[38;2;62;34;16;48;2;82;48;29m▌[38;2;105;63;41;48;2;85;52;31m▆[38;2;99;59;38;48;2;84;49;29m▋[38;2;69;40;20;48;2;58;31;15m▎[38;2;78;43;25;48;2;61;32;16m▗[38;2;96;56;36;48;2;66;36;19m▃[38;2;95;56;35;48;2;64;36;17m▃[38;2;99;59;37;48;2;82;46;26m▅[38;2;85;51;33;48;2;61;35;16m▃[38;2;125;82;59;48;2;81;48;30m▄[38;2;131;85;62;48;2;154;104;77m▘[38;2;99;86;64;48;2;157;108;82m▃[38;2;32;38;31;48;2;92;115;85m▝[38;2;74;129;94;48;2;23;32;25m▅[38;2;72;128;92;48;2;53;92;67m▇[38;2;54;95;69;48;2;70;124;90m▂[38;2;63;110;80;48;2;30;48;36m▅[0m[38;2;38;62;46m▃[0m [38;2;8;9;8m      [0m
 [38;2;0;0;0m [7m[38;2;14;16;14m▌[0m[38;2;31;29;24;48;2;64;42;29m▍[38;2;94;59;41;48;2;73;42;24m▃[38;2;86;52;33;48;2;64;34;17m▃[38;2;76;43;23;48;2;66;36;18m▝[38;2;48;29;10;48;2;78;46;24m▂[38;2;53;32;13;48;2;84;51;30m▅[38;2;56;35;15;48;2;92;56;34m▃[38;2;59;36;15;48;2;49;27;11m▏[38;2;81;45;26;48;2;65;34;18m▝[38;2;74;41;23;48;2;93;54;33m▃[38;2;87;54;36;48;2;70;41;21m▗[38;2;121;79;58;48;2;93;56;38m▃[38;2;77;72;52;48;2;115;78;56m▂[38;2;75;124;90;48;2;86;71;53m▃[38;2;49;80;59;48;2;92;108;79m━[38;2;79;139;100;48;2;78;108;79m▆[38;2;87;154;111;48;2;82;145;104m▝[38;2;82;146;105;48;2;89;157;114m▆[38;2;81;144;104;48;2;71;126;91m▆[38;2;80;143;103;48;2;66;118;85m▆[38;2;48;80;59;48;2;75;132;95m▂[0m[7m[38;2;39;64;47m▂[0m [38;2;11;13;11m      [0m
 [38;2;0;0;0m [0m [38;2;52;77;59;48;2;29;30;23m▂[38;2;65;58;44;48;2;83;118;88m▘[38;2;91;126;93;48;2;75;92;68m▋[38;2;35;35;29;48;2;60;37;23m▂[38;2;32;28;24;48;2;56;30;16m▂▂▂[48;2;57;31;16m▂[48;2;60;33;18m▂[38;2;38;29;23;48;2;64;34;19m▃[38;2;48;31;22;48;2;77;44;28m▆[38;2;37;43;35;48;2;96;74;55m▅[38;2;49;71;55;48;2;80;120;89m▂[38;2;85;142;104;48;2;91;157;114m▎[38;2;91;140;105;48;2;91;158;114m▁[38;2;48;72;55;48;2;84;136;100m▂[0m[7m[38;2;54;88;66m▃[38;2;50;84;62m▄▄[38;2;49;81;59m▄[38;2;29;46;35m▆[0m [38;2;1;1;1m       [0m
[?25h