[?25l[0m [38;2;0;0;0m                   [0m
 [38;2;0;0;0m                   [0m
 [38;2;0;0;0m                   [0m
 [38;2;0;0;0m                   [0m
 [38;2;0;0;0m             [0m   [38;2;27;27;27m   [0m
 [38;2;0;0;0m             [0m [7m[38;2;168;168;168m▅[0m[38;2;152;152;152m▘   [0m
 [38;2;0;0;0m   [0m  [38;2;66;48;38m▃[38;2;69;50;39m▃[38;2;76;55;43m▃[38;2;54;38;29m▁[0m [38;2;0;0;0m [0m [38;2;159;159;159m▃[38;2;178;178;178m▝[7m[38;2;126;126;126m▃[0m[38;2;131;131;131m╸   [0m
 [38;2;0;0;0m [38;2;22;18;15m▁[38;2;60;40;29m▄[38;2;73;49;36m▆[38;2;116;75;54;48;2;65;41;26m╺[38;2;75;44;27;48;2;140;93;69m▄[38;2;91;56;39;48;2;136;89;65m▆[38;2;101;64;46;48;2;153;103;77m▆[38;2;131;87;64;48;2;75;53;41m▇[0m[38;2;117;80;61m▅[38;2;62;45;36m▁[7m[38;2;121;121;121m▋[0m[38;2;129;129;129m▋[0m [38;2;19;19;19m     [0m
 [38;2;14;15;14m▗[7m[38;2;50;36;27m▘[0m[38;2;77;45;27;48;2;99;63;45m▆[38;2;81;47;29;48;2;62;33;16m▚[38;2;103;62;40;48;2;63;34;17m▄[38;2;77;44;25;48;2;61;33;17m▖[38;2;68;37;20;48;2;88;56;38m▆[38;2;93;55;33;48;2;64;35;18m▂[38;2;74;43;24;48;2;94;59;41m▆[38;2;99;62;42;48;2;141;93;69m▌[38;2;141;100;75;48;2;96;67;52m▇[38;2;71;113;83;48;2;22;19;16m▃[0m[38;2;67;117;85m▅[38;2;52;90;65m▅[38;2;27;43;32m▁    [0m
 [7m[38;2;17;19;17m▋[0m[38;2;78;66;49;48;2;60;40;28m▗[38;2;83;87;63;48;2;69;38;21m▃[38;2;58;31;14;48;2;76;44;23m▄[38;2;57;32;14;48;2;89;53;32m▅[38;2;68;41;20;48;2;54;29;13m▘[38;2;94;54;34;48;2;69;37;20m▝[38;2;100;63;44;48;2;75;44;26m╺[38;2;81;111;83;48;2;105;74;54m▂[38;2;85;151;108;48;2;87;77;58m▄[38;2;86;105;77;48;2;82;141;102m▘[38;2;44;69;52;48;2;83;147;106m▂[38;2;24;27;24;48;2;74;131;95m▁[0m[7m[38;2;63;111;80m▁[0m[38;2;45;75;55m▘[0m [38;2;0;0;0m   [0m
[?25h