[?25l[0m [38;2;0;0;0m                                           [0m
 [38;2;0;0;0m                                           [0m
 [38;2;0;0;0m                                           [0m
 [38;2;0;0;0m                                           [0m
 [38;2;0;0;0m                                           [0m
 [38;2;0;0;0m                                           [0m
 [38;2;0;0;0m                                           [0m
 [38;2;0;0;0m                                           [0m
 [38;2;0;0;0m                                           [0m
 [38;2;0;0;0m                                           [0m
 [38;2;0;0;0m                              [0m      [38;2;23;23;23m       [0m
 [38;2;0;0;0m                              [0m [7m[38;2;150;150;150m▃[38;2;173;173;173m▃[0m[38;2;112;112;112;48;2;175;175;175m▂[38;2;191;191;191;48;2;134;134;134m▆[0m [38;2;88;88;88m       [0m
 [38;2;0;0;0m                              [0m  [38;2;121;121;121m▄[7m[38;2;136;136;136m▚[38;2;138;138;138m▄[0m [38;2;70;70;70m       [0m
 [38;2;0;0;0m                              [0m [38;2;184;184;184;48;2;113;113;113m▅[0m[7m[38;2;130;130;130m┕[0m[38;2;128;128;128m▂[0m  [38;2;38;38;38m       [0m
 [38;2;0;0;0m         [0m   [38;2;30;23;19m▁[38;2;39;33;28m▂[38;2;30;28;24m▃[38;2;30;28;23m▃[38;2;37;33;28m▂[38;2;39;34;29m▂[38;2;30;28;24m▃[38;2;21;18;15m▂[0m [38;2;0;0;0m     [0m [38;2;165;165;165m▄[38;2;173;173;173m▄[38;2;119;119;119m▖[0m [7m[38;2;165;165;165m▄[38;2;185;185;185m▄[38;2;182;182;182m▄[38;2;163;163;163m▄[0m [38;2;78;78;78m       [0m
 [38;2;0;0;0m      [0m   [38;2;25;19;15m▗[38;2;43;33;25m▄[38;2;68;49;38;48;2;15;15;13m▄[38;2;125;85;65;48;2;72;50;39m▅[38;2;153;104;78;48;2;103;72;55m▆[38;2;134;88;65;48;2;94;64;49m▆[38;2;129;84;62;48;2;92;62;47m▆[38;2;137;91;68;48;2;97;67;51m▆[38;2;150;102;77;48;2;105;73;56m▆[38;2;143;95;70;48;2;96;66;50m▆[38;2;119;79;59;48;2;66;45;34m▅[0m[38;2;74;53;41m▄[0m  [38;2;5;5;5m   [0m [7m[38;2;150;150;150m▆[0m[38;2;132;132;132;48;2;190;190;190m▃[0m[38;2;132;132;132m▌[0m [38;2;18;18;18m            [0m
 [38;2;0;0;0m    [0m  [38;2;29;22;17m▄[38;2;54;34;24;48;2;19;20;18m▅[38;2;81;54;41;48;2;23;23;20m▅[38;2;80;53;38;48;2;42;29;21m▅[38;2;89;55;39;48;2;64;38;21m▝[38;2;78;47;30;48;2;117;76;55m▂[38;2;94;57;39;48;2;137;90;66m▃[38;2;88;53;36;48;2;131;85;62m▃[38;2;75;43;26;48;2;103;65;46m▆[38;2;97;61;45;48;2;82;49;32m▗[38;2;109;71;52;48;2;88;53;37m▃[38;2;93;57;40;48;2;106;68;49m▘[38;2;103;65;46;48;2;129;84;61m▃[38;2;126;82;60;48;2;150;101;75m▃[38;2;136;93;71;48;2;155;105;79m▝[38;2;135;92;70;48;2;63;47;37m▅[0m[38;2;86;60;46m▄[38;2;19;19;17m▁[0m [38;2;2;3;2m [7m[38;2;117;117;117m▌[0m[38;2;196;196;196;48;2;145;145;145m▆[0m[38;2;175;175;175m▃[0m  [38;2;8;8;8m            [0m
 [38;2;0;0;0m   [0m [38;2;30;28;23m▗[38;2;31;24;18;48;2;64;44;33m▘[38;2;98;64;46;48;2;66;45;33m▅[38;2;109;71;52;48;2;85;53;37m▅[38;2;78;46;30;48;2;99;63;45m▗[38;2;66;36;19;48;2;88;56;39m▄[38;2;64;36;19;48;2;57;30;14m▎[38;2;59;31;15;48;2;63;33;17m▘[38;2;53;28;12;48;2;60;31;15m▗[38;2;54;30;13;48;2;68;41;22m▌[38;2;88;55;38;48;2;74;43;26m▆[38;2;108;70;51;48;2;97;62;44m▝[38;2;87;56;38;48;2;110;72;52m▄[38;2;58;35;17;48;2;98;64;46m▄[38;2;64;35;19;48;2;82;50;34m▅[38;2;117;76;55;48;2;92;57;40m▝[38;2;117;76;56;48;2;139;92;68m▃[38;2;134;88;64;48;2;157;106;79m▃[38;2;127;87;66;48;2;153;103;77m▝[38;2;140;96;73;48;2;73;52;40m▅[0m[38;2;72;52;41m▄[0m  [7m[38;2;155;155;155m▅[38;2;161;161;161m▅[0m   [38;2;0;0;0m           [0m
 [38;2;0;0;0m  [0m [38;2;14;16;14m▃[38;2;18;21;18;48;2;32;29;24m▋[38;2;54;37;26;48;2;70;42;27m▌[38;2;77;43;25;48;2;86;51;33m┑[38;2;84;49;30;48;2;101;62;42m▄[38;2;88;52;35;48;2;72;40;22m▘[38;2;74;42;24;48;2;60;32;15m▃[38;2;88;53;33;48;2;54;30;13m▃[38;2;92;55;35;48;2;64;34;17m▃[38;2;81;46;28m▃[38;2;65;34;18;48;2;60;32;16m▖[38;2;54;30;13;48;2;71;45;26m▆[38;2;60;32;16;48;2;78;48;32m▆[38;2;63;33;17;48;2;75;44;27m▆[38;2;56;29;13;48;2;61;33;16m▖[38;2;79;45;24;48;2;65;34;18m▃[38;2;71;39;21;48;2;78;45;30m▆[38;2;59;31;15;48;2;88;54;37m▅[38;2;71;40;23;48;2;106;67;48m▆[38;2;113;72;52;48;2;136;89;65m▌[38;2;149;99;72;48;2;155;104;78m▖[38;2;164;112;85;48;2;134;92;69m▆[38;2;111;77;59;48;2;54;41;33m▋[0m[7m[38;2;17;19;17m▝[0m[38;2;31;52;38m▗[38;2;58;101;74;48;2;16;20;17m▄[38;2;65;113;82;48;2;20;25;21m▄[38;2;51;87;63;48;2;15;19;16m▄[0m[38;2;27;44;33m▖[0m [38;2;6;7;6m          [0m
 [38;2;0;0;0m [0m [7m[38;2;14;16;14m▌[0m[38;2;57;40;29;48;2;28;27;23m▗[38;2;81;50;35;48;2;42;34;26m▅[38;2;69;43;26;48;2;82;50;32m▚[38;2;57;33;14;48;2;85;50;31m▄[38;2;72;40;22;48;2;63;33;17m▘[38;2;51;28;11;48;2;60;32;15m▗[38;2;68;40;20;48;2;88;52;33m▌[38;2;100;60;39;48;2;106;64;42m▎[38;2;103;61;39;48;2;108;65;43m▄[38;2;93;55;34;48;2;75;44;23m▌[38;2;51;28;11;48;2;62;33;16m▄[38;2;62;32;16;48;2;68;37;19m▋[38;2;87;50;31;48;2;68;37;20m▅[38;2;96;56;36;48;2;66;36;18m▅[38;2;92;54;32;48;2;61;36;15m▅[38;2;87;51;29;48;2;102;61;39m▘[38;2;75;44;22;48;2;93;55;35m▝[38;2;97;61;43;48;2;65;38;20m▗[38;2;123;80;58;48;2;81;48;31m▅[38;2;119;77;56;48;2;149;100;74m▘[38;2;136;95;72;48;2;156;105;79m▗[38;2;88;80;60;48;2;151;106;80m▄[38;2;89;125;91;48;2;99;77;59m▆[38;2;85;150;109;48;2;40;63;48m▅[38;2;83;146;106;48;2;50;83;62m▅[38;2;60;105;76;48;2;78;137;99m▗[38;2;56;98;71;48;2;82;145;105m▄[38;2;56;99;71;48;2;68;120;87m▖[38;2;70;123;89;48;2;43;70;52m▅[0m[38;2;45;76;56m▅[38;2;13;15;13m▄[0m [38;2;3;3;3m        [0m
 [38;2;0;0;0m [0m [7m[38;2;14;16;14m▌[0m[38;2;21;24;21;48;2;47;34;26m▍[38;2;63;36;21;48;2;75;46;30m━[38;2;85;50;33;48;2;69;39;21m▂[38;2;78;43;25;48;2;60;31;15m▃[38;2;65;34;18;48;2;70;38;20m▊[38;2;93;54;33;48;2;77;44;23m╺[38;2;66;39;17;48;2;80;47;25m▗[38;2;56;34;14;48;2;84;50;29m▅[38;2;76;47;26;48;2;97;59;38m▂[38;2;87;53;32;48;2;67;41;19m▌[38;2;45;26;9;48;2;52;27;12m▋[38;2;60;31;15;48;2;70;38;20m▋[38;2;97;56;36;48;2;83;47;27m▝[38;2;75;43;23;48;2;92;54;32m▗[38;2;63;38;18;48;2;85;50;28m▆[38;2;103;65;46;48;2;81;48;29m▂[38;2;99;60;42;48;2;112;71;51m▘[38;2;129;86;62;48;2;112;78;56m━[38;2;55;85;62;48;2;95;74;55m▗[38;2;54;77;58;48;2;117;80;61m▅[38;2;56;65;49;48;2;85;103;76m╸[38;2;79;140;101;48;2;74;111;81m▅[38;2;78;139;100;48;2;83;148;106m▘[38;2;82;147;106;48;2;90;158;115m▅[38;2;88;156;113;48;2;83;147;106m▘[38;2;81;144;103;48;2;71;126;91m▆[38;2;80;142;102;48;2;65;114;82m▆[38;2;79;140;101;48;2;69;122;88m▆[38;2;63;110;80;48;2;78;138;100m▂[38;2;62;109;78;48;2;47;79;58m╴[0m[38;2;20;23;20m▘[0m [38;2;4;4;4m        [0m
 [38;2;0;0;0m [0m [7m[38;2;14;16;14m▌[0m[38;2;25;26;22;48;2;48;38;30m▌[38;2;46;41;33;48;2;83;56;41m▃[38;2;79;104;78;48;2;95;72;51m▃[38;2;90;113;84;48;2;91;64;44m▄[38;2;73;69;49;48;2;67;37;20m▖[38;2;53;30;12;48;2;60;31;15m▝[38;2;61;31;16;48;2;49;27;10m▃[38;2;59;31;15;48;2;45;25;9m▄[38;2;61;31;16;48;2;50;29;11m▃[48;2;49;28;11m▃[38;2;60;31;15;48;2;48;26;10m▄[48;2;64;33;17m▘[38;2;66;35;19;48;2;73;40;22m▇[38;2;67;35;19m▆[38;2;86;52;35;48;2;68;37;21m▝[38;2;65;45;34;48;2;116;76;55m▃[38;2;72;99;74;48;2;104;83;61m▂[38;2;85;133;98;48;2;70;82;60m▄[38;2;90;158;114;48;2;78;133;96m▄[38;2;90;162;116;48;2;79;140;101m▅[38;2;90;158;114;48;2;80;142;102m▅[38;2;87;147;107;48;2;84;140;102m▊[38;2;57;85;65;48;2;75;129;94m▁[38;2;41;64;48;48;2;75;134;96m▃▃▃▃[38;2;33;51;38;48;2;67;118;85m▃[0m[7m[38;2;38;61;46m▄[38;2;22;36;27m▇[0m  [38;2;0;0;0m        [0m
[?25h