[?25l[0m [38;2;0;0;0m                                           [0m
 [38;2;0;0;0m                                           [0m
 [38;2;0;0;0m                                           [0m
 [38;2;0;0;0m                                           [0m
 [38;2;0;0;0m                                           [0m
 [38;2;0;0;0m                                           [0m
 [38;2;0;0;0m                                           [0m
 [38;2;0;0;0m                                   [0m [38;2;113;113;113m▗[38;2;178;178;178m▄[38;2;183;183;183m▄[38;2;115;115;115m▖[0m [38;2;3;3;3m  [0m
 [38;2;0;0;0m                                   [0m   [38;2;122;122;122;48;2;190;190;190m▃[0m[38;2;114;114;114m▌[0m [38;2;5;5;5m  [0m
 [38;2;0;0;0m                                   [0m [7m[38;2;134;134;134m▌[0m[38;2;150;150;150;48;2;201;201;201m▝[0m[38;2;184;184;184m▃[0m  [38;2;2;2;2m  [0m
 [38;2;0;0;0m                              [0m [38;2;150;150;150m▅[38;2;173;173;173m▅[38;2;184;184;184m▅[38;2;181;181;181m▅[0m  [7m[38;2;142;142;142m▅[38;2;141;141;141m▅[0m  [38;2;2;2;2m  [0m
 [38;2;0;0;0m                              [0m   [7m[38;2;121;121;121m▘[38;2;172;172;172m▃[0m [38;2;93;93;93m       [0m
 [38;2;0;0;0m                              [0m [38;2;166;166;166m▄[7m[38;2;136;136;136m▚[38;2;122;122;122m▅[0m  [38;2;13;13;13m       [0m
 [38;2;0;0;0m           [0m          [38;2;0;0;0m     [0m     [7m[38;2;186;186;186m▃[38;2;178;178;178m▂[0m[38;2;204;204;204;48;2;124;124;124m━[0m[38;2;182;182;182m━[0m [38;2;68;68;68m       [0m
 [38;2;0;0;0m      [0m    [38;2;20;21;18m▄[38;2;39;33;28m▂[38;2;107;74;56;48;2;35;26;21m▄[38;2;141;96;73;48;2;45;37;30m▅[38;2;127;85;63;48;2;43;35;29m▅[38;2;123;82;61;48;2;42;35;29m▅[38;2;131;88;66;48;2;44;36;30m▅[38;2;143;98;74;48;2;46;38;31m▅[38;2;130;88;65;48;2;43;35;29m▅[38;2;97;65;49;48;2;33;25;20m▄[0m[38;2;39;32;26m▂[0m  [38;2;0;0;0m   [0m [7m[38;2;178;178;178m▄[0m[38;2;155;155;155;48;2;204;204;204m▖[0m[38;2;146;146;146m▌[0m      [38;2;0;0;0m       [0m
 [38;2;0;0;0m    [0m  [38;2;21;16;13m▗[38;2;38;29;22m▄[38;2;54;41;32;48;2;12;14;12m▄[38;2;58;39;28;48;2;26;19;15m▅[38;2;57;35;21;48;2;79;50;36m▌[38;2;117;76;55;48;2;84;58;44m▆[38;2;122;78;57;48;2;139;93;68m▂[38;2;116;74;54;48;2;147;98;73m▃[38;2;84;49;32;48;2;126;82;60m▅[38;2;79;46;30;48;2;119;77;55m▅[38;2;86;52;36;48;2;127;83;61m▅[38;2;97;61;43;48;2;140;94;70m▅[38;2;120;77;56;48;2;141;93;68m▃[38;2;148;99;74;48;2;131;88;65m▆[38;2;153;104;79;48;2;104;72;55m▅[38;2;94;66;51;48;2;35;27;21m▅[0m[38;2;54;39;30m▃[0m  [38;2;0;0;0m [38;2;124;124;124m▗[38;2;180;180;180m▅[0m   [38;2;7;7;7m            [0m
 [38;2;0;0;0m   [0m [38;2;21;20;16m▗[38;2;58;40;30;48;2;17;15;13m▄[38;2;84;55;41;48;2;37;27;21m▅[38;2;102;66;48;48;2;70;42;28m▄[38;2;92;58;42;48;2;102;66;48m▚[38;2;102;67;49;48;2;80;49;33m▘[38;2;64;39;21;48;2;56;31;14m▎[38;2;62;32;16;48;2;84;51;34m▆[38;2;59;31;15;48;2;93;56;40m▆[38;2;62;35;18;48;2;87;52;36m▆[38;2;87;54;37;48;2;72;40;24m▄[38;2;95;60;43;48;2;106;68;49m▌[38;2;94;61;43;48;2;111;73;53m▂[38;2;74;48;30;48;2;108;70;51m▃[38;2;72;42;25;48;2;94;59;41m▄[38;2;89;54;38;48;2;115;74;54m▖[38;2;134;89;65;48;2;150;100;74m▄[38;2;148;98;72;48;2;157;107;80m▂[38;2;92;64;50;48;2;143;97;74m▝[38;2;117;80;61;48;2;32;26;22m▄[0m[38;2;58;42;33m▖[0m [38;2;118;118;118m▝[7m[38;2;183;183;183m▃[38;2;176;176;176m▃[0m[38;2;123;123;123m▘[0m [38;2;12;12;12m            [0m
 [38;2;0;0;0m  [0m  [38;2;16;18;16;48;2;30;28;24m▌[38;2;78;50;36;48;2;58;38;26m▝[38;2;82;48;30;48;2;99;63;45m▅[38;2;95;56;37;48;2;109;70;50m▄[38;2;89;53;36;48;2;73;41;24m▌[38;2;57;30;14;48;2;62;33;16m╺[38;2;74;45;23;48;2;56;30;14m▁[38;2;75;43;24;48;2;62;32;16m▂[38;2;72;40;22;48;2;59;31;15m▂[38;2;66;41;22;48;2;58;31;15m▝[38;2;52;30;13;48;2;81;52;34m▄[38;2;61;33;17;48;2;88;56;38m▄[38;2;86;54;37;48;2;68;38;21m▘[38;2;53;28;12;48;2;61;33;16m▝[38;2;71;39;20;48;2;62;32;16m▂[38;2;91;57;40;48;2;71;40;23m▝[38;2;67;37;21;48;2;107;69;50m▄[38;2;74;42;26;48;2;122;79;57m▄[38;2;109;69;49;48;2;143;95;70m▖[38;2;144;98;74;48;2;156;105;78m▝[38;2;156;107;81;48;2;99;69;53m▅[0m[38;2;77;55;43m▇[38;2;15;17;15m▄[0m [38;2;35;55;42m▃[38;2;41;65;49m▃[38;2;31;49;37m▃[0m  [38;2;2;3;2m          [0m
 [38;2;0;0;0m [0m [7m[38;2;12;14;12m▌[0m[38;2;47;36;27;48;2;21;22;20m▗[38;2;67;44;32;48;2;29;28;23m▄[38;2;62;41;29;48;2;78;48;31m▘[38;2;67;40;19;48;2;87;51;32m▂[38;2;66;35;18;48;2;79;45;26m▅[38;2;58;30;14;48;2;68;36;19m▄[38;2;70;40;21;48;2;87;52;32m▌[38;2;106;64;42;48;2;89;54;34m▆[48;2;94;56;37m▆[38;2;92;54;35;48;2;77;44;25m▌[38;2;56;30;13;48;2;64;33;17m▃[38;2;67;36;19;48;2;61;31;16m▗[38;2;82;46;28;48;2;65;34;18m▃[38;2;88;51;31;48;2;62;33;16m▃[38;2;85;50;28;48;2;58;33;14m▃[38;2;78;45;23;48;2;96;56;35m▘[38;2;96;57;36;48;2;78;45;24m▖[38;2;80;49;31;48;2;57;32;14m▗[38;2;113;73;52;48;2;73;42;25m▃[38;2;107;67;48;48;2;138;91;67m▘[38;2;149;100;74;48;2;158;107;80m▚[38;2;122;91;69;48;2;162;111;84m▃[38;2;71;55;43;48;2;105;105;78m▝[38;2;70;121;88;48;2;24;29;25m▄[38;2;66;114;83;48;2;30;46;35m▅[38;2;78;137;99;48;2;65;115;83m▆[38;2;65;114;82;48;2;79;140;101m▂[38;2;56;99;71;48;2;68;119;86m▝[38;2;55;95;69;48;2;25;39;30m▅[0m[38;2;36;61;45m▃[0m  [38;2;0;0;0m        [0m
 [38;2;0;0;0m [0m [7m[38;2;14;16;14m▌[0m[38;2;25;26;22;48;2;52;36;26m▌[38;2;66;38;23;48;2;85;51;34m▄[38;2;81;48;28;48;2;67;38;19m▘[38;2;65;34;18;48;2;54;29;13m▃[38;2;69;37;19;48;2;63;33;17m▗[38;2;82;47;26;48;2;57;32;13m▅[38;2;72;43;21;48;2;85;50;28m▚[38;2;66;40;19;48;2;96;57;36m▄[38;2;91;55;35;48;2;102;61;39m▖[38;2;91;54;33;48;2;70;42;20m▌[38;2;46;27;9;48;2;52;27;12m▋[38;2;60;31;15;48;2;71;38;20m▋[38;2;84;47;28;48;2;96;56;36m▌[38;2;82;48;26;48;2;99;58;37m▗[38;2;62;37;16;48;2;94;55;33m▄[38;2;75;44;26;48;2;100;60;39m▄[38;2;118;76;54;48;2;98;60;41m▗[38;2;122;81;59;48;2;95;59;41m▅[38;2;73;60;46;48;2;120;79;58m▃[38;2;51;52;40;48;2;137;93;70m▃[38;2;63;86;64;48;2;129;98;74m▃[38;2;77;127;92;48;2;73;82;61m▅[38;2;76;129;94;48;2;84;149;107m▘[38;2;85;150;108;48;2;93;164;119m▄[38;2;93;163;119;48;2;84;149;108m▘[38;2;59;105;76;48;2;77;137;99m▝[38;2;78;139;100;48;2;56;100;72m▄[38;2;79;140;101;48;2;63;111;80m▄[48;2;74;132;95m▊[38;2;61;106;77;48;2;40;63;48m▋[0m[38;2;19;22;19m▌[0m [38;2;5;5;5m        [0m
 [38;2;0;0;0m [0m [7m[38;2;12;13;12m▌[0m[38;2;55;40;30;48;2;29;26;21m▝[38;2;67;45;34;48;2;82;54;38m▖[38;2;91;86;63;48;2;91;56;38m▃[38;2;91;92;67;48;2;85;50;32m▃[38;2;74;55;37;48;2;66;35;18m▖[38;2;55;29;13;48;2;73;41;21m▅[38;2;49;27;10;48;2;65;39;17m▅[38;2;54;28;12;48;2;47;28;10m▂[38;2;49;28;11;48;2;74;46;24m▅[38;2;50;29;11;48;2;69;43;21m▆[38;2;56;29;13;48;2;48;26;10m▂[38;2;60;31;15;48;2;65;34;18m▌[38;2;67;36;19;48;2;79;44;25m▅[38;2;81;46;26;48;2;70;38;21m▘[38;2;67;37;20;48;2;83;51;34m▋[38;2;125;81;59;48;2;104;67;48m━[38;2;92;86;64;48;2;112;77;56m▗[38;2;74;110;81;48;2;87;77;56m▃[38;2;81;141;102;48;2;73;104;75m▅[38;2;84;151;108;48;2;63;109;79m▅[38;2;85;150;108;48;2;69;120;87m▅[38;2;80;141;102;48;2;84;146;106m▘[38;2;72;122;89;48;2;81;144;104m▂[38;2;63;109;79;48;2;80;143;103m▂▂▂▂[38;2;56;98;71;48;2;76;135;97m▃[38;2;23;34;26;48;2;53;90;66m▃[0m[7m[38;2;32;54;40m▅[0m  [38;2;0;0;0m        [0m
 [38;2;0;0;0m  [0m [38;2;39;55;43m▂[38;2;74;113;85;48;2;42;50;38m▄[38;2;71;100;75;48;2;88;134;101m▘[38;2;91;136;101;48;2;78;110;82m▋[38;2;66;81;60;48;2;52;35;24m▍[38;2;35;28;23;48;2;59;32;18m▃[48;2;58;32;18m▃▃▃▃[48;2;59;32;18m▃▃[48;2;60;33;19m▃▃[48;2;59;33;20m▃[38;2;33;29;24;48;2;65;45;33m▆[38;2;36;48;39;48;2;65;91;69m▃[38;2;51;76;58;48;2;83;130;97m▂[38;2;84;136;100;48;2;93;158;115m▖[38;2;95;152;112;48;2;93;165;118m▃[38;2;80;128;95;48;2;92;156;113m▗[38;2;50;74;56;48;2;84;133;99m▃[0m[7m[38;2;51;79;59m▃[38;2;30;43;34m▄▄▄▄[38;2;24;34;26m▄[0m  [38;2;0;0;0m          [0m
[?25h