[?25l[0m [38;2;0;0;0m                               [0m
 [38;2;0;0;0m                               [0m
 [38;2;0;0;0m                               [0m
 [38;2;0;0;0m                               [0m
 [38;2;0;0;0m                               [0m
 [38;2;0;0;0m                               [0m
 [38;2;0;0;0m                               [0m
 [38;2;0;0;0m                               [0m
 [38;2;0;0;0m        [0m         [38;2;0;0;0m              [0m
 [38;2;0;0;0m    [0m   [38;2;43;33;27m▂[38;2;75;54;42m▄[38;2;137;94;71;48;2;27;25;21m▅[38;2;123;82;61m▅[38;2;125;84;62m▅[38;2;139;95;72;48;2;28;26;22m▅[38;2;128;86;64;48;2;27;25;21m▅[38;2;144;99;75;48;2;28;26;22m▅[38;2;138;94;72;48;2;25;23;20m▅[0m[38;2;64;47;37m▄[0m    [38;2;36;57;43m▂[38;2;33;49;38m▃[0m  [38;2;2;2;2m      [0m
 [38;2;0;0;0m  [0m  [38;2;41;29;22m▄[38;2;73;47;34;48;2;18;20;18m▅[38;2;80;54;39;48;2;29;22;17m▆[38;2;99;63;46;48;2;63;38;21m▝[38;2;73;41;25;48;2;128;84;61m▃[38;2;73;41;24;48;2;130;85;62m▃[38;2;77;44;28;48;2;107;68;48m▆[38;2;108;70;51;48;2;90;55;38m▄[38;2;91;57;41;48;2;105;67;48m━[38;2;86;52;36;48;2;116;75;54m▆[38;2;114;74;54;48;2;144;95;70m▄[38;2;93;57;40m▃[38;2;149;100;75;48;2;127;87;66m▇[38;2;140;96;72;48;2;51;39;31m▅[0m[38;2;57;45;36m▄[38;2;35;53;41m▃[38;2;71;124;90;48;2;21;31;24m▅[38;2;85;149;108;48;2;67;118;86m▆[38;2;52;88;65;48;2;73;128;92m▗[38;2;62;107;77;48;2;32;52;39m▆[0m[38;2;39;64;48m▄[0m [38;2;10;11;10m     [0m
 [38;2;0;0;0m [0m [7m[38;2;12;14;12m▌[0m[38;2;30;26;21;48;2;53;37;28m▘[38;2;82;48;30;48;2;95;61;44m▃[38;2;87;51;34;48;2;102;64;46m▗[38;2;64;35;18;48;2;84;51;35m▆[38;2;54;30;13;48;2;61;32;16m▖[38;2;73;40;22m▁[38;2;69;43;25;48;2;57;32;15m▝[38;2;57;34;16;48;2;90;57;40m▃[38;2;71;41;24;48;2;98;63;45m▄[38;2;60;33;16;48;2;84;54;36m▆[38;2;63;33;17;48;2;74;43;26m▆[38;2;53;29;12;48;2;77;46;29m▖[38;2;127;83;60;48;2;86;52;35m▄[38;2;132;86;62;48;2;154;104;78m▘[38;2;92;85;64;48;2;155;107;81m▃[38;2;86;139;101;48;2;76;74;56m▄[38;2;80;142;103;48;2;62;109;79m▆[38;2;75;133;96;48;2;82;146;105m▁[38;2;49;81;60;48;2;79;140;101m▃[38;2;29;37;31;48;2;69;121;88m▂[38;2;36;53;42;48;2;74;132;95m▃[38;2;61;105;77;48;2;30;43;34m▘[0m[38;2;13;14;13m▌     [0m
 [38;2;0;0;0m [7m[38;2;13;14;13m▌[0m[38;2;53;38;29;48;2;23;23;20m▄[38;2;41;33;26;48;2;77;48;31m▘[38;2;59;34;15;48;2;85;49;31m▃[38;2;63;33;17;48;2;79;44;26m▆[38;2;62;34;16;48;2;82;49;29m▌[38;2;103;62;41;48;2;81;49;28m▇[38;2;100;59;38;48;2;84;49;29m▋[38;2;69;40;20;48;2;58;30;14m▎[38;2;78;44;25;48;2;62;32;16m▗[38;2;93;55;35;48;2;64;34;17m▄[38;2;92;54;32;48;2;61;34;15m▄[38;2;106;64;43;48;2;84;48;27m▅[38;2;120;88;63;48;2;74;45;28m▄[38;2;87;132;95;48;2;74;67;50m▃[38;2;78;138;99;48;2;79;83;62m▃[38;2;80;140;101;48;2;79;113;82m▆[38;2;85;151;109;48;2;82;145;105m▝[38;2;82;146;105;48;2;78;137;99m▊[38;2;49;81;60;48;2;70;123;89m▝[38;2;71;124;90;48;2;35;51;40m▄[38;2;69;122;88;48;2;28;37;31m▄[38;2;52;89;65;48;2;26;33;27m▖[0m[7m[38;2;21;24;21m▃[0m[38;2;12;13;12m▘     [0m
 [38;2;0;0;0m [7m[38;2;14;16;14m▌[0m[38;2;31;29;24;48;2;64;42;29m▍[38;2;94;60;42;48;2;74;42;24m▃[38;2;87;54;35;48;2;65;35;18m▃[38;2;77;43;23;48;2;66;35;18m▝[38;2;53;31;12;48;2;80;47;25m▃[38;2;53;32;13;48;2;83;50;29m▅[38;2;55;34;14;48;2;91;55;34m▃[38;2;59;36;15;48;2;49;27;11m▏[38;2;81;45;26;48;2;65;34;18m▝[38;2;76;42;24;48;2;94;55;34m▄[38;2;88;54;37;48;2;70;41;20m▗[38;2;123;91;67;48;2;86;54;36m▃[38;2;85;60;43;48;2;88;116;85m▘[38;2;90;143;104;48;2;92;158;114m▍[38;2;95;148;110;48;2;92;161;116m▂[38;2;92;148;109;48;2;86;138;102m▉[38;2;43;70;52;48;2;77;130;95m▗[0m[7m[38;2;49;83;61m▃[38;2;46;75;56m▄▄[38;2;45;72;54m▄[38;2;26;43;32m▆[0m [38;2;0;0;0m      [0m
   [38;2;55;80;62;48;2;29;31;24m▂[38;2;64;60;45;48;2;84;120;90m▘[38;2;91;126;94;48;2;74;93;68m▋[38;2;33;34;28;48;2;60;37;23m▂[38;2;30;27;23;48;2;56;30;17m▂[48;2;56;30;16m▂▂[48;2;57;31;17m▂[48;2;60;32;19m▂[48;2;61;33;19m▂[38;2;19;21;19;48;2;57;34;22m▁[0m[7m[38;2;64;50;39m▃[38;2;57;77;59m▄[38;2;49;74;60m▃[0m[38;2;31;37;32;48;2;80;107;88m▂[38;2;42;51;44;48;2;86;115;94m▃[0m[7m[38;2;38;48;40m▃[0m [38;2;8;9;8m           [0m
 [38;2;13;14;13m╺[38;2;22;27;23;48;2;48;59;51m▌[38;2;38;45;40;48;2;79;102;85m▂[38;2;16;18;16;48;2;70;93;76m▁[0m[7m[38;2;44;66;50m▄[0m [7m[38;2;14;16;14m▆▆▆▆▆▆[0m  [38;2;0;0;0m [0m [7m[38;2;12;13;12m▆[38;2;13;14;13m▆[0m [38;2;0;0;0m            [0m
[?25h