[?25l[0m [38;2;0;0;0m                               [0m
 [38;2;0;0;0m                               [0m
 [38;2;0;0;0m                               [0m
 [38;2;0;0;0m          [0m [38;2;25;22;18m▂[38;2;42;36;30m▅[38;2;46;39;32m▅[38;2;41;35;29m▅[0m    [38;2;42;36;29m▄[38;2;46;39;32m▅[38;2;44;38;31m▅[38;2;28;24;20m▖[0m [38;2;7;6;5m       [0m
 [38;2;0;0;0m          [0m [38;2;32;30;27;48;2;49;43;35m▎[38;2;80;69;57;48;2;67;51;30m▁[38;2;129;117;101;48;2;63;49;32m▂[38;2;89;77;63;48;2;65;49;28m▂[38;2;122;112;97;48;2;45;39;33m▂[0m[38;2;49;45;40m▁[38;2;40;37;33m▁[38;2;119;108;95;48;2;40;36;32m▂[38;2;90;78;64;48;2;64;48;29m▂[38;2;127;115;100;48;2;63;49;31m▂[38;2;89;78;65;48;2;68;52;31m▁[38;2;53;44;35;48;2;37;35;32m▊[0m [38;2;21;20;18m       [0m
 [38;2;0;0;0m     [0m   [38;2;0;0;0m [0m [38;2;50;46;41m▁[38;2;146;133;117;48;2;63;58;51m▗[38;2;193;176;155;48;2;102;93;81m▅[38;2;207;190;166;48;2;179;163;143m▆[38;2;201;184;161;48;2;123;112;98m▅[38;2;207;189;166;48;2;177;162;142m▆[38;2;199;182;160;48;2;97;89;78m▅[38;2;198;182;159;48;2;87;80;70m▅[38;2;204;187;164;48;2;163;149;131m▇[38;2;201;184;162;48;2;125;114;100m▅[38;2;175;160;140;48;2;206;189;166m▘[38;2;196;180;158;48;2;114;104;91m▅[38;2;146;134;117;48;2;59;55;49m▖[0m [38;2;22;20;18m       [0m
 [38;2;0;0;0m    [0m [38;2;48;40;32m▄[38;2;27;24;20;48;2;54;43;29m▝[0m[38;2;32;29;26m▄[0m  [38;2;44;41;37;48;2;133;122;106m▌[38;2;205;187;164;48;2;181;166;145m▇[48;2;213;195;171m   [38;2;193;183;166;48;2;212;194;171m▗[38;2;114;141;146;48;2;192;183;167m▃[38;2;170;161;144;48;2;207;192;170m▂[38;2;172;155;135;48;2;211;193;169m▁▁[38;2;167;153;135;48;2;208;191;169m▁[38;2;114;140;145;48;2;189;181;164m▃[38;2;92;85;75;48;2;170;162;147m▝[0m[38;2;101;92;81m▄[0m [38;2;20;19;17m      [0m
 [38;2;0;0;0m   [0m [7m[38;2;26;24;21m▌[0m[38;2;42;38;34;48;2;57;46;34m▎[38;2;66;49;26;48;2;58;47;33m▋[0m[38;2;43;39;35m▋[0m  [38;2;129;118;103;48;2;49;46;41m▝[38;2;71;65;58;48;2;180;165;145m▃[38;2;113;103;91;48;2;199;182;160m▄[38;2;134;122;107;48;2;201;184;162m▄[38;2;195;178;156;48;2;210;192;169m▏[38;2;210;192;169;48;2;181;168;149m▊[38;2;143;137;125;48;2;79;87;83m▍[38;2;74;60;41;48;2;129;121;108m▇[38;2;84;56;35;48;2;140;124;106m▇[38;2;170;73;76;48;2;118;80;67m▄[38;2;98;61;48;48;2;136;123;107m▇[38;2;76;80;76;48;2;117;117;109m▊[38;2;162;152;137;48;2;199;183;161m▍[38;2;145;132;116;48;2;50;46;41m▋[0m[38;2;23;21;19m▌      [0m
 [38;2;0;0;0m  [38;2;22;21;19m▗[38;2;108;99;87m▄[38;2;183;167;146;48;2;58;50;41m▅[38;2;153;138;120;48;2;74;57;37m▅[38;2;26;23;20;48;2;61;50;36m▗[0m[7m[38;2;31;29;25m▄[0m  [38;2;40;39;37;48;2;44;54;56m▋[38;2;118;110;98;48;2;48;70;76m▝[38;2;61;68;67;48;2;172;158;139m▃[38;2;72;67;60;48;2;181;166;146m▃[38;2;129;118;104;48;2;202;185;162m▄[38;2;194;177;156;48;2;209;191;168m▏[38;2;208;190;166;48;2;175;158;137m▇[38;2;193;175;153;48;2;105;88;67m▅[38;2;188;171;149;48;2;84;62;40m▅[38;2;200;182;160;48;2;119;82;68m▄[38;2;190;172;150;48;2;100;74;57m▅[38;2;167;151;130;48;2;198;181;159m▘[38;2;102;93;82;48;2;190;174;152m▃[0m[7m[38;2;99;91;80m▄[0m [38;2;20;19;17m      [0m
 [38;2;0;0;0m  [7m[38;2;26;25;22m▌[0m[38;2;62;58;51;48;2;156;143;125m▍[38;2;198;182;159;48;2;155;142;124m▋[38;2;95;87;77;48;2;47;43;38m▍[0m    [38;2;135;125;111;48;2;54;56;54m▗[38;2;174;165;148;48;2;61;94;102m▄[38;2;102;118;119;48;2;46;83;93m▖[38;2;109;102;91;48;2;48;75;82m▝[38;2;64;71;70;48;2;173;159;140m▃[38;2;66;69;65;48;2;192;176;154m▃[48;2;194;177;156m▃▃▃[38;2;66;68;64m▃[38;2;64;60;55;48;2;188;172;151m▃[0m[7m[38;2;115;106;93m▄[38;2;55;51;45m▇[0m [38;2;0;0;0m       [0m
 [38;2;0;0;0m  [7m[38;2;26;25;22m▌[0m[38;2;62;58;51;48;2;156;143;125m▍[38;2;210;192;169;48;2;197;181;158m▇[38;2;142;130;114;48;2;201;184;162m▝[38;2;166;152;133;48;2;52;48;42m▄[0m[38;2;90;83;73m▂[38;2;96;88;77m▄[38;2;181;166;145;48;2;78;72;63m▅[38;2;207;190;166;48;2;165;151;133m▇[38;2;212;194;170;48;2;202;186;164m▇[38;2;202;187;165;48;2;155;151;140m▇[38;2;195;181;161;48;2;82;107;112m▄[38;2;193;180;160;48;2;60;91;99m▄[38;2;189;174;152;48;2;59;90;97m▄[38;2;164;135;97;48;2;55;84;91m▄[38;2;187;171;149;48;2;59;89;97m▄[38;2;193;180;160;48;2;60;91;98m▄[38;2;193;179;160;48;2;61;89;96m▄[38;2;187;172;151;48;2;62;65;63m▄[0m[38;2;94;86;76m▄[38;2;41;37;33m▄[0m  [38;2;3;2;2m      [0m
 [38;2;0;0;0m  [38;2;25;23;21m▝[7m[38;2;108;100;87m▃[0m[38;2;114;105;92;48;2;196;180;158m▖[38;2;207;189;166;48;2;213;195;171m▏[38;2;212;194;170;48;2;200;183;160m▇[38;2;212;194;171;48;2;173;158;139m▆[38;2;210;192;168;48;2;170;156;137m▇[38;2;213;195;171;48;2;212;194;171m┈[48;2;213;195;171m     [48;2;212;194;170m┈[38;2;212;193;168;48;2;196;170;137m▇[38;2;213;195;171;48;2;212;194;169m┈[38;2;198;182;160;48;2;213;195;171m▁[38;2;195;179;157m▁[38;2;194;178;156;48;2;211;193;170m▁[38;2;187;170;151;48;2;164;149;132m▆[38;2;130;115;100;48;2;73;57;39m▌[38;2;48;41;32;48;2;30;26;22m▇[0m [38;2;20;18;17m      [0m
 [38;2;0;0;0m   [38;2;24;23;20m▝[38;2;157;144;126;48;2;52;48;43m▝[38;2;87;80;71;48;2;199;182;160m▃[38;2;120;110;97;48;2;197;181;158m▖[38;2;205;188;165;48;2;212;195;171m▏[48;2;213;195;171m       [38;2;189;173;152;48;2;210;192;168m▁[38;2;93;85;75;48;2;194;178;156m▂[38;2;81;74;65m▃[0m[7m[38;2;129;119;104m▄[38;2;105;96;85m▄[38;2;104;95;84m▄[38;2;96;87;78m▄[38;2;55;49;42m▃[0m[38;2;29;25;21m▘[0m [38;2;1;1;1m      [0m
 [38;2;0;0;0m    [7m[38;2;24;22;20m▌[0m[38;2;133;122;107;48;2;53;49;44m▗[38;2;74;69;61;48;2;176;161;141m▘[38;2;200;183;160;48;2;212;194;170m▏[38;2;207;189;166;48;2;213;195;171m▁[38;2;211;193;169m▁[38;2;212;194;170m▁▁[38;2;188;172;151;48;2;209;191;168m▁[38;2;92;84;74;48;2;196;179;157m▂[38;2;84;77;68;48;2;193;177;155m▃[0m[7m[38;2;119;109;96m▄[38;2;56;51;46m▇[0m  [38;2;0;0;0m            [0m
 [38;2;0;0;0m   [0m [38;2;44;37;29m▃[38;2;66;53;38;48;2;98;89;78m▇[38;2;96;78;57;48;2;166;150;130m▅[38;2;104;89;72;48;2;187;171;150m▃[38;2;93;83;72;48;2;166;152;133m▅[38;2;102;85;66;48;2;182;165;144m▃[38;2;86;71;53;48;2;183;167;147m▂[38;2;87;79;69;48;2;191;175;153m▃[0m[7m[38;2;116;106;93m▄[38;2;52;48;42m▇[0m  [38;2;0;0;0m               [0m
 [38;2;0;0;0m   [38;2;25;23;21m▝[7m[38;2;50;42;33m▃[0m[38;2;64;48;28;48;2;62;47;29m┊[38;2;51;44;37;48;2;65;48;28m▃[38;2;50;44;37;48;2;61;49;36m▅[38;2;58;46;33;48;2;68;54;39m▅[38;2;36;34;31;48;2;60;46;28m▁[0m[7m[38;2;44;37;28m▃[38;2;24;22;19m▆[0m [38;2;0;0;0m                  [0m
[?25h