[?25l[0m [38;2;0;0;0m                                           [0m
 [38;2;0;0;0m                                           [0m
 [38;2;0;0;0m                                           [0m
 [38;2;0;0;0m                                           [0m
 [38;2;0;0;0m                                           [0m
 [38;2;0;0;0m                                           [0m
 [38;2;0;0;0m                [0m [38;2;23;22;20m▃[38;2;25;24;21m▃▃[0m  [38;2;6;5;5m    [0m [38;2;24;22;20m▃[38;2;25;24;21m▃▃[0m  [38;2;4;4;3m           [0m
 [38;2;0;0;0m  [0m  [38;2;32;29;26m▄[38;2;26;23;21m▖[0m  [38;2;0;0;0m      [0m [38;2;30;28;26m▗[38;2;48;40;31m▄[38;2;44;38;31;48;2;60;46;30m▘[38;2;64;48;28;48;2;48;43;36m▅▅[38;2;37;32;27;48;2;57;45;30m▝[0m[38;2;43;37;31m▄[38;2;24;22;20m▖[0m  [38;2;26;24;22m▄[38;2;50;41;31;48;2;25;21;18m▄[38;2;63;47;28;48;2;46;41;35m▅[38;2;64;48;28;48;2;48;43;36m▅▅[38;2;34;30;25;48;2;56;44;30m▝[0m[38;2;41;36;31m▄[0m [38;2;21;20;18m          [0m
 [38;2;0;0;0m [0m [38;2;27;25;23m▗[38;2;47;42;35;48;2;28;25;21m▅[38;2;49;40;29;48;2;62;47;28m▘[38;2;55;44;32;48;2;36;30;24m▆[0m[38;2;42;39;35m▖[0m [38;2;10;10;9m      [0m [7m[38;2;36;34;30m▌[0m[38;2;49;44;38;48;2;57;46;34m▌[38;2;74;64;52;48;2;68;52;31m▁[38;2;126;114;99;48;2;61;49;35m▃[38;2;115;103;88;48;2;63;49;33m▃[38;2;90;77;63;48;2;68;52;32m▗[38;2;129;117;102;48;2;52;46;38m▃[0m[38;2;79;73;64m▃[0m [38;2;42;38;34m▁[38;2;106;98;86;48;2;34;31;28m▃[38;2;119;107;92;48;2;58;48;36m▃[38;2;87;76;62;48;2;69;52;31m▂[38;2;129;117;101;48;2;61;49;35m▃[38;2;119;107;92;48;2;69;55;38m▂[38;2;71;54;34;48;2;62;48;30m▏[38;2;49;44;37;48;2;37;35;32m▊[0m[38;2;25;23;21m▌          [0m
 [38;2;0;0;0m [0m [7m[38;2;27;25;23m▌[0m[38;2;40;37;34;48;2;52;45;36m▎[38;2;61;47;31;48;2;67;49;26m▍[38;2;62;48;30;48;2;54;45;36m▌[38;2;42;39;35;48;2;26;24;22m▌[0m [38;2;11;11;10m      [0m [7m[38;2;36;34;30m▌[0m[38;2;137;125;110;48;2;66;61;54m▗[38;2;182;166;146;48;2;97;88;77m▄[38;2;165;151;132;48;2;203;186;163m▘[38;2;146;133;117;48;2;195;179;157m▝[38;2;191;175;153;48;2;118;108;94m▄[38;2;177;162;142;48;2;204;187;164m▘[38;2;125;114;100;48;2;188;172;151m▝[38;2;173;158;139;48;2;56;52;46m▅[38;2;176;162;142;48;2;73;67;59m▅[38;2;156;142;125;48;2;200;183;161m▘[38;2;152;139;122;48;2;198;181;159m▝[38;2;191;175;153;48;2;117;106;93m▄[38;2;172;158;138;48;2;204;187;164m▘[38;2;138;125;110;48;2;192;176;154m▝[38;2;155;142;124;48;2;63;57;50m▅[38;2;105;96;85;48;2;48;44;40m▖[0m[38;2;25;23;21m▌          [0m
  [38;2;84;77;67m▃[38;2;115;103;88;48;2;39;32;25m▃[38;2;128;113;95;48;2;64;49;33m▂[38;2;83;70;55;48;2;69;52;29m▁[38;2;42;35;27;48;2;56;45;32m▁[38;2;38;35;32;48;2;24;22;20m▌[0m [38;2;10;10;9m     [0m [38;2;76;70;62;48;2;27;25;23m▗[38;2;161;148;129;48;2;92;84;74m▅[38;2;203;186;163;48;2;156;143;125m▆[38;2;205;188;165;48;2;212;194;170m▏[48;2;213;195;171m    [38;2;191;183;166;48;2;211;194;171m▁[38;2;190;182;166;48;2;212;194;171m▂[38;2;213;195;171;48;2;212;195;171m┈[48;2;213;195;171m    [38;2;193;184;167;48;2;211;194;171m▁[38;2;196;183;162;48;2;166;154;137m▋[38;2;127;117;104;48;2;67;62;55m▌[0m[38;2;58;53;47m▖[0m  [38;2;0;0;0m        [0m
 [38;2;41;38;34;48;2;107;98;86m▋[38;2;144;131;115;48;2;183;168;147m▘[38;2;195;178;156;48;2;171;156;136m▇[38;2;108;99;86;48;2;170;155;136m▂[0m[7m[38;2;81;73;63m▂[0m[38;2;34;29;25m▘[0m  [38;2;0;0;0m     [0m [38;2;35;33;30;48;2;90;82;72m▋[38;2;149;137;120;48;2;192;176;154m▌[48;2;213;195;171m     [38;2;212;194;171;48;2;200;186;166m▉[38;2;177;173;159;48;2;131;147;147m▌[38;2;88;116;122;48;2;141;157;156m▄[38;2;134;123;107;48;2;197;183;163m▃[38;2;141;125;105;48;2;205;188;164m▃▃▃[38;2;140;124;106;48;2;204;187;164m▃[38;2;103;114;113;48;2;160;164;156m▃[38;2;72;115;127;48;2;135;150;150m▖[38;2;194;181;162;48;2;169;158;141m▆[38;2;149;136;119;48;2;89;82;72m▋[0m[38;2;35;33;30m▌[0m [38;2;9;8;7m        [0m
 [38;2;38;36;32;48;2;105;96;84m▌[38;2;158;145;127;48;2;198;181;159m▍[38;2;189;173;152;48;2;147;134;117m▌[38;2;100;91;80;48;2;45;42;38m▎[0m  [38;2;5;4;4m       [0m [38;2;32;30;27;48;2;59;54;49m▌[38;2;53;49;44;48;2;139;128;112m▃[38;2;87;79;70;48;2;185;169;149m▄[38;2;100;92;81m▄[38;2;103;94;83m▄[38;2;142;130;114;48;2;192;176;154m▖[38;2;205;188;164;48;2;212;195;171m▏[38;2;212;194;170;48;2;199;183;161m▉[38;2;171;158;140;48;2;121;117;106m▋[38;2;114;98;80;48;2;63;68;64m▁[38;2;70;58;44;48;2;70;50;25m▍[48;2;70;50;23m [38;2;159;70;71;48;2;101;56;42m▗[38;2;178;75;80;48;2;105;57;43m▅[38;2;138;64;60;48;2;85;53;35m▖[38;2;102;86;68;48;2;64;62;54m▁[38;2;84;88;83;48;2;147;138;124m▌[38;2;180;166;147;48;2;201;184;161m▎[38;2;159;146;128;48;2;97;89;78m▋[0m[38;2;38;36;33m▌[0m [38;2;10;9;8m        [0m
 [38;2;38;36;32;48;2;105;96;84m▌[38;2;164;150;132;48;2;202;185;163m▌[38;2;209;191;168;48;2;189;173;151m▇[38;2;201;184;161;48;2;153;140;122m▅[38;2;154;141;123;48;2;70;64;56m▄[0m[38;2;91;83;73m▃[38;2;28;26;23m▂[0m      [38;2;26;24;22m▂[38;2;26;26;25m▂[38;2;36;53;58;48;2;31;33;32m▗[38;2;69;72;69;48;2;124;117;105m▍[38;2;193;177;155;48;2;159;146;128m┷[38;2;205;188;165;48;2;165;151;132m━[38;2;148;136;119;48;2;194;178;156m▂[38;2;162;148;130;48;2;207;189;166m▂[38;2;202;185;162;48;2;210;193;169m▁[38;2;211;193;169;48;2;187;170;148m▆[38;2;195;178;155;48;2;153;137;117m▅[38;2;166;149;129;48;2;94;76;55m▃[38;2;159;143;123;48;2;77;58;32m▃[48;2;101;62;47m▃[48;2;121;66;57m▃[38;2;160;144;124;48;2;94;64;46m▃[38;2;121;106;87;48;2;175;158;137m▘[38;2;203;186;163;48;2;175;158;138m▆[38;2;153;140;123;48;2;199;182;160m▂[38;2;65;60;52;48;2;122;112;98m▁[0m[38;2;38;36;33m▘[0m [38;2;8;7;6m        [0m
 [38;2;38;35;32;48;2;104;95;83m▌[38;2;163;149;131;48;2;202;184;162m▌[38;2;209;192;168;48;2;213;195;171m▁[38;2;213;195;171;48;2;211;193;169m▇[48;2;210;192;169m╴[38;2;136;124;109;48;2;193;177;155m▝[38;2;182;167;146;48;2;69;64;56m▅[38;2;182;166;146;48;2;67;62;55m▅▅▅▅▅▅▅[38;2;178;164;144;48;2;65;63;58m▅[38;2;125;130;125;48;2;60;83;89m▄[38;2;63;96;105;48;2;40;80;92m▁[38;2;40;68;75;48;2;98;91;82m▇[38;2;45;53;53;48;2;101;92;81m▇[38;2;155;142;124;48;2;91;83;74m▗[38;2;105;96;84;48;2;178;163;143m▘[38;2;187;171;150;48;2;209;191;167m▘[38;2;206;189;165;48;2;213;195;171m▁[48;2;212;194;171m▁[38;2;212;194;170;48;2;200;183;160m▇[48;2;199;181;159m▇▇▇[38;2;211;193;170m▇[38;2;150;137;120;48;2;198;181;159m▗[38;2;70;64;56;48;2;166;152;133m▃[0m[7m[38;2;80;74;65m▄[0m  [38;2;0;0;0m         [0m
 [38;2;56;51;45m▝[38;2;47;43;38;48;2;134;122;107m▅[38;2;119;109;95;48;2;179;163;143m▖[38;2;200;184;161;48;2;212;194;170m▏[48;2;213;195;171m          [38;2;212;195;171;48;2;208;191;168m▉[38;2;206;190;167;48;2;169;162;148m▆[38;2;182;171;154;48;2;123;129;126m▅[38;2;129;134;129;48;2;54;92;102m▃[38;2;78;104;110;48;2;41;79;90m▂[38;2;48;78;86;48;2;115;113;104m▅[38;2;47;60;63;48;2;151;138;122m▄[38;2;47;59;61;48;2;153;140;123m▄▄▄▄▄▄[38;2;46;56;57m▄[38;2;40;41;39;48;2;151;138;121m▄[0m[7m[38;2;95;88;76m▄[0m  [38;2;1;1;1m           [0m
  [38;2;42;39;35m▝[38;2;60;55;49;48;2;131;120;105m▃[38;2;115;105;92;48;2;198;181;158m▃[38;2;122;112;98;48;2;201;184;161m▃[38;2;169;155;136;48;2;206;188;165m▖[38;2;211;194;170;48;2;213;195;171m▏         [38;2;212;194;171;48;2;203;187;166m▇[38;2;205;189;167;48;2;174;165;149m▇[38;2;85;108;113;48;2;172;164;149m▝[38;2;175;166;150;48;2;57;93;103m▄[48;2;58;91;100m▄[38;2;174;165;149m▄[38;2;154;136;111;48;2;54;87;95m▄[38;2;147;126;94;48;2;53;86;94m▄[38;2;171;161;144;48;2;57;90;99m▄[38;2;175;166;150;48;2;58;91;100m▄[38;2;140;136;126;48;2;52;87;97m▄[38;2;53;79;85;48;2;29;52;58m▌[0m  [38;2;0;0;0m             [0m
 [38;2;0;0;0m  [0m [7m[38;2;34;32;29m▅[0m[38;2;38;36;32;48;2;86;79;69m▊[38;2;139;128;112;48;2;185;170;149m▌[38;2;208;191;167;48;2;213;195;171m▏              [38;2;213;195;171;48;2;211;192;167m▉[38;2;192;163;127;48;2;209;189;162m▝[38;2;209;190;164;48;2;190;159;119m▅[38;2;208;188;162;48;2;212;194;169m▏[48;2;213;195;171m [38;2;193;177;155;48;2;150;137;120m▌[38;2;91;83;73;48;2;35;33;30m▍[0m [38;2;17;16;14m              [0m
 [38;2;0;0;0m   [0m [38;2;32;30;27;48;2;72;66;58m▋[38;2;139;128;112;48;2;185;170;149m▌[38;2;208;191;167;48;2;213;195;171m▏                 [38;2;212;194;170;48;2;207;189;166m▉[38;2;165;151;132;48;2;206;188;165m▂[38;2;104;95;83;48;2;166;152;133m▃[38;2;78;72;64;48;2;31;29;26m▘[0m [38;2;17;16;14m              [0m
 [38;2;0;0;0m   [0m [38;2;30;28;26;48;2;55;50;45m▌[38;2;71;59;45;48;2;140;127;111m▃[38;2;116;100;81;48;2;185;169;147m▖[38;2;190;173;151;48;2;208;191;167m▁[38;2;209;191;167;48;2;213;195;171m▁[38;2;166;152;134;48;2;203;186;163m▗[38;2;101;92;80;48;2;186;170;149m▃[38;2;89;75;58;48;2;184;167;146m▃[38;2;141;125;106;48;2;194;177;154m▃[38;2;186;169;147;48;2;206;188;165m▃[38;2;204;187;164;48;2;210;192;168m▂[38;2;138;127;112;48;2;193;177;155m▗[38;2;127;117;103;48;2;189;173;152m▖[38;2;190;173;152;48;2;209;191;168m▁[38;2;183;166;147;48;2;205;188;165m▁[38;2;153;140;125;48;2;197;181;159m▃[38;2;124;114;101;48;2;191;175;153m▃[38;2;184;169;148;48;2;208;191;167m▖[38;2;187;170;150;48;2;207;189;167m▁[38;2;186;169;151;48;2;206;189;166m▃[38;2;175;158;141;48;2;197;180;158m▂[38;2;142;129;114;48;2;80;73;65m▋[38;2;28;26;23;48;2;49;45;40m▇[0m  [38;2;0;0;0m              [0m
 [38;2;0;0;0m   [0m [38;2;28;26;24;48;2;43;40;35m▍[38;2;56;46;35;48;2;64;48;29m▌[38;2;110;94;76;48;2;73;54;29m▝[38;2;88;70;48;48;2;156;140;120m▅[38;2;145;131;113;48;2;190;173;151m▃[38;2;180;165;144;48;2;143;131;115m▌[38;2;106;98;86;48;2;68;61;53m▎[38;2;68;54;40;48;2;70;52;29m▌[38;2;72;53;28;48;2;108;92;74m▅[38;2;80;62;40;48;2;141;125;106m▖[38;2;147;134;117;48;2;194;177;155m▂[38;2;151;138;122;48;2;102;94;83m▋[38;2;67;57;48;48;2;107;97;85m▅[38;2;75;57;35;48;2;153;137;118m▅[38;2;76;56;32;48;2;147;131;114m▅[38;2;69;57;43;48;2;117;105;92m▅[38;2;102;92;80;48;2;67;60;53m▝[38;2;70;56;41;48;2;147;132;114m▅[38;2;73;56;34;48;2;150;134;116m▅[38;2;75;56;31;48;2;142;126;110m▅[38;2;73;55;32;48;2;137;121;105m▅[38;2;99;87;75;48;2;58;50;41m▘[0m[38;2;36;34;31m▌[0m [38;2;7;7;6m               [0m
 [38;2;0;0;0m   [0m [7m[38;2;34;31;28m▄[0m[38;2;27;23;19;48;2;51;41;30m▖[38;2;53;45;36;48;2;68;49;25m▄[38;2;58;47;33;48;2;74;56;32m▇[38;2;53;47;39;48;2;104;93;79m▇[38;2;27;25;23;48;2;54;50;45m▗[0m[7m[38;2;48;43;37m▄[0m[38;2;37;31;26;48;2;58;46;30m▖[38;2;53;45;36;48;2;68;49;25m▄[38;2;57;47;35;48;2;82;66;47m▇[38;2;50;45;40;48;2;110;100;87m▇[0m[7m[38;2;51;47;42m▃[0m[38;2;25;22;18;48;2;51;43;34m▄[38;2;54;43;30;48;2;58;45;30m╴[38;2;53;45;36;48;2;68;49;25m▄[38;2;63;48;31;48;2;52;45;37m▘[38;2;35;32;29;48;2;47;43;38m▗[0m[7m[38;2;45;40;35m▄[0m[38;2;27;24;20;48;2;52;42;30m▖[38;2;53;45;36;48;2;68;49;25m▄[38;2;60;47;32;48;2;58;45;30m╴[0m[7m[38;2;47;40;31m▃[0m[38;2;32;30;27m▘[0m [38;2;5;5;4m               [0m
[?25h