[?25l[0m [38;2;0;0;0m                                           [0m
 [38;2;0;0;0m                                           [0m
 [38;2;0;0;0m                [0m     [38;2;2;2;2m     [0m     [38;2;2;2;2m            [0m
 [38;2;0;0;0m              [0m  [38;2;31;26;22m▗[38;2;45;39;33m▅[38;2;48;42;35m▅▅[38;2;41;36;30m▅[0m  [38;2;7;7;6m [0m  [38;2;33;29;24m▗[38;2;46;40;33m▅[38;2;48;42;35m▅▅[38;2;39;34;28m▅[0m  [38;2;8;7;7m          [0m
 [38;2;0;0;0m              [0m [7m[38;2;34;31;28m▌[0m[38;2;54;45;35;48;2;44;37;29m▆[38;2;67;49;25;48;2;66;48;26m┊[38;2;58;46;33;48;2;66;49;27m▃[38;2;59;47;32m▖[38;2;65;48;27;48;2;57;44;29m▇[38;2;48;42;35;48;2;35;31;26m▇[0m[38;2;26;24;22m▌[0m  [7m[38;2;37;34;31m▌[0m[38;2;56;46;34;48;2;46;38;29m▆[38;2;68;49;25;48;2;66;49;26m╴[38;2;57;46;34;48;2;66;49;27m▃[38;2;60;47;31;48;2;66;49;26m▖[38;2;64;48;28;48;2;56;43;29m▇[38;2;46;41;35;48;2;33;29;25m▇[0m[38;2;23;22;20m▌          [0m
 [38;2;0;0;0m              [0m [7m[38;2;36;34;30m▌[0m[38;2;75;69;61;48;2;50;44;37m▂[38;2;125;115;101;48;2;73;62;49m▂[38;2;177;162;141;48;2;106;95;82m▅[38;2;161;147;128;48;2;98;87;73m▅[38;2;142;130;114;48;2;89;77;63m▂[38;2;183;167;147;48;2;107;97;84m▅[38;2;150;138;121;48;2;72;66;58m▄[0m[38;2;93;86;75m▃[38;2;93;86;76m▄[38;2;168;154;135;48;2;85;78;68m▅[38;2;166;152;133;48;2;101;90;76m▅[38;2;140;128;113;48;2;87;76;62m▂[38;2;181;165;145;48;2;108;97;84m▅[38;2;154;140;123;48;2;95;84;70m▅[38;2;106;97;85;48;2;58;48;37m▂[38;2;52;47;41;48;2;37;35;32m▊[0m[38;2;25;23;21m▌          [0m
 [38;2;0;0;0m      [0m   [38;2;11;10;9m    [0m [38;2;42;39;34m▁[38;2;120;110;96;48;2;39;36;32m▃[38;2;85;78;69;48;2;163;149;131m▘[38;2;206;189;165;48;2;169;155;136m▆[38;2;211;193;170;48;2;200;183;161m▇[38;2;210;192;169;48;2;192;176;154m▇[38;2;211;193;169;48;2;180;165;144m▆[38;2;212;194;170;48;2;203;186;163m▇[38;2;209;192;168;48;2;185;169;149m▇[38;2;210;193;169;48;2;170;156;137m▆[38;2;211;193;169;48;2;174;159;139m▆[48;2;198;181;159m▇[48;2;194;178;156m▇[48;2;179;164;144m▆[38;2;212;194;170;48;2;202;185;162m▇[38;2;210;192;168;48;2;188;172;151m▇[38;2;188;172;151;48;2;153;140;122m▆[38;2;113;104;91;48;2;45;42;38m▌[0m[38;2;25;23;21m▌          [0m
 [38;2;0;0;0m    [0m [38;2;28;26;24m▗[38;2;46;39;32m▄[38;2;60;45;28;48;2;40;36;30m▅[0m[38;2;49;40;31m▄[38;2;31;29;26m▖[0m [38;2;5;5;4m  [0m [38;2;35;32;29;48;2;89;81;72m▋[38;2;148;135;119;48;2;191;175;153m▌[38;2;213;195;171;48;2;208;191;167m▇[48;2;213;195;171m    [48;2;205;191;169m▉[38;2;139;156;156;48;2;195;185;167m▗[38;2;127;150;153;48;2;192;183;166m▃[38;2;190;177;157;48;2;209;192;170m▁[38;2;199;182;159;48;2;213;195;171m▁▁▁[38;2;198;181;159;48;2;212;195;171m▁[38;2;145;158;156;48;2;196;185;167m▗[38;2;109;143;151;48;2;168;165;153m▖[38;2;176;165;148;48;2;105;97;86m▅[0m[38;2;112;102;90m▅[38;2;26;24;22m▄[0m [38;2;6;6;5m        [0m
 [38;2;0;0;0m    [0m [7m[38;2;33;31;28m▌[0m[38;2;48;43;38;48;2;57;46;34m▌[38;2;63;48;29;48;2;67;49;26m▎[38;2;59;47;33;48;2;50;44;38m▌[0m[38;2;36;34;31m▌[0m [38;2;8;7;7m  [0m [38;2;35;33;30;48;2;84;77;68m▋[38;2;138;126;111;48;2;178;163;142m▌[38;2;161;147;129;48;2;209;191;168m▂▂▂[38;2;186;170;149;48;2;211;193;169m▂[48;2;213;195;171m [38;2;212;194;170;48;2;198;184;163m▉[38;2;168;161;147;48;2;113;124;123m▋[38;2;58;75;79;48;2;92;119;125m▅[38;2;74;60;42;48;2;152;140;124m▅[38;2;77;58;33;48;2;159;144;123m▅[38;2;101;62;47m▅[38;2;120;67;57m▅[38;2;91;61;43;48;2;158;143;123m▅[38;2;63;70;68;48;2;117;127;124m▅[38;2;71;100;108;48;2;142;143;135m▌[38;2;178;168;152;48;2;200;184;162m▎[38;2;159;146;128;48;2;97;89;78m▋[0m[38;2;38;36;33m▌[0m [38;2;10;9;8m        [0m
 [38;2;0;0;0m   [0m [38;2;27;25;23m▄[7m[38;2;45;37;29m▘[0m[38;2;65;48;27;48;2;54;45;35m▄[38;2;69;50;24;48;2;66;49;26m┃[38;2;59;47;33;48;2;50;44;38m▌[0m[38;2;36;34;31m▌[0m [38;2;8;7;7m  [0m [38;2;31;29;26;48;2;45;42;38m▍[38;2;49;46;41;48;2;97;89;79m▇[38;2;137;125;110;48;2;83;76;67m▗[38;2;178;163;143;48;2;100;92;81m▄[38;2;185;169;148;48;2;103;94;83m▄[38;2;142;130;114;48;2;192;176;154m▘[38;2;205;188;165;48;2;212;195;171m▏[38;2;212;194;171;48;2;205;187;164m▉[38;2;138;125;107;48;2;192;175;153m▝[38;2;164;148;127;48;2;87;74;58m▄[38;2;107;91;72;48;2;72;53;28m▖[48;2;70;50;23m [38;2;159;69;71;48;2;101;56;42m▝[38;2;105;57;43;48;2;178;75;80m▃[38;2;138;64;60;48;2;87;56;37m▘[38;2;142;126;107;48;2;82;66;49m▄[38;2;103;91;76;48;2;179;163;142m▘[38;2;191;175;153;48;2;204;187;163m▘[38;2;159;146;128;48;2;97;89;78m▋[0m[38;2;38;36;33m▌[0m [38;2;10;9;8m        [0m
 [38;2;0;0;0m   [0m [38;2;32;30;27;48;2;65;60;53m▋[38;2;156;143;125;48;2;108;97;82m▅[38;2;201;184;161;48;2;139;124;105m▅[38;2;182;166;145;48;2;123;108;91m▆[38;2;121;110;95;48;2;69;63;56m▋[0m[38;2;33;31;28m▌[0m [38;2;7;6;6m  [0m [38;2;31;29;26;48;2;43;44;42m▍[38;2;37;78;89;48;2;42;60;65m▗[38;2;122;118;108;48;2;52;80;87m▝[38;2;54;64;65;48;2;159;147;129m▄[38;2;57;56;52;48;2;165;151;132m▄[38;2;93;85;75;48;2;177;162;142m▅[38;2;109;100;88;48;2;167;153;134m▖[38;2;187;172;150;48;2;207;190;166m▖[48;2;213;195;171m [38;2;190;173;151;48;2;211;193;169m▝[38;2;206;188;165;48;2;149;133;114m▅[38;2;205;188;164;48;2;140;124;105m▅▅▅[48;2;141;126;107m▅[38;2;175;159;138;48;2;201;184;161m▘[38;2;154;141;123;48;2;198;182;159m▗[38;2;76;70;62;48;2;167;153;134m▄[0m[7m[38;2;90;82;72m▄[0m  [38;2;3;3;3m   [0m    [38;2;0;0;0m [0m
 [38;2;0;0;0m   [0m [38;2;32;30;27;48;2;72;66;58m▋[38;2;139;128;112;48;2;185;170;149m▌[38;2;201;184;161;48;2;167;153;134m▋[38;2;123;113;99;48;2;61;57;50m▌[0m[38;2;54;50;44m▘[0m  [38;2;0;0;0m  [0m [38;2;38;35;32;48;2;64;66;64m▊[38;2;132;127;116;48;2;47;76;84m▄[38;2;137;139;132;48;2;44;87;99m▄[38;2;71;100;108;48;2;37;79;91m▖[38;2;39;75;85;48;2;45;58;61m▄[38;2;156;143;126;48;2;104;103;96m▝[38;2;119;110;96;48;2;186;170;149m▂[38;2;134;123;108;48;2;203;186;163m▃[48;2;205;188;164m▃▃▃▃▃▃[38;2;133;122;106;48;2;204;186;163m▃[38;2;80;73;64;48;2;156;143;125m▃[0m[7m[38;2;93;85;74m▅[0m  [38;2;1;0;0m   [0m [38;2;118;116;116m▃[0m [7m[38;2;157;154;154m▌[0m[38;2;186;183;183m▌[0m [38;2;49;48;48m [0m
 [38;2;0;0;0m   [0m [38;2;32;30;27;48;2;72;66;58m▋[38;2;139;128;112;48;2;185;170;149m▌[38;2;181;166;145;48;2;208;191;167m▝[38;2;191;175;153;48;2;111;102;89m▅[38;2;127;117;102;48;2;50;46;40m▄[0m[38;2;64;58;51m▂[0m  [38;2;52;48;42m▂[38;2;107;98;86m▄[38;2;182;167;146;48;2;94;87;76m▅[38;2;169;155;136;48;2;206;188;165m▘[38;2;175;166;150;48;2;208;191;168m▝[38;2;188;176;157;48;2;104;119;120m▅[38;2;148;147;137;48;2;73;102;109m▖[38;2;115;124;122;48;2;42;80;91m▁[38;2;92;111;114;48;2;41;65;72m▂[38;2;92;110;114;48;2;41;64;70m▂[38;2;82;100;103m▂[38;2;79;97;99m▂[38;2;90;109;112m▂[38;2;92;111;114m▂▂[38;2;93;108;110;48;2;42;62;67m▂[38;2;116;110;100;48;2;48;52;50m▁[0m[38;2;66;61;53m▁[0m   [38;2;4;3;3m [0m  [7m[38;2;142;140;140m▌[0m[38;2;197;195;195;48;2;137;136;136m▋[0m [7m[38;2;172;170;170m▌[0m[38;2;204;201;201;48;2;125;124;124m▌[0m [38;2;180;177;177m▗[0m
 [38;2;0;0;0m   [0m [38;2;32;30;27;48;2;72;66;58m▋[38;2;139;128;112;48;2;185;170;149m▌[38;2;208;191;167;48;2;213;195;171m▏[38;2;213;195;171;48;2;212;194;170m┈[38;2;210;192;169;48;2;180;164;144m▆[38;2;186;170;149;48;2;127;116;101m▅[38;2;145;133;116;48;2;44;41;37m▄[38;2;141;129;113;48;2;35;32;29m▄[38;2;175;160;140;48;2;109;100;88m▅[38;2;208;191;167;48;2;171;156;137m▆[38;2;212;194;170;48;2;206;188;165m▇[48;2;213;195;171m  [38;2;213;195;171;48;2;211;194;170m┈[38;2;210;192;169;48;2;175;166;151m▆[38;2;208;191;169;48;2;159;154;142m▆▆[38;2;208;190;167;48;2;158;153;141m▆[38;2;196;169;136;48;2;149;133;110m▅[38;2;194;166;130;48;2;151;128;94m▄[38;2;205;187;163;48;2;155;150;137m▆[38;2;208;191;169;48;2;159;154;142m▆▆[38;2;208;191;168;48;2;159;153;140m▆[38;2;207;190;167;48;2;158;146;130m▆[38;2;170;155;137;48;2;110;101;88m▅[38;2;114;103;91;48;2;35;33;30m▄[38;2;61;53;44;48;2;25;24;22m▅[0m[38;2;35;30;24m▃[38;2;77;76;76m▂[0m [38;2;190;187;187m╺[0m   [38;2;172;170;170m▝[38;2;204;201;201m▘[0m [38;2;117;116;116;48;2;200;197;197m▌[0m
 [38;2;0;0;0m   [0m [38;2;55;51;45m▝[38;2;62;57;50;48;2;146;134;117m▄[38;2;118;108;94;48;2;189;173;152m▖[38;2;197;181;158;48;2;210;192;168m▏[48;2;213;195;171m [38;2;213;195;171;48;2;208;190;167m▇[48;2;199;182;160m▇[48;2;198;181;159m▇[48;2;206;188;165m▇[48;2;213;195;171m         [48;2;210;190;164m▇[48;2;208;188;162m▇[48;2;213;195;171m [38;2;208;191;167m▁[38;2;206;189;165m▁▁▁[38;2;204;187;164;48;2;195;177;157m▌[38;2;182;165;147;48;2;154;138;121m▌[38;2;114;98;82;48;2;69;51;30m▌[38;2;55;45;34;48;2;49;41;31m▇[38;2;147;145;144;48;2;68;66;65m▝[0m[7m[38;2;164;162;162m▄[0m  [38;2;149;147;147m▄[7m[38;2;156;154;154m▄[0m[38;2;117;116;116m▘[0m [38;2;151;149;149m▄[38;2;175;173;173m▝[0m
 [38;2;0;0;0m    [0m [7m[38;2;29;27;24m▌[0m[38;2;57;53;47;48;2;128;117;102m▍[38;2;158;145;127;48;2;200;183;160m▂[38;2;170;156;137;48;2;211;193;169m▂[38;2;188;172;151;48;2;211;194;170m▂[38;2;213;195;171;48;2;212;194;171m┈[48;2;213;195;171m           [38;2;191;175;153;48;2;212;194;170m▂[38;2;170;156;137;48;2;211;193;169m▂[38;2;162;148;130;48;2;206;188;165m▂[38;2;93;86;75;48;2;166;152;134m▃[38;2;39;36;32;48;2;153;140;123m▄▄[48;2;153;140;122m▄[38;2;38;36;32;48;2;145;132;117m▄[38;2;37;35;31;48;2;124;112;100m▄[38;2;26;24;21;48;2;61;53;44m▂[0m[7m[38;2;35;30;24m▄[0m  [38;2;0;0;0m [0m   [38;2;129;127;127m▗[38;2;182;179;179m╸[7m[38;2;117;115;115m▅[0m [0m
 [38;2;0;0;0m     [0m  [38;2;41;38;34;48;2;106;96;84m▆[38;2;46;43;39;48;2;117;106;93m▆[38;2;106;98;85;48;2;162;148;130m▍[38;2;197;180;157;48;2;212;194;170m▎[48;2;213;195;171m         [38;2;197;180;158;48;2;208;191;167m▁[38;2;126;115;101;48;2;194;177;155m▂[38;2;62;57;50;48;2;142;130;113m▃[0m[7m[38;2;80;73;65m▄[38;2;86;79;70m▅[0m        [38;2;0;0;0m      [0m   [38;2;0;0;0m [0m
 [38;2;0;0;0m      [0m [38;2;38;35;32;48;2;84;77;68m▋[38;2;154;141;123;48;2;88;81;71m▆[38;2;196;180;157;48;2;154;141;124m▆[38;2;204;187;164;48;2;211;193;170m▏[38;2;197;180;158;48;2;213;195;171m▂[38;2;199;182;159m▂[38;2;206;188;165m▂[38;2;208;190;167m▂[38;2;210;193;169m▁[38;2;203;186;163;48;2;212;194;170m▁[38;2;171;156;137;48;2;205;188;165m▁[38;2;84;77;68;48;2;171;157;137m▗[38;2;42;39;36;48;2;162;148;130m▃[38;2;49;45;41;48;2;155;142;125m▄[0m[38;2;93;85;75m▘[0m [38;2;18;16;15m                    [0m
 [38;2;0;0;0m    [0m  [38;2;34;30;24m▃[38;2;41;35;29;48;2;58;49;39m▍[38;2;65;49;27;48;2;114;101;85m▅[38;2;119;103;84;48;2;169;153;132m▅[38;2;141;126;108;48;2;195;179;156m▃[38;2;105;96;84;48;2;159;146;128m▅[38;2;116;104;90;48;2;167;152;133m▅[38;2;132;116;98;48;2;184;167;146m▃[38;2;136;121;105;48;2;190;173;153m▃[38;2;143;130;114;48;2;201;184;162m▃[38;2;111;102;89;48;2;181;166;145m▃[38;2;36;33;29;48;2;111;101;89m▄[0m[7m[38;2;59;54;47m▆[0m   [38;2;0;0;0m                     [0m
 [38;2;0;0;0m    [0m [7m[38;2;32;30;27m▌[0m[38;2;45;39;31;48;2;52;44;35m▁[38;2;62;47;29;48;2;68;49;24m▎[38;2;66;49;26;48;2;70;50;23m▁[38;2;64;48;28;48;2;79;61;40m▇[38;2;58;47;35;48;2;88;73;56m▇[38;2;64;50;33;48;2;68;58;48m▄[38;2;68;52;33;48;2;76;65;53m▇[38;2;66;49;26;48;2;86;69;50m▇[38;2;40;36;30;48;2;62;49;34m▁[0m[7m[38;2;54;46;36m▄[38;2;54;50;44m▇[0m  [38;2;0;0;0m                        [0m
 [38;2;0;0;0m    [0m  [7m[38;2;31;27;22m▅[0m[38;2;24;22;20;48;2;49;41;32m▃[38;2;23;21;20;48;2;50;43;34m▂[48;2;48;42;35m▂[48;2;45;41;37m▂[48;2;49;42;35m▂[48;2;50;43;34m▂[0m[7m[38;2;45;38;30m▃[38;2;26;23;20m▅[0m [38;2;10;9;8m                           [0m
 [38;2;0;0;0m      [0m         [38;2;0;0;0m                            [0m
[?25h