[?25l[0m [38;2;0;0;0m                               [0m
 [38;2;0;0;0m                               [0m
 [38;2;0;0;0m                               [0m
 [38;2;0;0;0m                               [0m
 [38;2;0;0;0m                               [0m
 [38;2;0;0;0m                               [0m
 [38;2;0;0;0m                               [0m
 [38;2;0;0;0m                               [0m
 [38;2;0;0;0m [0m [38;2;26;23;20m▗[38;2;29;26;22m▄[0m [38;2;11;10;9m      [0m  [38;2;38;34;29m▄[38;2;42;37;32m▄[38;2;38;33;29m▄[0m    [38;2;34;30;26m▄[38;2;42;37;32m▄[38;2;40;36;31m▄[0m  [38;2;4;4;3m      [0m
 [38;2;0;0;0m [7m[38;2;25;24;21m▌[0m[38;2;53;44;33;48;2;38;32;25m▇[38;2;61;47;29;48;2;49;39;28m▇[0m[38;2;40;37;33m▌[0m [38;2;7;6;6m     [0m [38;2;29;27;25;48;2;47;41;34m▎[38;2;73;60;46;48;2;64;48;28m▁[38;2;114;103;89;48;2;63;49;32m▁[38;2;83;71;56;48;2;64;48;28m▁[38;2;108;98;85;48;2;43;38;32m▁[0m  [38;2;102;93;81;48;2;37;34;29m▁[38;2;85;72;58;48;2;63;48;29m▁[38;2;112;101;87;48;2;63;49;32m▁[38;2;82;69;54;48;2;65;49;28m▁[38;2;50;42;34;48;2;34;29;24m▇[0m [38;2;21;20;18m      [0m
 [38;2;55;50;44m▁[38;2;86;76;62;48;2;26;23;19m▂[38;2;107;92;74;48;2;60;47;30m▁[38;2;56;44;31;48;2;62;48;30m▁[0m[38;2;42;38;34m▌[0m [38;2;7;6;6m    [0m  [38;2;123;113;99;48;2;49;45;40m▗[38;2;188;172;151;48;2;95;86;74m▄[38;2;203;186;163;48;2;157;143;125m▆[38;2;199;182;160;48;2;117;106;92m▄[38;2;203;186;163;48;2;153;140;123m▆[38;2;185;170;149;48;2;72;66;58m▅[38;2;182;167;146;48;2;56;52;46m▅[38;2;202;185;162;48;2;149;136;119m▆[38;2;199;182;160;48;2;119;108;94m▄[38;2;202;185;162;48;2;154;140;123m▆[38;2;80;72;61;48;2;178;163;143m▝[38;2;141;129;113;48;2;55;50;45m▖[0m[38;2;23;21;19m▌      [0m
[7m[38;2;27;25;23m▌[0m[38;2;72;66;58;48;2;155;142;124m▍[38;2;189;173;152;48;2;156;142;124m▇[38;2;59;54;47;48;2;146;133;116m▃[0m[38;2;53;46;38m▘[0m  [38;2;0;0;0m    [0m [38;2;38;35;32;48;2;122;111;97m▌[38;2;200;183;161;48;2;156;142;125m▇[38;2;213;195;171;48;2;212;194;170m┈[48;2;213;195;171m  [38;2;211;194;170;48;2;198;186;167m▉[38;2;119;146;151;48;2;195;185;167m▂[38;2;180;170;154;48;2;207;192;170m▁[38;2;196;179;156;48;2;213;195;171m▁▁[38;2;192;177;155;48;2;212;194;171m▁[38;2;134;153;153;48;2;200;187;166m▃[38;2;75;70;62;48;2;165;156;141m▝[0m[38;2;93;85;75m▄[0m [38;2;18;17;16m     [0m
[7m[38;2;30;28;26m▌[0m[38;2;80;73;65;48;2;167;153;134m▍[38;2;145;133;116;48;2;201;184;162m▝[38;2;146;134;117;48;2;43;40;35m▄[0m[38;2;70;64;56m▁[0m     [38;2;4;4;4m [0m [38;2;131;119;105;48;2;52;48;43m▝[38;2;90;83;73;48;2;193;177;155m▃[38;2;105;96;85;48;2;202;184;162m▃[38;2;125;114;100;48;2;203;186;163m▃[38;2;197;180;158;48;2;210;192;169m▏[38;2;210;193;169;48;2;182;170;151m▊[38;2;143;139;128;48;2;74;88;88m▍[38;2;72;59;41;48;2;142;134;120m▆[38;2;82;56;34;48;2;155;139;120m▆[38;2;119;59;51;48;2;154;96;88m━[38;2;98;61;47;48;2;152;137;120m▆[38;2;76;79;73;48;2;95;120;125m▆[38;2;155;149;135;48;2;198;182;161m▍[38;2;149;136;120;48;2;54;50;44m▋[0m[38;2;24;23;20m▌     [0m
[7m[38;2;30;28;25m▌[0m[38;2;79;72;64;48;2;166;152;133m▍[38;2;213;195;171;48;2;212;194;170m┊[38;2;211;193;169;48;2;191;175;153m▇[38;2;120;110;96;48;2;193;177;155m▝[38;2;182;166;146;48;2;49;45;40m▄[38;2;181;166;145;48;2;44;40;36m▄▄▄[38;2;156;143;125;48;2;34;31;28m▄[0m[38;2;63;58;52m▃[38;2;61;56;50m▂[38;2;57;62;60m▂[38;2;46;59;61;48;2;99;101;95m▋[38;2;69;71;67;48;2;165;151;133m▂[38;2;75;70;62;48;2;176;161;141m▂[38;2;124;113;99;48;2;202;185;162m▃[38;2;196;180;157;48;2;208;191;167m▏[38;2;207;190;166;48;2;166;149;129m▆[38;2;189;172;150;48;2;103;86;65m▄[38;2;183;166;144;48;2;83;60;38m▄[38;2;196;178;156;48;2;126;80;69m▃[38;2;184;167;146;48;2;101;70;54m▄[38;2;196;179;156;48;2;147;131;112m▆[38;2;117;108;94;48;2;191;175;153m▂[0m[7m[38;2;105;96;84m▃[0m[38;2;23;22;20m▘     [0m
 [38;2;86;78;69m▝[38;2;87;80;71;48;2;165;151;132m▖[38;2;204;187;164;48;2;212;194;170m▁[38;2;210;193;169;48;2;213;195;171m▁    [38;2;211;193;170;48;2;198;182;159m▇[38;2;210;192;169;48;2;156;143;126m▆[48;2;152;139;122m▆[38;2;201;185;164;48;2;139;131;119m▆[38;2;166;160;146;48;2;63;95;103m▄[38;2;87;109;113;48;2;40;76;87m▖[38;2;51;69;73;48;2;101;101;95m▊[38;2;73;75;71;48;2;166;152;134m▂[38;2;77;73;66;48;2;193;177;155m▂[48;2;196;179;158m▂▂▂▂[38;2;73;68;60;48;2;192;176;154m▂[0m[7m[38;2;144;132;116m▄[38;2;69;63;55m▆[0m [38;2;1;1;1m      [0m
  [7m[38;2;76;70;61m▆[38;2;140;129;113m▆[0m[38;2;77;71;63;48;2;162;148;130m▖[38;2;202;185;162;48;2;213;195;171m▏ [38;2;187;171;150;48;2;208;190;167m▁[38;2;144;132;116;48;2;204;187;164m▂[38;2;206;189;166;48;2;212;195;171m▏[48;2;213;195;171m   [38;2;213;195;171;48;2;210;193;169m┈[38;2;202;186;165;48;2;142;143;135m▆[38;2;176;167;152;48;2;65;97;105m▄[38;2;170;163;149;48;2;42;76;86m▄[38;2;167;158;143;48;2;42;74;83m▄[38;2;143;123;92;48;2;41;74;83m▄[38;2;164;155;138;48;2;42;74;83m▄[38;2;165;159;145m▄[38;2;114;116;109;48;2;39;66;73m▖[0m[38;2;23;36;39m▍[0m [38;2;1;1;1m        [0m
[?25h