[?25l[0m [38;2;0;0;0m                                           [0m
 [38;2;0;0;0m                                           [0m
 [38;2;0;0;0m                                           [0m
 [38;2;0;0;0m                                           [0m
 [38;2;0;0;0m                                           [0m
 [38;2;0;0;0m                                           [0m
 [38;2;0;0;0m                                           [0m
 [38;2;0;0;0m                                           [0m
 [38;2;0;0;0m                                           [0m
 [38;2;0;0;0m                                           [0m
 [38;2;0;0;0m                                           [0m
 [38;2;0;0;0m   [0m [38;2;23;21;19m▃[0m  [38;2;0;0;0m          [0m  [38;2;29;27;25m▃▃[38;2;29;27;24m▃[0m  [38;2;0;0;0m   [0m [38;2;23;21;19m▃[38;2;29;27;25m▃▃[38;2;28;26;24m▃[0m [38;2;14;13;12m          [0m
 [38;2;0;0;0m [0m [38;2;24;23;21m▗[38;2;44;39;33m▄[38;2;39;33;27;48;2;58;45;30m▘[0m[7m[38;2;48;40;30m▝[0m[38;2;30;28;25m▄[0m [38;2;8;8;7m        [0m [38;2;41;36;32m▄[38;2;34;30;24;48;2;57;45;30m▘[38;2;65;49;27;48;2;51;44;37m▅[38;2;65;48;27m▅[48;2;50;43;36m▅[0m[7m[38;2;48;39;30m▝[0m[38;2;30;28;25m▄[0m [38;2;7;7;6m [38;2;23;21;19m▗[38;2;43;38;32m▄[38;2;37;32;26;48;2;58;45;30m▘[38;2;65;48;27;48;2;51;44;37m▅▅[38;2;49;41;33;48;2;62;47;29m▝[0m[38;2;49;40;31m▅[38;2;35;32;29m▖[0m [38;2;6;5;5m        [0m
 [38;2;0;0;0m [0m [7m[38;2;27;25;23m▌[0m[38;2;40;37;34;48;2;52;45;36m▎[38;2;61;47;31;48;2;67;49;26m▍[38;2;62;48;30;48;2;54;45;36m▌[38;2;42;39;35;48;2;26;24;22m▌[0m [38;2;11;11;10m        [0m [38;2;34;32;29;48;2;48;43;37m▎[38;2;55;46;37;48;2;63;48;30m▂[38;2;112;101;86;48;2;66;52;34m▃[38;2;141;129;112;48;2;64;53;40m▃[38;2;96;84;70;48;2;68;53;33m▖[38;2;123;111;96;48;2;62;51;39m▃[38;2;124;113;99;48;2;40;37;33m▃[0m[38;2;50;46;40m▖[0m [38;2;82;75;66m▃[38;2;140;128;112;48;2;55;49;42m▃[38;2;101;89;75;48;2;68;52;34m▖[38;2;118;106;91;48;2;66;52;35m▃[38;2;139;127;110;48;2;64;53;40m▃[38;2;91;78;64;48;2;65;49;29m▖[38;2;60;47;32;48;2;52;44;37m▘[0m[38;2;38;36;33m▌[0m [38;2;10;9;8m        [0m
  [38;2;43;40;35m▂[38;2;56;47;37;48;2;24;22;19m▄[38;2;88;72;54;48;2;57;45;32m▁[38;2;72;55;34;48;2;67;49;26m▁[38;2;62;47;30;48;2;53;45;36m▌[38;2;41;38;34;48;2;26;24;21m▌[0m [38;2;11;11;10m       [0m [7m[38;2;29;27;24m▊[0m[38;2;101;93;82;48;2;47;44;39m▗[38;2;158;145;127;48;2;67;61;54m▅[38;2;136;124;109;48;2;193;177;155m▘[38;2;204;187;164;48;2;179;164;144m▇[38;2;189;173;152;48;2;115;105;92m▅[38;2;152;139;121;48;2;199;182;159m▘[38;2;200;183;161;48;2;167;153;134m▇[38;2;185;170;149;48;2;90;83;73m▅[38;2;182;166;146;48;2;67;62;55m▅[38;2;125;115;101;48;2;190;174;153m▘[38;2;206;189;166;48;2;187;172;150m▆[38;2;190;174;152;48;2;119;109;95m▅[38;2;145;132;116;48;2;196;180;157m▘[38;2;176;161;141;48;2;206;189;166m▝[38;2;182;167;146;48;2;99;91;79m▅[38;2;149;137;120;48;2;76;70;62m▖[0m[38;2;38;36;33m▌[0m [38;2;10;9;8m        [0m
 [38;2;104;95;83;48;2;39;36;32m▗[38;2;178;163;143;48;2;116;106;93m▅[38;2;196;179;157;48;2;138;124;108m▆[38;2;170;155;136;48;2;131;116;98m▆[38;2;44;41;36;48;2;93;82;68m▗[0m[7m[38;2;38;32;25m▄[0m  [38;2;4;3;3m      [0m [38;2;36;33;30m▗[38;2;119;109;96;48;2;67;62;54m▅[38;2;201;184;161;48;2;147;135;118m▅[38;2;209;191;167;48;2;193;177;155m▇[48;2;213;195;171m    [38;2;200;188;168;48;2;211;194;171m▁[38;2;179;176;164;48;2;211;194;170m▂[38;2;198;187;168;48;2;211;194;171m▁[48;2;213;195;171m    [38;2;203;189;169;48;2;212;194;171m▁[38;2;176;173;161;48;2;206;189;167m▂[38;2;159;148;132;48;2;113;104;92m▋[38;2;107;98;86;48;2;36;34;30m▂[0m  [38;2;5;5;4m       [0m
 [38;2;38;36;32;48;2;105;96;84m▌[38;2;158;145;127;48;2;198;181;159m▍[38;2;190;174;152;48;2;149;136;119m▌[38;2;103;95;83;48;2;50;46;41m▎[0m  [38;2;0;0;0m        [0m [7m[38;2;36;34;30m▌[0m[38;2;80;74;65;48;2;151;138;121m▍[38;2;190;174;152;48;2;211;193;169m▎[48;2;213;195;171m     [38;2;204;189;168;48;2;169;167;156m▌[38;2;66;106;117;48;2;116;141;145m▗[38;2;106;107;100;48;2;173;169;156m▃[38;2;126;110;92;48;2;202;184;161m▃▃▃▃[38;2;113;108;98;48;2;182;174;157m▃[38;2;81;112;120;48;2;121;147;152m▄[38;2;152;156;150;48;2;190;179;161m▌[38;2;192;176;154;48;2;151;138;121m▌[38;2;86;79;70;48;2;34;31;28m▌[0m [38;2;18;17;15m       [0m
 [38;2;38;36;32;48;2;105;96;84m▌[38;2;164;150;132;48;2;202;185;163m▌[38;2;172;157;138;48;2;206;189;166m▝[38;2;185;170;149;48;2;107;98;86m▅[0m[38;2;112;102;90m▄[38;2;61;56;49m▂[0m       [38;2;7;7;6m [0m [7m[38;2;34;31;28m▌[0m[38;2;130;119;104;48;2;59;55;49m▝[38;2;69;63;56;48;2;169;155;136m▄[38;2;93;85;75;48;2;175;160;141m▄[38;2;100;92;81m▄[38;2;106;97;85;48;2;171;157;138m▖[38;2;186;171;150;48;2;208;191;167m▖[48;2;213;195;171m [38;2;204;188;165;48;2;171;158;139m▌[38;2;129;122;110;48;2;77;79;72m▍[38;2;97;80;62;48;2;68;58;44m▁[48;2;70;50;23m [38;2;76;51;27;48;2;114;58;48m▋[38;2;170;73;76;48;2;105;56;44m▆[38;2;171;73;76;48;2;117;59;50m▖[38;2;92;73;54;48;2;71;56;40m▁[38;2;75;76;69;48;2;118;113;102m▊[38;2;157;146;130;48;2;195;179;158m▌[38;2;198;182;159;48;2;158;144;126m▌[38;2;105;96;84;48;2;39;36;32m▍[0m [38;2;19;18;17m       [0m
 [38;2;38;36;32;48;2;105;96;84m▌[38;2;164;150;132;48;2;203;185;163m▌[48;2;213;195;171m [38;2;212;194;170;48;2;205;188;165m▇[38;2;209;192;168;48;2;176;162;142m▆[38;2;177;163;142;48;2;114;104;91m▅[38;2;154;141;123;48;2;41;38;34m▄[38;2;153;140;123;48;2;39;36;33m▄▄▄▄[38;2;152;139;122;48;2;39;36;32m▄[0m[38;2;97;89;78m▄[38;2;35;32;29m▂[38;2;26;24;22m▃[38;2;30;28;26m▂[38;2;32;44;47m▂[38;2;39;49;51;48;2;89;89;84m▌[38;2;117;112;102;48;2;161;148;130m▂[38;2;135;124;109;48;2;186;170;149m▂[48;2;189;173;152m▂[38;2;138;126;111;48;2;200;183;160m▂[38;2;183;167;147;48;2;209;191;167m▖[38;2;211;193;170;48;2;201;184;161m▇[38;2;207;189;166;48;2;173;156;135m▆[38;2;100;83;64;48;2;167;151;130m▝[38;2;158;141;121;48;2;73;54;29m▄[48;2;82;55;35m▄[38;2;170;153;133;48;2;115;70;59m▃[48;2;106;68;54m▃[38;2;87;68;47;48;2;159;143;123m▘[38;2;201;184;161;48;2;166;150;129m▆[38;2;169;155;136;48;2;201;184;161m▂[38;2;110;101;88;48;2;172;158;138m▃[0m[7m[38;2;60;56;49m▃[0m [38;2;19;18;16m       [0m
 [38;2;85;78;68m▝[38;2;51;47;42;48;2;150;137;120m▃[38;2;136;124;109;48;2;193;177;155m▖[38;2;205;187;164;48;2;212;194;170m▏[48;2;213;195;171m [38;2;213;195;171;48;2;209;192;168m▇[48;2;206;189;165m▇▇▇▇▇[48;2;211;194;170m┈[38;2;151;138;121;48;2;199;183;160m▝[38;2;190;174;153;48;2;88;81;71m▅[38;2;190;174;152;48;2;84;77;68m▅▅[38;2;160;153;139;48;2;73;81;80m▅[38;2;93;112;114;48;2;46;86;97m▖[38;2;41;84;96;48;2;48;69;74m▄[38;2;38;73;84;48;2;49;58;60m▖[38;2;120;111;98;48;2;63;61;56m▗[38;2;172;157;138;48;2;96;88;78m▅[38;2;161;147;129;48;2;200;183;160m▘[38;2;198;181;159;48;2;213;195;171m▁▁[48;2;212;194;170m▁▁▁▁▁[38;2;174;160;140;48;2;206;189;165m▗[38;2;93;85;75;48;2;181;165;145m▃[0m[7m[38;2;116;106;93m▄[38;2;53;49;43m▇[0m  [38;2;0;0;0m       [0m
  [38;2;45;41;37;48;2;24;22;20m▝[38;2;73;66;58;48;2;138;126;110m▂[38;2;115;106;92;48;2;201;184;161m▂[38;2;152;139;122;48;2;208;190;167m▂[38;2;186;171;150;48;2;209;191;168m▁[48;2;213;195;171m          [38;2;209;192;169;48;2;192;179;159m▇[38;2;203;188;166;48;2;156;152;141m▅[38;2;62;96;105;48;2;142;143;135m▝[38;2;109;121;120;48;2;39;82;94m▃[38;2;87;96;94;48;2;42;81;91m▝[38;2;50;69;73;48;2;142;132;117m▅[38;2;52;64;66;48;2;155;142;124m▅▅▅▅▅▅[38;2;52;64;65m▅[38;2;48;52;51m▅[38;2;24;23;21;48;2;115;106;92m▄[0m[38;2;57;52;46m▘[0m [38;2;9;9;8m          [0m
     [38;2;42;39;35;48;2;74;68;60m▌[38;2;143;131;115;48;2;186;171;150m▌[38;2;208;191;167;48;2;213;195;171m▏  [38;2;174;159;140;48;2;207;189;166m▗[38;2;139;128;112;48;2;200;183;161m▃[38;2;187;171;150;48;2;210;192;169m▖[48;2;213;195;171m      [38;2;212;194;170;48;2;196;182;161m▇[38;2;144;144;135;48;2;195;181;161m▝[38;2;174;166;150;48;2;60;96;105m▅[38;2;173;165;150;48;2;52;89;100m▅[48;2;52;89;99m▅[38;2;163;151;132;48;2;51;87;98m▅[38;2;142;119;85;48;2;48;84;94m▅[38;2;161;149;129;48;2;50;87;97m▅[38;2;173;165;150;48;2;52;89;99m▅[38;2;161;155;141;48;2;50;88;98m▅[38;2;122;119;110;48;2;50;78;85m▖[0m[38;2;27;46;51m▌[0m  [38;2;0;0;0m           [0m
[?25h