[?25l[0m [38;2;0;0;0m                                           [0m
 [38;2;0;0;0m                                           [0m
 [38;2;0;0;0m               [0m  [38;2;34;31;28m▄[38;2;37;34;30m▄▄[38;2;30;28;25m▄[0m  [38;2;0;0;0m  [0m  [38;2;35;32;28m▄[38;2;37;34;30m▄▄[38;2;28;26;23m▄[0m  [38;2;1;1;1m          [0m
 [38;2;0;0;0m              [0m [38;2;36;33;30m▗[38;2;52;43;34;48;2;31;26;22m▅[38;2;53;43;30;48;2;64;48;28m▘[38;2;66;49;27;48;2;57;46;34m▅[38;2;66;49;26m▅[38;2;61;46;28;48;2;45;38;31m▇[38;2;47;41;34;48;2;25;22;19m▅[0m[38;2;28;26;23m▖[0m  [38;2;39;36;33m▗[38;2;54;44;33;48;2;33;28;23m▅[38;2;66;48;26;48;2;53;44;34m▆[38;2;65;48;28;48;2;55;46;35m▆[38;2;67;49;26;48;2;57;46;34m▅[38;2;45;37;28;48;2;62;47;29m▝[0m[38;2;45;40;34m▅[38;2;25;23;21m▖          [0m
 [38;2;0;0;0m              [0m [7m[38;2;36;34;30m▌[0m[38;2;58;46;33;48;2;49;44;38m▝[38;2;95;84;71;48;2;63;49;32m▗[38;2;152;139;121;48;2;69;58;46m▄[38;2;137;124;108;48;2;69;57;42m▄[38;2;112;101;86;48;2;71;57;40m▗[38;2;157;144;126;48;2;64;57;48m▄[0m[38;2;107;98;86m▄[38;2;35;32;29m▃[38;2;63;57;51m▗[38;2;137;126;110;48;2;44;41;36m▄[38;2;142;129;112;48;2;67;57;45m▄[38;2;105;94;80;48;2;72;58;41m▗[38;2;156;142;124;48;2;69;59;47m▄[38;2;130;118;102;48;2;69;56;41m▄[38;2;74;60;43;48;2;58;47;33m▏[38;2;49;43;37;48;2;37;35;32m▊[0m[38;2;25;23;21m▌          [0m
 [38;2;0;0;0m       [0m    [38;2;0;0;0m  [0m  [38;2;76;70;61;48;2;28;26;23m▂[38;2;161;147;129;48;2;92;85;75m▗[38;2;196;179;157;48;2;127;116;102m▅[38;2;184;168;147;48;2;210;192;168m▘[38;2;170;156;137;48;2;206;188;165m▝[38;2;197;180;158;48;2;133;122;107m▆[38;2;208;190;167;48;2;194;178;156m▇[38;2;160;146;128;48;2;203;186;163m▝[38;2;200;184;161;48;2;118;108;95m▅[38;2;201;185;162;48;2;127;117;102m▅[38;2;180;165;144;48;2;209;191;168m▘[38;2;175;160;140;48;2;207;190;166m▝[38;2;203;186;163;48;2;142;130;114m▅[38;2;207;189;166;48;2;191;175;154m▇[38;2;165;151;132;48;2;204;187;164m▝[38;2;179;164;144;48;2;108;99;87m▅[38;2;98;90;79;48;2;44;41;37m▌[0m[38;2;25;23;21m▌          [0m
 [38;2;0;0;0m      [0m [38;2;25;23;20m▃[7m[38;2;40;34;27m▘[38;2;39;33;26m▝[0m[38;2;24;22;19m▃[0m [38;2;7;7;6m [0m [38;2;31;29;26;48;2;80;73;64m▋[38;2;122;111;98;48;2;168;154;135m▘[38;2;211;193;170;48;2;185;169;148m▆[38;2;213;195;171;48;2;212;194;170m┈[48;2;213;195;171m   [48;2;212;195;171m┊[38;2;175;174;163;48;2;207;192;170m▂[38;2;162;167;161;48;2;206;191;169m▂[38;2;205;191;169;48;2;211;194;171m▏[48;2;213;195;171m    [38;2;179;177;164;48;2;208;192;170m▂[38;2;207;190;166;48;2;165;161;148m▘[38;2;49;45;41;48;2;139;129;115m▝[0m[38;2;90;82;72m▃[0m  [38;2;0;0;0m        [0m
 [38;2;0;0;0m      [0m [38;2;33;31;28;48;2;48;43;37m▍[38;2;58;46;33;48;2;66;49;26m▌[38;2;65;48;27;48;2;58;46;34m▌[38;2;46;42;36;48;2;32;29;26m▋[0m [38;2;17;16;14m [0m [38;2;35;33;30;48;2;89;81;72m▋[38;2;148;135;119;48;2;191;175;153m▌[38;2;198;182;159;48;2;213;195;171m▁▁▁[38;2;205;188;165m▁ [38;2;212;194;171;48;2;198;185;165m▉[38;2;168;165;153;48;2;114;133;136m▋[38;2;65;91;98;48;2;112;139;144m▄[38;2;84;72;57;48;2;176;163;144m▃[38;2;88;70;48;48;2;184;167;145m▃[38;2;93;71;52m▃[38;2;99;72;55m▃[38;2;90;71;52;48;2;183;166;145m▃[38;2;67;80;81;48;2;136;145;141m▃[38;2;75;116;126;48;2;142;149;144m▌[38;2;177;171;157;48;2;199;184;162m▎[38;2;158;145;127;48;2;96;88;78m▋[0m[38;2;38;36;32m▌[0m [38;2;10;9;8m        [0m
 [38;2;0;0;0m    [0m  [38;2;31;27;22m▂[38;2;38;34;29;48;2;52;44;35m▍[38;2;60;47;31;48;2;67;49;26m▌[38;2;66;49;27;48;2;58;46;34m▌[38;2;47;42;37;48;2;32;30;27m▋[0m [38;2;17;16;15m [0m [38;2;31;29;26;48;2;50;47;42m▍[38;2;53;49;44;48;2;126;115;101m▅[38;2;82;75;67;48;2;155;142;125m▅[38;2;79;73;65;48;2;146;134;118m━[38;2;81;75;66;48;2;149;137;120m━[38;2;132;121;106;48;2;180;165;145m╸[38;2;203;186;163;48;2;212;194;170m▏[38;2;212;194;170;48;2;201;184;161m▉[38;2;124;118;107;48;2;174;159;138m▝[38;2;132;116;98;48;2;67;64;56m▃[38;2;81;68;53;48;2;73;54;31m▏[48;2;70;50;23m [38;2;98;55;41;48;2;140;65;61m▍[38;2;191;79;86;48;2;157;69;69m━[38;2;126;61;55;48;2;82;54;35m▌[38;2;124;109;90;48;2;72;63;51m▂[38;2;77;80;76;48;2;151;137;119m▘[38;2;185;169;149;48;2;201;184;162m▎[38;2;159;146;128;48;2;97;89;78m▋[0m[38;2;38;36;33m▌[0m [38;2;10;9;8m        [0m
 [38;2;0;0;0m   [0m  [38;2;131;120;105;48;2;42;39;34m▄[38;2;173;158;138;48;2;60;52;43m▅[38;2;170;154;134;48;2;74;58;39m▅[38;2;141;128;110;48;2;81;66;48m▖[38;2;30;26;22;48;2;54;43;30m▗[0m[7m[38;2;37;34;30m▄[0m [38;2;15;15;13m [0m [38;2;31;29;26;48;2;44;43;40m▍[38;2;41;65;72;48;2;45;47;45m▄[38;2;145;134;118;48;2;76;86;85m▝[38;2;76;73;67;48;2;175;160;141m▂[38;2;78;72;64;48;2;181;166;145m▂[48;2;183;168;147m▂[38;2;114;104;92;48;2;191;175;154m▂[38;2;194;178;156;48;2;207;190;167m▏[38;2;213;195;171;48;2;201;184;161m▇[38;2;168;152;132;48;2;204;186;163m▝[38;2;190;173;150;48;2;110;93;73m▄[38;2;176;159;138;48;2;80;61;37m▅[38;2;187;170;148;48;2;102;76;58m▄[48;2;110;78;63m▄[48;2;101;79;60m▄[38;2;143;128;108;48;2;193;176;154m▘[38;2;202;185;162;48;2;190;174;152m▉[38;2;103;94;83;48;2;184;169;148m▂[0m[7m[38;2;118;108;95m▃[0m[38;2;35;32;29m▘[0m [38;2;6;5;5m        [0m
 [38;2;0;0;0m   [0m [38;2;32;30;27;48;2;72;66;58m▋[38;2;139;128;112;48;2;185;170;149m▌[38;2;169;155;136;48;2;202;185;162m▗[38;2;49;46;41;48;2;147;135;118m▗[0m[7m[38;2;93;85;74m▅[0m  [38;2;3;3;2m  [0m [38;2;37;35;32;48;2;51;57;58m▊[38;2;105;108;103;48;2;42;73;82m▂[38;2;108;120;120;48;2;39;82;95m▂[38;2;44;86;98;48;2;40;68;75m▃[38;2;40;69;78;48;2;46;54;54m▖[38;2;156;145;128;48;2;105;97;87m▗[38;2;186;171;150;48;2;139;127;112m▆[38;2;170;156;137;48;2;203;186;163m▁[38;2;181;166;145;48;2;212;194;170m▂▂▂▂▂▂[38;2;179;164;143;48;2;211;193;170m▂[38;2;116;106;93;48;2;181;166;145m▗[38;2;42;39;35;48;2;140;128;113m▄[0m[7m[38;2;63;58;51m▆[0m [38;2;14;13;12m          [0m
 [38;2;0;0;0m   [0m [38;2;32;30;27;48;2;72;66;58m▋[38;2;139;128;112;48;2;185;170;149m▌[38;2;169;155;136;48;2;202;185;162m▝[38;2;49;45;41;48;2;147;135;118m▝[0m[38;2;92;84;74m▃[0m    [38;2;91;83;73m▗[38;2;151;139;121;48;2;61;57;51m▄[38;2;139;129;115;48;2;190;174;154m▘[38;2;146;145;136;48;2;194;180;160m▝[38;2;160;155;143;48;2;67;99;107m▄[38;2;115;124;122;48;2;47;87;98m▖[38;2;40;77;88;48;2;92;98;95m▆[38;2;45;67;72;48;2;130;120;105m▆[38;2;45;66;71;48;2;132;121;106m▆▆▆▆▆▆[38;2;46;64;68m▆[38;2;48;51;49;48;2;130;119;104m▆[0m[7m[38;2;77;70;62m▆[0m  [38;2;0;0;0m           [0m
 [38;2;0;0;0m   [0m [38;2;32;30;27;48;2;72;66;58m▋[38;2;139;128;112;48;2;185;170;149m▌[38;2;208;191;167;48;2;213;195;171m▏[38;2;211;194;170;48;2;203;185;163m▉[38;2;189;173;152;48;2;128;118;103m▇[38;2;156;143;125;48;2;65;60;53m▅[0m[38;2;79;72;64m▄[38;2;69;64;57m▄[38;2;149;137;120;48;2;66;61;53m▄[38;2;191;175;153;48;2;119;109;95m▆[38;2;197;180;158;48;2;209;191;168m▏[48;2;213;195;171m  [38;2;210;193;169;48;2;199;185;163m▉[38;2;194;180;160;48;2;127;134;129m▆[38;2;195;181;161;48;2;92;113;116m▅▅[38;2;194;180;159;48;2;91;113;115m▅[38;2;174;150;118;48;2;83;102;103m▅[38;2;167;139;100;48;2;79;98;99m▅[38;2;191;176;154;48;2;90;111;114m▅[38;2;195;181;161;48;2;92;113;116m▅▅[48;2;93;111;112m▅[38;2;194;178;157;48;2;95;94;88m▅[38;2;139;127;112;48;2;54;50;44m▅[0m[38;2;62;57;51m▄[38;2;44;40;35m▄[38;2;25;23;20m▖[0m  [38;2;0;0;0m        [0m
 [38;2;0;0;0m   [0m [38;2;27;25;23;48;2;70;64;56m▊[38;2;107;98;85;48;2;159;146;128m▃[38;2;167;153;134;48;2;207;190;166m▂[38;2;213;195;171;48;2;211;193;169m┊[48;2;213;195;171m [38;2;210;192;168;48;2;192;176;154m▇[38;2;209;191;168;48;2;163;150;131m▆[38;2;209;191;167;48;2;160;147;129m▆[38;2;211;193;169;48;2;188;172;151m▆[48;2;213;195;171m         [38;2;212;193;169;48;2;201;178;148m▆[38;2;211;193;168;48;2;198;172;140m▆[38;2;213;195;171;48;2;212;194;170m┈[48;2;213;195;171m   [48;2;210;192;168m▉[38;2;179;162;144;48;2;200;182;161m▝[38;2;166;149;133;48;2;129;116;103m▆[38;2;107;92;78;48;2;66;50;31m▌[38;2;54;44;33;48;2;37;31;24m▆[0m[38;2;38;36;33m▖[0m [38;2;8;7;7m        [0m
 [38;2;0;0;0m   [0m  [38;2;24;22;21;48;2;59;54;47m▇[38;2;70;64;57;48;2;142;130;114m▍[38;2;187;171;150;48;2;211;193;169m▍[38;2;206;189;165;48;2;213;195;171m▁[38;2;209;191;168m▁            [38;2;209;192;168m▁[38;2;206;189;165m▁[38;2;210;192;169;48;2;199;182;160m▉[38;2;126;115;101;48;2;192;176;154m▗[38;2;84;77;68;48;2;190;173;152m▃▃[48;2;189;173;152m▃[38;2;80;74;65;48;2;179;164;145m▃[38;2;72;66;58;48;2;152;138;122m▃[38;2;109;94;79;48;2;59;49;38m▘[0m[7m[38;2;47;39;30m▃[38;2;26;24;22m▄[0m [38;2;5;5;4m        [0m
 [38;2;0;0;0m    [0m  [7m[38;2;72;66;58m▅[0m[38;2;45;41;37;48;2;141;129;113m▄[38;2;50;47;42;48;2;153;140;123m▄[38;2;107;98;86;48;2;174;159;140m▖[38;2;200;183;160;48;2;212;194;170m▎[48;2;213;195;171m         [38;2;205;188;165;48;2;212;194;170m▁[38;2;176;161;141;48;2;209;192;168m▂[38;2;112;103;90;48;2;176;162;142m▃[38;2;41;38;34;48;2;153;140;123m▄[38;2;36;33;30;48;2;145;132;116m▄[0m[7m[38;2;82;75;66m▅[38;2;25;24;22m▅▅▅▅▅[38;2;24;23;21m▅[0m [38;2;11;11;10m          [0m
 [38;2;0;0;0m      [0m [38;2;78;72;63;48;2;40;37;34m▗[38;2;146;134;117;48;2;60;56;50m▄[38;2;115;105;92;48;2;183;168;147m▘[38;2;202;185;162;48;2;212;194;170m▎[48;2;213;195;171m      [38;2;211;193;169;48;2;202;185;162m▉[38;2;142;130;114;48;2;199;182;159m▂[38;2;118;108;95;48;2;201;184;161m▃[38;2;101;92;81;48;2;184;168;148m▃[0m[7m[38;2;110;101;88m▄[38;2;60;55;48m▆[0m   [38;2;0;0;0m                 [0m
 [38;2;0;0;0m     [0m  [38;2;79;72;63;48;2;43;39;33m▝[38;2;74;60;42;48;2;148;134;116m▄[38;2;119;103;85;48;2;182;165;144m▖[38;2;176;160;139;48;2;204;187;164m▂[38;2;125;115;101;48;2;187;172;151m▄[38;2;138;125;109;48;2;191;174;153m▄[38;2;163;147;127;48;2;197;179;157m▂[38;2;170;154;136;48;2;201;183;162m▂[38;2;182;166;146;48;2;208;191;168m▂[38;2;149;136;119;48;2;197;181;158m▗[38;2;71;65;58;48;2;167;153;134m▄[0m[7m[38;2;90;83;73m▅[38;2;33;31;28m▅[38;2;27;25;23m▅[0m [38;2;2;2;2m                     [0m
 [38;2;0;0;0m    [0m [7m[38;2;29;27;24m▌[0m[38;2;51;44;35;48;2;36;30;25m▆[38;2;58;45;28;48;2;67;49;26m▘[38;2;69;50;24;48;2;66;49;26m▇[38;2;69;52;30;48;2;106;91;72m▆[38;2;62;49;33;48;2;126;111;94m▅[38;2;68;57;46;48;2;95;86;75m▆[38;2;71;56;41;48;2;104;92;79m▆[38;2;68;49;25;48;2;119;103;85m▅[38;2;61;46;29;48;2;122;107;91m▅[38;2;41;34;26;48;2;126;114;99m▅[0m[7m[38;2;95;87;76m▅[0m  [38;2;1;1;1m                        [0m
 [38;2;0;0;0m    [0m [38;2;26;24;22m▝[7m[38;2;44;37;30m▄[0m[38;2;39;34;29;48;2;57;45;30m▖[38;2;38;35;32;48;2;59;47;31m▁[48;2;55;45;35m▁[48;2;49;44;38m▁[48;2;56;46;34m▁[48;2;59;47;32m▁[38;2;32;28;24;48;2;54;43;30m▗[0m[7m[38;2;39;34;29m▄[0m  [38;2;0;0;0m                          [0m
 [38;2;0;0;0m      [0m         [38;2;1;1;1m                            [0m
 [38;2;0;0;0m                                           [0m
[?25h