[?25l[0m [38;2;0;0;0m                                           [0m
 [38;2;0;0;0m                                           [0m
 [38;2;0;0;0m                                           [0m
 [38;2;0;0;0m                                           [0m
 [38;2;0;0;0m                [0m [38;2;30;28;26m▃[38;2;33;31;28m▃▃[38;2;27;25;23m▃[0m [38;2;7;6;6m    [0m [38;2;31;29;27m▃[38;2;33;31;28m▃▃[38;2;26;24;22m▃[0m [38;2;6;6;5m           [0m
 [38;2;0;0;0m              [0m [38;2;34;32;28m▗[38;2;49;41;32m▅[38;2;49;40;31;48;2;62;48;29m▘[38;2;65;49;27;48;2;53;45;36m▅[38;2;66;49;27m▅[38;2;42;35;28;48;2;61;47;29m▝[0m[38;2;44;38;32m▅[38;2;26;24;22m▖[0m  [38;2;37;34;31m▗[38;2;51;42;32;48;2;27;23;20m▅[38;2;65;48;26;48;2;51;43;35m▅[38;2;65;49;27;48;2;53;45;36m▅[38;2;66;49;27m▅[38;2;40;33;26;48;2;59;46;29m▝[0m[38;2;42;37;31m▅[38;2;23;22;20m▖          [0m
 [38;2;0;0;0m              [0m [7m[38;2;36;34;30m▌[0m[38;2;59;47;33;48;2;50;44;37m▝[38;2;88;77;63;48;2;63;48;29m▗[38;2;134;122;106;48;2;60;49;36m▄[38;2;131;118;103;48;2;69;56;41m▃[38;2;102;90;76;48;2;69;53;35m▗[38;2;138;125;109;48;2;52;46;38m▄[0m[38;2;99;90;79m▃[38;2;27;25;22m▃[38;2;53;48;43m▁[38;2;128;118;103;48;2;43;39;35m▃[38;2;126;114;98;48;2;58;48;36m▄[38;2;96;84;71;48;2;70;55;35m▗[38;2;137;125;109;48;2;59;49;36m▄[38;2;124;112;97;48;2;69;55;39m▃[38;2;72;57;38;48;2;60;47;31m▏[38;2;49;43;37;48;2;37;35;32m▊[0m[38;2;25;23;21m▌          [0m
 [38;2;0;0;0m      [0m   [38;2;2;2;2m    [0m  [38;2;64;59;51;48;2;28;26;23m▁[38;2;150;137;120;48;2;78;71;63m▗[38;2;186;170;149;48;2;103;94;83m▅[38;2;175;160;140;48;2;207;190;166m▘[38;2;158;145;127;48;2;201;184;162m▝[38;2;195;178;156;48;2;124;113;99m▅[38;2;205;188;165;48;2;185;170;149m▇[38;2;143;131;114;48;2;197;180;158m▝[38;2;189;173;152;48;2;84;77;68m▅[38;2;191;175;153;48;2;98;90;79m▅[38;2;169;155;135;48;2;206;188;165m▘[38;2;164;150;131;48;2;203;186;163m▝[38;2;194;178;156;48;2;122;112;98m▅[38;2;181;166;145;48;2;208;190;167m▘[38;2;151;138;121;48;2;199;182;160m▝[38;2;169;155;136;48;2;82;75;66m▅[38;2;112;103;90;48;2;51;48;43m▖[0m[38;2;25;23;21m▌          [0m
 [38;2;0;0;0m    [0m  [38;2;28;24;20m▃[38;2;44;37;30m▅[38;2;30;26;21m▃[0m  [38;2;0;0;0m  [0m [38;2;78;72;64;48;2;34;31;28m▗[38;2;168;154;134;48;2;114;104;91m▅[38;2;208;190;167;48;2;172;157;138m▆[38;2;213;195;171;48;2;211;194;170m┈[48;2;213;195;171m    [38;2;186;180;165;48;2;211;194;170m▂[38;2;177;175;163;48;2;210;193;170m▂[38;2;213;195;171;48;2;211;194;171m┊[48;2;213;195;171m    [38;2;189;181;166;48;2;211;194;170m▂[38;2;193;183;164;48;2;169;158;142m▌[38;2;45;42;38;48;2;126;117;103m▝[0m[38;2;71;65;57m▃[0m  [38;2;0;0;0m        [0m
 [38;2;0;0;0m    [0m [7m[38;2;32;29;26m▌[0m[38;2;52;44;35;48;2;42;36;29m▇[38;2;66;48;27;48;2;59;45;28m▇[38;2;54;45;35;48;2;44;37;29m▇[0m[38;2;35;33;30m▌[0m [38;2;8;7;6m  [0m [38;2;35;33;30;48;2;90;82;72m▋[38;2;149;137;120;48;2;192;176;154m▌[48;2;213;195;171m     [38;2;212;194;171;48;2;199;186;166m▉[38;2;170;167;156;48;2;118;138;141m▋[38;2;68;96;103;48;2;120;143;146m▃[38;2;105;94;79;48;2;188;175;155m▃[38;2;110;94;74;48;2;197;179;157m▃▃▃[38;2;110;94;75;48;2;195;179;157m▃[38;2;83;95;95;48;2;149;155;150m▃[38;2;83;122;133;48;2;143;151;147m▌[38;2;176;171;157;48;2;197;182;160m▎[38;2;154;142;124;48;2;94;86;76m▋[0m[38;2;37;35;31m▌[0m [38;2;10;9;8m        [0m
 [38;2;0;0;0m   [0m  [7m[38;2;36;32;28m▌[0m[38;2;48;43;37;48;2;57;46;34m▍[38;2;64;48;29;48;2;67;49;26m▎[38;2;59;47;33;48;2;50;44;38m▌[0m[38;2;36;34;31m▌[0m [38;2;8;7;7m  [0m [38;2;31;29;26;48;2;53;49;44m▍[38;2;54;50;45;48;2;133;122;107m▄[38;2;77;71;63;48;2;165;151;132m▄[38;2;108;99;87;48;2;177;162;142m▅[38;2;111;102;89m▅[38;2;145;133;117;48;2;186;170;149m▖[38;2;204;187;164;48;2;212;194;170m▏[38;2;212;194;170;48;2;200;183;161m▉[38;2;173;160;141;48;2;128;120;108m▋[38;2;123;108;90;48;2;65;66;60m▂[38;2;82;63;41;48;2;70;53;31m▁[48;2;70;50;23m [38;2;157;69;69;48;2;110;58;47m▗[38;2;175;74;78;48;2;120;60;51m▆[38;2;123;60;53;48;2;80;53;34m▌[38;2;109;93;75;48;2;65;60;51m▂[38;2;95;93;85;48;2;152;141;125m▌[38;2;182;168;148;48;2;201;184;162m▎[38;2;159;146;128;48;2;97;89;78m▋[0m[38;2;38;36;33m▌[0m [38;2;10;9;8m   [0m    [38;2;0;0;0m [0m
 [38;2;0;0;0m   [0m [38;2;57;52;47;48;2;31;29;26m▗[38;2;129;116;100;48;2;59;48;36m▄[38;2;167;151;130;48;2;74;58;37m▄[38;2;162;147;127;48;2;75;58;35m▄[38;2;126;114;99;48;2;65;57;47m▖[0m[38;2;36;34;31m▌[0m [38;2;8;7;7m  [0m [38;2;31;29;26;48;2;44;42;40m▍[38;2;41;63;70;48;2;45;46;44m▃[38;2;67;75;74;48;2;121;116;105m▍[38;2;116;108;96;48;2;180;165;144m▂[38;2;120;111;97;48;2;186;170;149m▂[48;2;192;175;153m▂[38;2;141;129;113;48;2;200;183;161m▂[38;2;198;182;159;48;2;209;191;168m▁[38;2;211;193;169;48;2;192;175;152m▇[38;2;158;142;122;48;2;198;180;158m▝[38;2;173;157;136;48;2;96;79;57m▄[38;2;168;151;131;48;2;78;59;34m▄[48;2;96;62;45m▄[48;2;111;65;54m▄[38;2;168;152;132;48;2;92;65;46m▄[38;2;132;116;98;48;2;185;168;146m▘[38;2;202;185;162;48;2;182;165;143m▇[38;2;131;120;105;48;2;193;177;155m▂[38;2;54;49;43;48;2;121;111;97m▗[0m[38;2;37;35;32m▘[0m [38;2;7;6;6m [0m [38;2;118;116;116m▃[0m [7m[38;2;157;154;154m▌[0m[38;2;186;183;183m▌[0m [38;2;49;48;48m [0m
 [38;2;0;0;0m   [0m [38;2;32;30;27;48;2;72;66;58m▋[38;2;139;128;112;48;2;185;170;149m▌[38;2;173;158;139;48;2;205;188;165m▗[38;2;96;88;77;48;2;181;166;145m▄[0m[7m[38;2;101;92;81m▄[38;2;23;21;19m▅[0m [38;2;4;4;3m  [0m [38;2;33;31;28;48;2;46;49;48m▌[38;2;95;101;99;48;2;42;73;82m▁[38;2;98;113;115;48;2;39;82;93m▁[38;2;40;78;89;48;2;43;55;58m▅[38;2;41;65;73;48;2;46;50;49m▖[38;2;159;146;129;48;2;93;86;76m▗[38;2;184;168;148;48;2;112;103;90m▆[38;2;190;174;153;48;2;204;187;164m▏[38;2;189;174;152;48;2;212;194;170m▁▁▁▁▁▁[38;2;187;172;151;48;2;211;194;170m▁[38;2;133;122;107;48;2;191;175;153m▗[38;2;47;43;38;48;2;149;136;120m▃[0m[7m[38;2;63;58;51m▄[0m [38;2;18;17;15m [0m  [7m[38;2;142;140;140m▌[0m[38;2;197;195;195;48;2;137;136;136m▋[0m [7m[38;2;172;170;170m▌[0m[38;2;204;201;201;48;2;125;124;124m▌[0m [38;2;180;177;177m▗[0m
 [38;2;0;0;0m   [0m [38;2;32;30;27;48;2;72;66;58m▋[38;2;139;128;112;48;2;185;170;149m▌[38;2;202;185;162;48;2;173;159;139m▋[38;2;39;37;33;48;2;132;121;106m▝[0m[38;2;75;69;60m▃[0m    [38;2;65;60;53m▂[38;2;142;130;114;48;2;59;55;49m▃[38;2;126;119;107;48;2;180;166;147m▘[38;2;190;177;158;48;2;142;142;134m▅[38;2;152;149;139;48;2;64;98;106m▃[38;2;97;114;116;48;2;43;83;94m▖[38;2;47;79;87;48;2;109;109;102m▆[38;2;46;63;67;48;2;141;130;114m▅[38;2;46;63;66;48;2;143;131;115m▅▅▅▅▅▅[38;2;47;61;64m▅[38;2;49;50;48;48;2;141;129;113m▅[0m[7m[38;2;86;79;69m▅[0m  [38;2;0;0;0m [0m  [38;2;190;187;187m╺[0m   [38;2;172;170;170m▝[38;2;204;201;201m▘[0m [38;2;117;116;116;48;2;200;197;197m▌[0m
 [38;2;0;0;0m   [0m [38;2;32;30;27;48;2;72;66;58m▋[38;2;139;128;112;48;2;185;170;149m▌[38;2;208;191;167;48;2;212;195;171m▏[38;2;210;192;169;48;2;192;176;154m▇[38;2;117;107;94;48;2;187;172;151m▝[38;2;140;128;112;48;2;43;40;35m▅[0m[38;2;58;53;47m▄[38;2;64;59;52m▂[38;2;133;122;107;48;2;46;43;38m▄[38;2;188;172;151;48;2;110;101;88m▅[38;2;186;170;149;48;2;210;192;168m▘[38;2;213;195;171;48;2;207;190;167m▇[48;2;208;192;169m▇[38;2;208;192;168;48;2;189;177;158m▇[38;2;105;120;120;48;2;184;173;155m▝[38;2;181;171;154;48;2;62;96;105m▅[48;2;62;95;104m▅[38;2;180;170;152m▅[38;2;160;140;113;48;2;57;90;99m▅[38;2;153;130;96;48;2;55;89;97m▅[38;2;177;166;147;48;2;61;94;103m▅[38;2;181;171;154;48;2;62;95;104m▅▅[38;2;181;170;153;48;2;63;92;99m▅[38;2;180;166;146;48;2;67;71;69m▅[38;2;133;122;107;48;2;48;44;39m▄[0m[38;2;45;42;38m▄[38;2;68;66;64m▗[38;2;146;144;143m▄[7m[38;2;128;126;126m▘[38;2;158;156;156m▄[0m  [38;2;149;147;147m▄[7m[38;2;156;154;154m▄[0m[38;2;117;116;116m▘[0m [38;2;151;149;149m▄[38;2;175;173;173m▝[0m
 [38;2;0;0;0m   [0m [38;2;28;26;24;48;2;63;58;52m▋[38;2;113;103;90;48;2;161;147;129m▖[38;2;182;167;146;48;2;211;193;169m▂[38;2;213;195;171;48;2;212;194;170m┈[48;2;213;195;171m [38;2;207;189;166;48;2;185;169;148m▇[38;2;208;191;167;48;2;152;139;122m▅[48;2;149;136;120m▅[38;2;208;190;167;48;2;179;163;143m▆[38;2;211;193;169;48;2;213;195;171m▏       [38;2;213;195;171;48;2;213;195;170m┈[38;2;210;191;166;48;2;197;171;139m▆[38;2;210;190;165;48;2;192;164;127m▆[38;2;213;195;171;48;2;212;193;169m┊[48;2;213;195;171m   [48;2;209;191;168m▉[38;2;169;154;136;48;2;198;181;159m▝[38;2;166;149;132;48;2;120;108;96m▅[38;2;107;93;80;48;2;77;63;49m▍[38;2;59;49;38;48;2;137;133;131m▄[38;2;139;137;137;48;2;49;48;46m▘[0m [38;2;181;179;179m╺[7m[38;2;119;117;117m▗[0m  [38;2;118;116;116m▅[38;2;182;179;179m╸[7m[38;2;117;115;115m▅[0m [0m
 [38;2;0;0;0m   [0m  [38;2;25;23;21;48;2;70;64;57m▆[38;2;79;73;64;48;2;146;134;117m▍[38;2;189;173;152;48;2;211;194;170m▍[48;2;213;195;171m                [38;2;212;194;170;48;2;204;187;164m▉[38;2;148;135;119;48;2;200;183;160m▂[38;2;118;108;95;48;2;201;184;161m▃▃▃[38;2;112;103;91;48;2;190;173;153m▃[38;2;97;88;78;48;2;161;145;129m▃[38;2;113;98;82;48;2;66;54;41m▘[0m[7m[38;2;48;40;30m▗[0m[38;2;36;34;31m▘[0m    [7m[38;2;144;143;143m▃[0m[38;2;126;124;124m▘[0m  [38;2;0;0;0m [0m
 [38;2;0;0;0m    [0m  [7m[38;2;88;80;70m▅[0m[38;2;58;54;48;48;2;163;149;131m▄[38;2;65;60;54;48;2;175;160;141m▄[38;2;115;105;92;48;2;183;167;147m▖[38;2;202;185;162;48;2;212;194;170m▎[48;2;213;195;171m         [38;2;208;190;167m▁[38;2;183;168;147;48;2;210;192;168m▁[38;2;116;106;93;48;2;183;167;147m▗[38;2;44;41;37;48;2;162;149;130m▃[38;2;39;36;33;48;2;154;141;123m▃[0m[7m[38;2;99;90;79m▅[38;2;33;31;28m▅▅▅▅▅[38;2;31;29;27m▅[0m [38;2;16;15;13m          [0m
 [38;2;0;0;0m      [0m [38;2;71;66;58;48;2;39;37;33m▗[38;2;128;118;103;48;2;49;46;41m▄[38;2;108;99;86;48;2;174;159;140m▘[38;2;200;183;160;48;2;212;194;170m▎[48;2;213;195;171m      [38;2;211;194;170;48;2;205;188;165m▉[38;2;160;147;129m▂[38;2;147;135;119;48;2;208;191;167m▃[38;2;128;117;103;48;2;194;177;155m▃[38;2;29;27;24;48;2;114;104;91m▗[0m[7m[38;2;69;63;55m▅[0m   [38;2;1;1;1m                 [0m
 [38;2;0;0;0m     [0m  [38;2;38;35;32;48;2;78;70;61m▋[38;2;76;62;45;48;2;152;138;120m▃[38;2;132;117;98;48;2;191;174;151m▖[38;2;183;167;145;48;2;205;188;165m▁[38;2;129;119;104;48;2;192;176;154m▃[38;2;150;136;119;48;2;200;183;161m▄[38;2;180;163;142;48;2;204;187;164m▃[38;2;187;170;151;48;2;206;189;166m▃[38;2;190;173;153;48;2;209;191;168m▁[38;2;163;149;131;48;2;203;186;163m▗[38;2;78;71;63;48;2;173;159;139m▃[0m[7m[38;2;99;91;80m▄[38;2;51;47;42m▅[38;2;49;46;41m▆[0m  [38;2;0;0;0m                    [0m
 [38;2;0;0;0m    [0m [38;2;33;31;28m▗[38;2;51;44;35;48;2;32;28;23m▅[38;2;54;42;29;48;2;66;49;27m▘[38;2;65;48;27;48;2;69;50;23m▘[38;2;70;53;30;48;2;112;95;77m▅[38;2;71;56;40;48;2;147;132;114m▅[38;2;108;97;84;48;2;70;61;51m▘[38;2;71;57;43;48;2;109;97;83m▅[38;2;73;55;32;48;2;137;121;103m▅[38;2;69;54;35;48;2;142;127;110m▅[38;2;44;36;28;48;2;136;123;107m▄[0m[7m[38;2;105;96;84m▄[38;2;45;41;36m▇[0m [38;2;1;1;1m                        [0m
 [38;2;0;0;0m    [0m [38;2;29;27;25m▝[7m[38;2;48;41;33m▄[0m[38;2;48;39;28;48;2;58;45;30m▏[38;2;53;45;36;48;2;68;49;25m▄[38;2;50;44;37;48;2;61;47;31m▄[38;2;48;43;38;48;2;54;46;37m▆[38;2;50;44;38;48;2;62;48;32m▃[38;2;51;44;37;48;2;66;49;28m▃[38;2;37;32;26;48;2;58;45;30m▗[0m[7m[38;2;45;39;32m▄[0m[38;2;25;23;20m▘[0m  [38;2;0;0;0m                         [0m
[?25h