[?25l[0m [38;2;0;0;0m                               [0m
 [38;2;0;0;0m                               [0m
 [38;2;0;0;0m                               [0m
 [38;2;0;0;0m                               [0m
 [38;2;0;0;0m                               [0m
 [38;2;0;0;0m                               [0m
 [38;2;0;0;0m                               [0m
 [38;2;0;0;0m [0m [38;2;28;24;21m▗[38;2;30;27;23m▄[0m [38;2;12;11;10m      [0m  [38;2;40;35;30m▄[38;2;44;39;33m▄[38;2;39;35;30m▄[0m    [38;2;35;32;27m▄[38;2;44;39;33m▄[38;2;42;37;32m▄[0m  [38;2;5;4;4m      [0m
 [38;2;0;0;0m [7m[38;2;26;24;22m▌[0m[38;2;54;44;33;48;2;40;33;26m▇[38;2;61;47;29;48;2;50;40;28m▇[0m[38;2;40;37;33m▌[0m [38;2;7;6;6m     [0m [38;2;30;28;25;48;2;47;41;34m▎[38;2;74;62;48;48;2;65;49;28m▁[38;2;121;109;95;48;2;65;51;33m▁[38;2;86;74;59;48;2;65;49;29m▁[38;2;115;105;91;48;2;46;40;34m▁[0m  [38;2;109;99;87;48;2;40;36;31m▁[38;2;87;75;61;48;2;64;49;30m▁[38;2;119;107;93;48;2;65;51;33m▁[38;2;84;71;57;48;2;66;49;29m▁[38;2;50;42;34;48;2;36;31;25m▇[0m [38;2;21;20;18m      [0m
 [38;2;60;55;48m▁[38;2;82;71;59m▃[38;2;112;98;81;48;2;61;48;32m▁[38;2;55;44;31;48;2;62;48;30m▁[0m[38;2;41;38;34m▌[0m [38;2;7;6;6m    [0m  [38;2;127;117;102;48;2;52;48;42m▗[38;2;190;174;153;48;2;100;90;78m▄[38;2;204;187;164;48;2;162;148;129m▆[38;2;201;184;161;48;2;121;110;96m▄[38;2;204;187;164;48;2;159;145;127m▆[38;2;188;173;151;48;2;78;72;63m▅[38;2;186;170;149;48;2;63;58;51m▅[38;2;203;186;163;48;2;154;141;124m▆[38;2;201;184;162;48;2;123;112;97m▄[38;2;203;185;163;48;2;159;145;126m▆[38;2;85;77;66;48;2;181;165;145m▝[38;2;143;131;115;48;2;57;52;46m▖[0m[38;2;23;21;19m▌      [0m
[7m[38;2;27;26;23m▌[0m[38;2;73;67;59;48;2;157;144;126m▍[38;2;158;144;126;48;2;195;178;156m▗[38;2;52;48;42;48;2;146;133;116m▃[0m[38;2;51;45;38m▘[0m  [38;2;0;0;0m    [0m [38;2;39;36;32;48;2;124;113;99m▌[38;2;201;184;162;48;2;161;147;129m▇[38;2;213;195;171;48;2;212;194;170m┈[48;2;213;195;171m  [38;2;211;194;170;48;2;197;186;167m▉[38;2;114;144;150;48;2;193;184;167m▂[38;2;181;175;161;48;2;210;193;169m▖[38;2;192;175;152;48;2;213;195;171m▁▁[38;2;188;173;152;48;2;211;194;171m▁[38;2;129;151;152;48;2;199;186;166m▃[38;2;79;73;64;48;2;166;158;143m▝[0m[38;2;96;88;77m▄[0m [38;2;19;18;16m     [0m
[7m[38;2;30;28;26m▌[0m[38;2;80;73;65;48;2;167;153;134m▍[38;2;146;134;117;48;2;202;185;162m▝[38;2;151;138;121;48;2;45;41;37m▄[0m[38;2;77;71;62m▁[0m [38;2;73;67;59m▂[38;2;75;69;61m▂▂[38;2;59;54;48m▂[0m  [38;2;130;119;104;48;2;50;47;42m▝[38;2;84;77;68;48;2;191;175;153m▃[38;2;101;93;81;48;2;199;182;160m▃[38;2;122;112;98;48;2;201;184;162m▃[38;2;196;179;157;48;2;210;192;168m▏[38;2;210;193;169;48;2;182;170;151m▊[38;2;143;139;128;48;2;75;88;87m▍[38;2;71;57;39;48;2;136;128;115m▆[38;2;81;54;32;48;2;148;133;114m▆[38;2;126;61;54;48;2;150;92;84m━[38;2;98;59;45;48;2;145;131;114m▆[38;2;77;78;72;48;2;93;117;122m▆[38;2;155;149;135;48;2;198;182;161m▍[38;2;149;136;120;48;2;54;50;44m▋[0m[38;2;24;23;20m▌     [0m
[7m[38;2;29;28;25m▌[0m[38;2;79;72;64;48;2;165;151;133m▍[38;2;204;187;164;48;2;212;194;170m▁[38;2;211;193;169;48;2;193;177;155m▇[38;2;125;114;100;48;2;196;179;157m▝[38;2;185;170;149;48;2;93;85;74m▅[38;2;210;193;169;48;2;162;148;130m▆[38;2;212;194;170;48;2;165;151;133m▆▆[38;2;201;184;161;48;2;139;127;111m▆[38;2;165;151;132;48;2;51;47;42m▄[0m[38;2;71;65;58m▃[38;2;53;57;55m▃[38;2;46;60;63;48;2;98;101;95m▋[38;2;63;67;65;48;2;165;151;133m▂[38;2;70;65;58;48;2;176;161;141m▂[38;2;121;111;98;48;2;201;184;161m▃[38;2;195;179;157;48;2;208;191;167m▏[38;2;208;190;167;48;2;170;154;133m▆[38;2;192;175;152;48;2;106;89;68m▄[38;2;187;170;148;48;2;85;62;40m▄[48;2;119;69;59m▄[38;2;188;171;149;48;2;102;73;56m▄[38;2;152;136;116;48;2;197;180;157m▘[38;2;112;103;90;48;2;190;174;152m▂[0m[7m[38;2;103;94;83m▃[0m[38;2;23;22;19m▘     [0m
 [38;2;80;74;65m▝[38;2;99;91;80;48;2;170;156;136m▍[38;2;203;186;163;48;2;212;194;170m▁[38;2;208;190;167;48;2;213;195;171m▁     [38;2;212;194;170;48;2;200;184;161m▇[38;2;211;193;169;48;2;163;149;131m▆[38;2;202;186;165;48;2;145;137;123m▆[38;2;170;163;148;48;2;66;97;105m▄[38;2;91;112;115;48;2;41;78;88m▖[38;2;51;70;74;48;2;100;102;95m▊[38;2;68;72;69;48;2;165;152;133m▂[38;2;72;70;64;48;2;191;175;153m▂[48;2;193;177;155m▂▂▂[38;2;72;69;63m▂[38;2;67;63;56;48;2;189;174;152m▂[0m[7m[38;2;140;128;112m▄[38;2;64;59;52m▆[0m [38;2;1;1;1m      [0m
  [7m[38;2;85;78;68m▆[0m[38;2;29;27;24;48;2;142;131;114m▅[38;2;77;71;63;48;2;160;146;128m▖[38;2;202;184;162;48;2;212;194;170m▏[38;2;210;193;169;48;2;213;195;171m▁[38;2;187;171;150;48;2;207;190;166m▁[38;2;105;94;81;48;2;198;181;159m▂[38;2;129;113;93;48;2;201;184;161m▂[38;2;213;195;171;48;2;211;193;169m┊[38;2;212;194;170;48;2;213;195;171m▁[38;2;209;192;168m▁[38;2;213;195;171;48;2;210;192;169m┈[38;2;202;186;165;48;2;148;147;137m▆[38;2;180;170;153;48;2;69;100;107m▄[38;2;175;166;150;48;2;46;79;89m▄[38;2;171;161;144;48;2;46;77;86m▄[38;2;146;124;91;48;2;44;76;85m▄[38;2;168;157;139;48;2;46;77;86m▄[38;2;169;161;146;48;2;46;77;87m▄[38;2;116;116;109;48;2;40;66;73m▖[0m[38;2;22;35;39m▍[0m [38;2;1;1;1m        [0m
 [38;2;0;0;0m  [38;2;26;24;22m▝[38;2;29;25;20;48;2;82;74;63m▄[38;2;57;46;32;48;2;154;138;118m▅[38;2;90;79;66;48;2;174;158;136m▅[38;2;62;57;50;48;2;169;155;136m▂[0m[7m[38;2;75;67;57m▃[0m[38;2;104;87;67;48;2;60;48;34m▝[38;2;82;72;58;48;2;166;149;129m▅[38;2;88;81;71;48;2;189;173;152m▃[38;2;39;35;31;48;2;141;128;112m▄[38;2;56;45;32;48;2;155;140;120m▅[38;2;58;47;35m▅[38;2;53;48;42;48;2;155;141;123m▅[38;2;39;30;19;48;2;155;140;120m▅[38;2;54;43;29;48;2;153;135;114m▅[38;2;55;44;31;48;2;132;103;62m▅[38;2;28;25;21;48;2;147;131;110m▅[0m[7m[38;2;143;131;115m▅[0m[38;2;66;60;53m▘[0m [38;2;1;1;1m         [0m
[?25h