[?25l[0m [38;2;0;0;0m                   [0m
 [38;2;0;0;0m      [38;2;40;36;31m▗[38;2;56;44;29m▆[38;2;57;45;30m▆[38;2;45;39;33m▖[0m [38;2;48;39;28m▅[38;2;58;46;31m▆[38;2;50;40;29m▅[0m [38;2;14;13;12m    [0m
 [38;2;0;0;0m  [0m [38;2;28;26;23m▁[0m  [38;2;139;127;112;48;2;37;34;31m▗[38;2;196;179;157;48;2;99;89;75m▅[38;2;205;188;165;48;2;122;110;94m▅[38;2;200;183;160;48;2;105;96;84m▆[38;2;200;183;161;48;2;59;54;48m▅[38;2;206;189;166;48;2;129;117;101m▅[38;2;202;185;162;48;2;125;113;98m▆[38;2;193;176;155;48;2;74;67;58m▖[0m[38;2;23;22;20m▎    [0m
 [38;2;0;0;0m [0m [7m[38;2;31;29;26m▌[0m[38;2;60;47;30;48;2;42;35;27m▇[0m[38;2;37;33;30m▌[7m[38;2;24;22;20m▋[0m[38;2;203;186;163;48;2;105;96;85m▝[38;2;106;97;85;48;2;206;189;166m▂[38;2;213;195;171;48;2;202;185;163m┈[38;2;203;188;166;48;2;127;135;130m▋[38;2;70;60;45;48;2;170;165;151m▄[38;2;112;60;48;48;2;193;176;153m▄[38;2;93;62;51;48;2;180;169;152m▄[38;2;103;118;117;48;2;179;168;150m▍[38;2;133;122;106;48;2;27;26;23m▍[0m [38;2;1;1;1m   [0m
 [38;2;0;0;0m [38;2;102;93;82m▗[38;2;169;154;135;48;2;45;37;27m▆[0m[7m[38;2;74;63;48m▗[0m[38;2;30;27;24m▘[7m[38;2;24;22;20m▋[0m[38;2;93;96;93;48;2;48;62;64m▁[38;2;44;69;76;48;2;159;147;129m▄[38;2;101;93;82;48;2;169;155;137m╾[38;2;183;168;147;48;2;208;190;167m▁[38;2;197;180;157;48;2;111;94;71m▆[38;2;202;185;162;48;2;110;78;61m▅[38;2;187;170;149;48;2;110;81;64m▆[38;2;53;49;43;48;2;177;162;141m▃[0m[38;2;96;88;77m▘[0m [38;2;0;0;0m   [0m
 [38;2;0;0;0m [7m[38;2;102;93;82m▌[0m[38;2;205;188;165;48;2;190;174;153m┈[0m[38;2;175;161;141m▄[38;2;117;107;94m▂[38;2;173;158;139m▄[38;2;200;183;161;48;2;129;122;110m▇[38;2;198;184;163;48;2;97;116;117m▅[38;2;201;186;164;48;2;67;90;94m▃[38;2;189;167;138;48;2;72;86;86m▃[38;2;191;171;144;48;2;73;87;87m▃[38;2;201;186;164;48;2;74;88;89m▃[38;2;184;169;149;48;2;65;64;60m▃[0m[38;2;64;58;51m▃[0m [38;2;21;18;15m    [0m
 [38;2;0;0;0m [7m[38;2;60;55;49m▇[0m[38;2;55;50;44;48;2;170;156;137m▖[38;2;159;146;127;48;2;210;193;169m▁[38;2;213;195;171;48;2;198;182;159m▇[48;2;213;195;171m    [38;2;191;175;154;48;2;212;194;170m▁[38;2;134;122;107;48;2;206;189;165m▁[38;2;38;35;31;48;2;190;174;153m▂[38;2;55;50;45;48;2;200;183;161m▃[38;2;172;155;138;48;2;70;61;50m▘[0m[38;2;52;44;34m▘[0m [38;2;1;1;1m   [0m
 [38;2;0;0;0m  [7m[38;2;36;34;31m▌[0m[38;2;57;53;47;48;2;147;134;117m▘[38;2;177;162;142;48;2;209;192;168m▁[38;2;184;167;146;48;2;211;193;169m▁[38;2;203;185;164;48;2;212;194;171m▁[38;2;129;118;104;48;2;205;187;164m▗[38;2;36;33;29;48;2;193;177;155m▃[0m[7m[38;2;131;120;105m▅[38;2;52;48;43m▇[0m   [38;2;0;0;0m     [0m
 [38;2;0;0;0m [0m [7m[38;2;47;38;28m▎[0m[38;2;67;52;33;48;2;93;78;60m▇[38;2;62;51;40;48;2;136;124;108m▆[38;2;62;49;34;48;2;146;131;114m▆[0m[7m[38;2;140;126;110m▅[38;2;58;53;47m▇[0m[38;2;8;7;6m           [0m
 [38;2;0;0;0m  [0m [7m[38;2;25;24;21m▆▆[38;2;27;25;23m▇[0m[38;2;2;2;1m             [0m
[?25h