[?25l[0m [38;2;0;0;0m                   [0m
 [38;2;0;0;0m      [38;2;24;21;19m▁[38;2;47;39;29m▄[38;2;49;40;30m▄[0m  [38;2;37;31;24m▃[38;2;52;43;31m▄[38;2;39;32;25m▃[0m [38;2;0;0;0m    [0m
 [38;2;0;0;0m      [38;2;24;23;20;48;2;71;63;54m▉[38;2;173;158;139;48;2;78;65;49m▃[38;2;176;161;141;48;2;77;63;45m▄[38;2;183;168;147;48;2;54;48;42m▄[0m[38;2;148;136;119m▄[38;2;182;166;146;48;2;72;62;48m▄[38;2;188;172;151;48;2;81;67;51m▄[38;2;134;122;107;48;2;59;50;40m▖[0m[38;2;23;21;19m▎    [0m
 [38;2;0;0;0m [0m [38;2;50;41;30m▅[38;2;42;35;28m▅[0m  [38;2;78;72;63;48;2;182;167;146m▍[38;2;213;195;171;48;2;210;192;168m┈[38;2;207;190;167;48;2;213;195;171m▁[38;2;127;142;140;48;2;207;191;169m▗[38;2;84;82;73;48;2;193;182;163m▂[38;2;107;81;63;48;2;207;189;166m▂[38;2;95;82;71;48;2;199;185;164m▂[38;2;112;104;92;48;2;159;160;149m▝[0m[38;2;121;111;98m▖[0m [38;2;1;1;1m   [0m
 [38;2;0;0;0m [38;2;86;78;68m▗[38;2;184;168;147;48;2;66;53;37m▃[38;2;115;104;89;48;2;39;34;28m▖[0m [7m[38;2;24;22;20m▋[0m[38;2;51;58;58;48;2;112;103;91m▇[38;2;60;67;67;48;2;143;132;116m▂[38;2;104;96;84;48;2;186;171;150m▂[38;2;200;183;161;48;2;167;153;134m▉[38;2;200;182;159;48;2;96;80;59m▃[38;2;194;177;154;48;2;117;66;55m▃[38;2;196;179;156;48;2;112;77;63m▃[38;2;113;104;91;48;2;172;158;138m▁[0m[38;2;88;81;71m▌[0m [38;2;1;1;1m [0m  [0m
 [38;2;0;0;0m [7m[38;2;102;93;82m▌[0m[38;2;190;174;153;48;2;135;124;109m▊[0m[38;2;105;97;85m▃[0m [38;2;101;93;82m▃[38;2;198;182;159;48;2;88;96;93m▄[38;2;162;158;145;48;2;52;84;93m▄[38;2;159;146;128;48;2;80;97;99m▝[38;2;74;88;88;48;2;193;176;155m▅[38;2;75;89;89;48;2;193;177;155m▅[38;2;77;91;92m▅[38;2;67;67;62;48;2;176;161;141m▅[0m[7m[38;2;74;67;59m▇[0m  [38;2;120;119;119m▅[7m[38;2;168;165;165m▍[0m[38;2;119;117;117m▗[0m
 [38;2;0;0;0m [38;2;102;93;82m▝[48;2;202;185;162m▖[38;2;213;195;171;48;2;207;189;166m┈[38;2;207;189;166;48;2;86;79;70m▆[38;2;213;195;171;48;2;206;188;165m┈[48;2;213;195;171m [48;2;209;192;169m▇[48;2;197;182;162m▇[38;2;210;191;166;48;2;182;160;129m▇[48;2;185;165;137m▇[38;2;152;138;121;48;2;208;191;168m▁[38;2;145;132;116;48;2;199;183;160m▁[38;2;132;119;105;48;2;67;54;40m▋[0m[38;2;62;57;53m▆[0m [38;2;119;117;117m┏[7m[38;2;116;115;115m▅[38;2;142;140;140m▚[0m
 [38;2;0;0;0m [0m [7m[38;2;74;68;61m▌[0m[38;2;74;69;61;48;2;155;142;125m┓[38;2;201;184;161;48;2;213;195;171m▏  [38;2;213;195;171;48;2;209;191;168m┈[38;2;117;107;94;48;2;205;188;165m▁[0m[7m[38;2;173;158;139m▃[38;2;156;143;125m▅[38;2;55;51;45m▆[38;2;44;41;36m▆[38;2;39;36;33m▆[0m [38;2;0;0;0m [0m   [0m
 [38;2;0;0;0m [0m [7m[38;2;46;39;30m▘[0m[38;2;81;64;42;48;2;165;150;131m▆[38;2;75;62;49;48;2;175;160;140m▄[38;2;79;63;43;48;2;181;165;144m▄[38;2;25;22;19;48;2;143;129;112m▁[0m[7m[38;2;128;118;103m▅[38;2;29;27;24m▆[0m [38;2;0;0;0m         [0m
 [38;2;0;0;0m [0m [38;2;38;32;25m▝[7m[38;2;46;39;31m▄[38;2;44;39;33m▄[38;2;40;34;26m▄[0m [38;2;1;1;1m            [0m
[?25h