[?25l[0m [38;2;0;0;0m                   [0m
 [38;2;0;0;0m                   [0m
 [38;2;0;0;0m       [0m  [38;2;0;0;0m   [0m [38;2;0;0;0m      [0m
  [38;2;45;37;27m▄[38;2;26;23;20m▖   [38;2;43;39;34m▗[38;2;67;52;33;48;2;38;32;26m▄[0m[38;2;60;48;33m▇[38;2;66;60;52m▁[0m [38;2;57;47;35m▅[38;2;62;50;36m▇[7m[38;2;49;40;30m▝[0m [38;2;14;13;12m    [0m
 [38;2;84;74;62m▂[38;2;85;72;56;48;2;62;48;30m▁[0m[38;2;43;39;33m▌  [0m [38;2;163;149;131;48;2;44;41;36m▗[38;2;203;186;163;48;2;117;106;92m▅[38;2;204;187;164;48;2;127;115;100m▆[38;2;197;181;159;48;2;115;106;92m▇[38;2;197;180;159;48;2;60;55;49m▆[38;2;205;188;165;48;2;137;124;108m▆[38;2;206;189;166;48;2;151;137;120m▆[38;2;191;177;157;48;2;86;79;69m▖[0m [38;2;0;0;0m    [0m
[7m[38;2;92;85;74m▋[0m[38;2;186;170;149;48;2;145;133;117m▊[0m[38;2;119;108;94m▘[0m [38;2;0;0;0m  [0m [38;2;203;186;163;48;2;89;82;73m▝[38;2;104;95;84;48;2;196;179;157m▂[38;2;208;190;167;48;2;200;183;161m┊[38;2;196;182;161;48;2;110;122;119m▊[38;2;78;68;51;48;2;169;165;151m▅[38;2;117;66;55;48;2;195;177;155m▅[38;2;101;69;58;48;2;180;170;153m▅[38;2;101;115;113;48;2;184;172;154m▍[38;2;139;128;112;48;2;29;27;25m▍[0m [38;2;1;1;1m   [0m
[7m[38;2;87;80;70m▋[0m[38;2;160;147;129;48;2;201;184;161m▁[38;2;203;186;163;48;2;116;106;93m▆[0m[38;2;193;176;155m▄[38;2;191;175;154m▄▄▄[38;2;137;141;132;48;2;42;52;53m▄[38;2;47;71;78;48;2;166;153;135m▅[38;2;69;64;57;48;2;156;145;128m╸[38;2;148;135;118;48;2;207;189;166m▁[38;2;195;178;156;48;2;133;116;95m▆[38;2;193;176;154;48;2;106;80;62m▆[38;2;184;168;147;48;2;126;104;86m▆[0m[7m[38;2;163;150;131m▃[0m[38;2;74;68;60m▘    [0m
 [38;2;169;155;135m▝[38;2;76;70;62;48;2;200;183;161m▃[38;2;199;182;160;48;2;212;194;170m▏[48;2;213;195;171m   [38;2;213;195;171;48;2;212;194;170m┈[38;2;197;183;163;48;2;98;118;119m▆[38;2;199;184;164;48;2;55;82;89m▄[38;2;189;168;141;48;2;56;75;78m▄[38;2;191;172;147;48;2;57;75;79m▄[38;2;190;176;156;48;2;68;80;80m▖[0m[38;2;29;37;38m▍[0m [38;2;0;0;0m     [0m
 [38;2;0;0;0m [7m[38;2;94;86;76m▌[0m[38;2;153;137;117;48;2;203;186;163m▁[38;2;213;195;171;48;2;210;193;169m┈[38;2;142;128;110;48;2;212;194;170m▂[38;2;181;163;142;48;2;210;192;169m▁[38;2;166;153;134;48;2;209;192;168m▁[38;2;213;195;171;48;2;210;192;169m┈[38;2;153;140;124;48;2;208;191;167m▁[38;2;213;195;171;48;2;210;192;169m┈[38;2;206;188;165;48;2;182;167;146m▉[0m[7m[38;2;126;115;101m▗[0m [38;2;18;17;15m      [0m
 [38;2;0;0;0m [7m[38;2;38;33;27m▍[0m[38;2;62;47;29;48;2;114;98;78m▆[38;2;56;50;43;48;2;171;156;136m▄[38;2;23;22;20;48;2;64;53;41m▁[38;2;156;140;120;48;2;72;59;43m▝[38;2;27;25;22;48;2;111;102;89m▂[38;2;60;46;29;48;2;153;138;120m▆[38;2;55;47;38;48;2;113;102;90m▆[38;2;26;24;20;48;2;91;77;61m▂[38;2;59;46;28;48;2;140;124;109m▆[0m[38;2;38;34;30m▌       [0m
[?25h