[?25l[0m [38;2;0;0;0m      [7m[38;2;34;31;27m▌[0m[38;2;94;81;65;48;2;57;45;31m▗[38;2;114;102;87;48;2;58;46;30m▂[0m[38;2;114;104;91m▂[38;2;60;55;49m▁[38;2;75;64;51;48;2;26;23;20m▆[38;2;133;120;104;48;2;59;47;32m▂[0m[38;2;52;43;32m▇[0m [38;2;17;16;15m    [0m
 [38;2;0;0;0m [0m [38;2;35;30;23m▃[38;2;34;29;23m▂[0m  [38;2;196;179;157;48;2;64;59;52m▗[38;2;202;185;163;48;2;130;119;104m▇[38;2;209;191;167;48;2;156;143;125m▇[38;2;201;188;167;48;2;170;156;137m▇[38;2;200;185;164;48;2;114;104;91m▇[38;2;209;192;168;48;2;166;152;133m▇[38;2;206;190;168;48;2;177;162;142m▇[38;2;71;66;59;48;2;153;145;131m▝[0m[38;2;66;61;53m▁    [0m
 [38;2;0;0;0m [38;2;29;26;22m▂[38;2;43;38;31;48;2;63;48;31m▎[0m[38;2;52;44;34m▊[0m [7m[38;2;24;22;20m▋[0m[38;2;190;174;153;48;2;74;68;60m▝[38;2;99;90;79;48;2;182;166;146m─[38;2;146;134;117;48;2;204;187;164m╴[38;2;198;183;162;48;2;125;129;122m▊[38;2;86;72;54;48;2;138;137;127m▆[38;2;107;59;45;48;2;164;147;127m▆[38;2;100;69;56;48;2;149;141;127m▆[38;2;116;122;115;48;2;191;177;157m▍[38;2;121;111;98;48;2;24;22;20m▌[0m [38;2;1;1;1m   [0m
 [38;2;0;0;0m [7m[38;2;98;90;79m▌[0m[38;2;119;109;95;48;2;184;168;147m▗[0m[38;2;115;105;91m▘[0m  [38;2;134;126;114;48;2;43;66;71m▃[38;2;64;85;89;48;2;160;148;130m▇[38;2;191;175;154;48;2;111;108;98m╺[38;2;80;80;74;48;2;203;186;163m▂[48;2;197;180;158m▂[38;2;80;79;74;48;2;193;176;154m▂[38;2;68;64;58;48;2;187;171;149m▂[0m[7m[38;2;139;127;112m▄[38;2;48;44;39m▇[0m [38;2;119;117;117m▂[38;2;179;177;177m▗[0m [0m
 [38;2;0;0;0m [7m[38;2;99;90;80m▌[0m[38;2;208;191;167;48;2;202;185;162m┊[38;2;190;174;153;48;2;73;67;59m▆[0m[38;2;171;156;137m▄[38;2;200;183;160;48;2;91;84;74m▅[38;2;212;194;171;48;2;190;175;153m▇[38;2;204;188;166;48;2;146;146;137m▇[38;2;195;181;162;48;2;36;80;93m▆[38;2;200;180;152;48;2;66;92;97m▅[38;2;202;182;156;48;2;66;93;98m▅[38;2;195;181;161;48;2;37;77;88m▆[38;2;191;175;155;48;2;42;49;50m▆[38;2;170;154;137;48;2;76;65;54m▖[0m[38;2;51;43;33m▖[0m [7m[38;2;119;117;117m▅[0m[38;2;180;178;178m▝[7m[38;2;167;165;165m▋[0m
 [38;2;0;0;0m [0m [7m[38;2;117;108;95m▖[0m[38;2;84;77;68;48;2;199;182;159m▂[38;2;206;189;165;48;2;213;195;171m▏    [38;2;126;115;101;48;2;201;184;161m▁[38;2;30;28;25;48;2;188;172;151m▂[0m[7m[38;2;171;157;137m▄[38;2;151;138;121m▄[38;2;54;49;44m▅[0m [38;2;1;1;1m   [0m [0m
 [38;2;0;0;0m [0m [7m[38;2;38;34;30m▌[0m[38;2;102;91;76;48;2;164;149;129m▋[38;2;131;119;103;48;2;202;185;162m▂[38;2;140;125;108;48;2;205;187;164m▂[38;2;137;124;109;48;2;206;188;166m▁[0m[7m[38;2;187;171;150m▂[38;2;184;168;148m▃[0m[38;2;72;66;58m▘[0m [38;2;0;0;0m        [0m
 [38;2;0;0;0m [0m [7m[38;2;48;39;29m▃[38;2;62;48;30m▂[38;2;59;49;38m▂[38;2;59;46;31m▂[38;2;45;37;29m▅[0m [38;2;0;0;0m           [0m
 [38;2;0;0;0m                   [0m
 [38;2;0;0;0m                   [0m
[?25h