[?25l[0m [38;2;0;0;0m                   [0m
 [38;2;0;0;0m                   [0m
 [38;2;0;0;0m      [38;2;42;37;33m▗[38;2;58;46;30m▆[38;2;59;47;31m▆[38;2;49;43;36m▖[0m [38;2;51;41;30m▅[38;2;60;48;33m▆[38;2;52;42;30m▅[0m [38;2;13;12;11m    [0m
 [38;2;0;0;0m  [0m [38;2;27;24;21m▂[0m  [38;2;148;136;119;48;2;40;37;33m▗[38;2;200;183;161;48;2;109;98;85m▅[38;2;208;191;167;48;2;133;120;104m▅[38;2;194;178;156;48;2;100;91;79m▇[38;2;191;175;154;48;2;50;46;41m▆[38;2;203;185;163;48;2;126;114;98m▆[38;2;204;187;164;48;2;139;126;109m▆[38;2;193;178;157;48;2;81;74;64m▖[0m [38;2;0;0;0m    [0m
 [38;2;0;0;0m [0m [7m[38;2;33;30;27m▌[0m[38;2;61;47;30;48;2;46;38;28m▇[0m[38;2;38;35;31m▌[7m[38;2;24;22;20m▋[0m[38;2;203;186;163;48;2;98;90;79m▝[38;2;120;110;96;48;2;211;193;169m▃[38;2;209;191;168;48;2;201;184;162m┊[38;2;203;188;166;48;2;126;133;128m▋[38;2;80;70;54;48;2;178;172;158m▅[38;2;119;71;58;48;2;202;185;162m▅[38;2;102;72;61;48;2;188;177;159m▅[38;2;102;116;115;48;2;182;171;152m▍[38;2;137;125;109;48;2;28;27;24m▍[0m [38;2;1;1;1m   [0m
 [38;2;0;0;0m [38;2;102;93;82m▗[38;2;171;156;137;48;2;62;53;43m▆[0m[7m[38;2;76;65;50m▃[0m[38;2;27;24;21m▘[7m[38;2;24;22;20m▋[0m[38;2;108;106;99;48;2;49;63;66m▁[38;2;54;75;80;48;2;172;158;139m▅[38;2;102;96;87;48;2;170;156;137m▖[38;2;167;152;134;48;2;208;191;167m▁[38;2;197;180;158;48;2;122;105;84m▆[38;2;194;177;155;48;2;98;67;51m▆[38;2;186;170;149;48;2;117;93;75m▆[0m[7m[38;2;171;157;137m▃[0m[38;2;86;79;69m▘    [0m
 [38;2;0;0;0m [7m[38;2;102;93;82m▌[0m[38;2;205;188;165;48;2;193;177;155m┈[38;2;183;168;147;48;2;50;46;41m▄[0m[38;2;111;102;90m▃[38;2;181;166;145m▄[38;2;204;187;164;48;2;138;129;115m▇[38;2;193;180;161;48;2;89;111;114m▆[38;2;191;178;159;48;2;50;80;88m▄[38;2;180;162;136;48;2;56;78;81m▄[38;2;182;165;142m▄[38;2;191;178;159;48;2;57;78;81m▄[38;2;175;161;141;48;2;50;52;50m▄[0m[38;2;76;68;59m▃[38;2;26;22;18m▁    [0m
 [38;2;0;0;0m [7m[38;2;60;55;49m▇[0m[38;2;50;46;41;48;2;164;150;131m▖[38;2;141;130;114;48;2;209;191;168m▁[38;2;213;195;171;48;2;212;194;170m┈[48;2;213;195;171m    [38;2;185;169;149;48;2;211;193;170m▁[38;2;139;127;112;48;2;209;192;168m▂[38;2;48;44;39;48;2;199;182;160m▃[38;2;38;35;32;48;2;194;178;156m▃[0m[7m[38;2;114;100;85m▂[0m[38;2;52;44;34m▘[0m [38;2;1;1;1m   [0m
 [38;2;0;0;0m  [7m[38;2;35;33;30m▌[0m[38;2;59;55;49;48;2;146;133;115m▘[38;2;168;154;135;48;2;208;191;167m▁[38;2;176;160;140;48;2;210;192;168m▁[38;2;200;183;162;48;2;212;194;170m▁[38;2;113;104;91;48;2;202;185;162m▂[0m[7m[38;2;185;170;149m▃[38;2;116;106;93m▅[38;2;27;26;23m▆[0m [38;2;0;0;0m       [0m
 [38;2;0;0;0m [0m [38;2;25;22;19;48;2;46;37;27m▂[38;2;64;50;32;48;2;90;75;57m▇[38;2;57;48;37;48;2;126;114;99m▆[38;2;66;49;28;48;2;77;65;49m┈[0m[7m[38;2;119;106;91m▅[38;2;50;46;41m▇[0m[38;2;5;5;4m           [0m
[?25h