[?25l[0m [38;2;0;0;0m      [0m [38;2;43;36;28m▄[38;2;44;37;29m▄[0m  [38;2;39;33;26m▗[38;2;47;40;31m▄[38;2;34;29;23m▃[0m [38;2;0;0;0m    [0m
 [38;2;0;0;0m      [7m[38;2;66;59;51m▉[0m[38;2;161;147;129;48;2;75;61;44m▃[38;2;167;153;133;48;2;72;58;39m▄[38;2;175;160;140;48;2;45;41;35m▄[0m[38;2;158;145;127m▃[38;2;173;159;139;48;2;66;55;42m▄[38;2;181;166;145;48;2;74;60;43m▄[38;2;121;111;97;48;2;58;49;38m▂[0m[38;2;23;21;19m▎    [0m
 [38;2;0;0;0m [0m [38;2;48;39;29m▅[38;2;40;34;27m▅[0m  [38;2;76;70;61;48;2;180;165;144m▍[38;2;213;195;171;48;2;211;193;169m┈[38;2;212;195;171;48;2;213;195;171m▁[38;2;131;145;143;48;2;208;192;170m▗[38;2;92;92;82;48;2;198;185;166m▂[38;2;109;90;68;48;2;209;191;168m▂[38;2;99;91;78;48;2;202;188;166m▂[38;2;103;96;85;48;2;161;161;150m▝[0m[38;2;118;108;95m▖[0m [38;2;1;1;1m   [0m
 [38;2;0;0;0m [38;2;80;73;63m▗[38;2;177;160;139;48;2;59;45;29m▃[38;2;108;97;82;48;2;40;34;28m▖[0m [7m[38;2;24;22;20m▋[0m[38;2;55;60;58;48;2;125;114;100m▇[38;2;76;79;75;48;2;151;138;121m▂[38;2;111;101;89;48;2;191;175;153m▂[38;2;199;183;160;48;2;162;150;132m▉[38;2;193;176;153;48;2;89;73;53m▃[38;2;184;167;145;48;2;111;59;46m▃[38;2;189;172;150;48;2;105;70;57m▃[38;2;125;115;101;48;2;173;159;140m▁[0m[38;2;94;86;76m▌[0m [38;2;1;1;1m [0m [38;2;21;20;20m [0m
 [38;2;0;0;0m [7m[38;2;102;93;82m▌[0m[38;2;190;174;152;48;2;133;122;107m▊[0m[38;2;110;101;88m▂[0m [38;2;106;97;85m▂[38;2;193;177;155;48;2;77;89;89m▄[38;2;169;163;148;48;2;59;87;95m▃[38;2;168;154;135;48;2;74;92;94m▝[38;2;72;87;87;48;2;200;184;161m▅[38;2;72;87;88;48;2;202;185;162m▅[38;2;74;89;90m▅[38;2;65;65;60;48;2;186;170;149m▅[0m[7m[38;2;89;81;72m▇[0m  [38;2;120;119;119m▅[7m[38;2;163;161;161m▍[0m [0m
 [38;2;0;0;0m [38;2;102;93;82m▝[38;2;110;101;89;48;2;203;185;163m▖[38;2;209;192;168;48;2;172;157;138m▇[38;2;202;185;162;48;2;67;61;54m▆[38;2;209;191;168;48;2;169;154;135m▇[48;2;213;195;171m [38;2;213;195;171;48;2;205;189;166m▇[48;2;182;171;154m▇[38;2;209;190;163;48;2;168;151;125m▇[38;2;210;190;165;48;2;171;155;132m▇[38;2;169;154;136;48;2;208;191;168m▁[38;2;199;182;160;48;2;162;149;132m▇[38;2;166;150;133;48;2;84;73;61m▖[0m[38;2;49;41;32m▖[0m   [7m[38;2;139;138;138m▚[0m
 [38;2;0;0;0m [0m [7m[38;2;65;60;53m▖[0m[38;2;69;64;57;48;2;157;144;126m┓[38;2;201;184;161;48;2;213;195;171m▏  [38;2;213;195;171;48;2;210;192;169m┈[38;2;139;127;111;48;2;208;190;167m▁[38;2;51;46;41;48;2;181;166;145m▃[0m[7m[38;2;169;155;136m▅[38;2;78;72;64m▆[38;2;68;63;56m▆[38;2;53;48;43m▆[0m [38;2;0;0;0m   [0m [0m
 [38;2;0;0;0m [0m [7m[38;2;45;38;29m▘[0m[38;2;77;59;37;48;2;158;143;124m▅[38;2;81;69;56;48;2;183;167;147m▄[38;2;85;70;51;48;2;188;171;150m▄[38;2;50;42;33;48;2;190;173;153m▃[0m[7m[38;2;144;131;115m▅[38;2;41;38;34m▆[0m [38;2;0;0;0m         [0m
 [38;2;0;0;0m [0m [7m[38;2;36;30;23m▅[38;2;50;42;32m▄[38;2;47;41;34m▄[38;2;44;37;27m▄[0m [38;2;2;2;1m            [0m
 [38;2;0;0;0m                   [0m
[?25h