[?25l[0m [38;2;0;0;0m                   [0m
 [38;2;0;0;0m                   [0m
 [38;2;0;0;0m                   [0m
 [38;2;0;0;0m                   [0m
  [38;2;30;27;23m▂[0m [38;2;0;0;0m    [0m [38;2;39;35;30m▃[38;2;33;29;25m▂[0m  [38;2;32;28;24m▃[38;2;38;34;30m▃[0m [38;2;16;14;12m    [0m
 [7m[38;2;34;30;27m▋[0m[38;2;66;48;26;48;2;59;46;31m┊[0m[38;2;43;39;33m▌   [0m [38;2;77;71;63;48;2;45;38;31m▁[38;2;163;148;130;48;2;71;56;38m▃[38;2;150;136;119;48;2;65;53;37m▃[0m[38;2;123;113;99m▃[38;2;140;128;113m▃[38;2;146;134;117;48;2;67;53;36m▃[38;2;149;136;119;48;2;70;55;36m▃[0m[38;2;52;46;39m▋[0m [38;2;1;1;1m   [0m
[7m[38;2;92;84;74m▊[0m[38;2;176;161;141;48;2;76;67;56m▆[38;2;119;104;85;48;2;42;37;30m▘[0m[38;2;26;23;20m▘   [7m[38;2;78;71;63m▊[0m[38;2;195;179;157;48;2;115;105;92m▆[38;2;213;195;171;48;2;206;189;166m▇[48;2;204;187;164m▇[38;2;131;146;144;48;2;198;186;167m▂[38;2;149;135;117;48;2;208;191;168m▁[38;2;152;136;117;48;2;209;191;168m▁[38;2;126;139;135;48;2;199;186;166m▂[38;2;25;23;21;48;2;143;134;119m▝[0m [38;2;28;26;23m   [0m
[7m[38;2;95;88;77m▋[0m[38;2;203;186;163;48;2;194;178;156m┊[38;2;182;167;146;48;2;52;48;42m▅[0m[38;2;152;140;122m▄[38;2;179;164;144m▅[38;2;178;163;142m▅[38;2;121;111;98m▃[38;2;54;50;45m▝[38;2;86;84;77;48;2;183;167;147m▆[38;2;125;115;101;48;2;169;155;136m▁[38;2;160;147;128;48;2;207;190;166m▁[38;2;73;77;72;48;2;186;171;150m▝[38;2;166;150;129;48;2;75;56;33m▂[38;2;163;147;127;48;2;123;62;54m▂[38;2;176;159;137;48;2;88;79;68m▃[38;2;180;166;146;48;2;120;110;96m▊[0m[38;2;40;36;33m▍   [0m
 [38;2;33;30;27;48;2;143;131;115m▖[38;2;113;103;91;48;2;206;189;165m▁[38;2;213;195;171;48;2;212;194;170m┈[48;2;213;195;171m  [48;2;209;191;167m┈[38;2;210;192;169;48;2;123;114;101m▆[38;2;186;175;157;48;2;73;99;104m▄[38;2;108;125;124;48;2;59;79;83m▁[38;2;40;67;74;48;2;163;150;132m▃[38;2;63;79;80;48;2;206;189;165m▄▄[38;2;37;58;63;48;2;191;175;153m▃[0m[7m[38;2;164;150;132m▄[38;2;66;61;54m▇[0m[38;2;9;8;7m    [0m
  [38;2;98;89;79m▝[38;2;69;58;45;48;2;197;179;157m▄[38;2;75;69;60;48;2;188;172;150m▂[38;2;23;22;20;48;2;98;86;72m▁[38;2;90;78;65;48;2;193;176;153m▄[0m[7m[38;2;169;155;136m▁[0m[38;2;67;57;45;48;2;202;184;161m▄[38;2;68;60;51;48;2;181;169;151m▄[38;2;39;31;21;48;2;158;148;132m▃[38;2;64;52;37;48;2;148;129;100m▄[0m[7m[38;2;153;144;129m▃[0m[38;2;110;110;102m▘[0m [38;2;3;4;4m     [0m
[?25h