[?25l[0m [38;2;0;0;0m                   [0m
 [38;2;0;0;0m                   [0m
 [38;2;0;0;0m                   [0m
 [38;2;0;0;0m                   [0m
 [38;2;0;0;0m                   [0m
  [38;2;51;41;29m▄[38;2;34;30;26m▖   [0m [38;2;43;36;28m▃[38;2;58;46;30m▅[38;2;47;38;27m▅[0m [38;2;26;24;21m▗[38;2;52;41;28m▅[38;2;57;45;30m▅[38;2;35;31;25m▃[0m [38;2;0;0;0m   [0m
 [38;2;130;118;102m▂[38;2;96;85;71;48;2;64;50;32m▁[0m[38;2;41;37;32m▌   [0m [38;2;157;144;126;48;2;55;49;42m▗[38;2;195;179;157;48;2;96;84;69m▅[38;2;201;184;162;48;2;103;91;75m▄[0m[38;2;180;165;145m▅[38;2;188;172;151;48;2;58;53;47m▅[38;2;201;184;161;48;2;101;89;73m▄[38;2;200;183;160;48;2;103;90;75m▄[0m[38;2;72;65;57m▋[0m [38;2;1;1;1m   [0m
[7m[38;2;95;87;77m▋[0m[38;2;189;173;152;48;2;147;135;118m▊[0m[38;2;84;77;68m▌[0m [38;2;5;5;4m   [7m[38;2;66;61;54m▌[0m[38;2;118;109;95;48;2;196;179;157m▁[38;2;134;123;108;48;2;209;191;167m▁[38;2;213;195;171;48;2;212;194;170m┈[38;2;71;86;88;48;2;172;169;156m▗[38;2;76;59;38;48;2;197;180;158m▃[38;2;121;67;58;48;2;199;182;159m▃[38;2;84;86;81;48;2;179;176;162m▄[38;2;167;156;139;48;2;96;89;79m▆[0m[38;2;41;38;34m▎   [0m
[7m[38;2;80;74;65m▋[0m[38;2;133;122;106;48;2;198;181;159m▁[38;2;202;185;162;48;2;125;114;100m▇[38;2;191;175;153;48;2;33;30;27m▅[38;2;189;173;152;48;2;23;21;19m▅[0m[38;2;188;172;151m▅[38;2;135;124;109m▄[38;2;141;130;115m▃[38;2;122;113;100;48;2;54;72;75m▝[38;2;56;62;61;48;2;157;144;126m▃[38;2;138;126;111;48;2;201;185;162m▖[38;2;203;185;162;48;2;135;118;99m▇[38;2;206;188;165;48;2;93;73;50m▄[38;2;206;188;164;48;2;131;77;67m▄[38;2;109;88;69;48;2;179;163;142m▘[0m[7m[38;2;164;150;131m▃[0m[38;2;37;34;30m▘   [0m
 [38;2;152;139;122m▝[7m[38;2;169;155;136m▖[0m[38;2;196;179;157;48;2;212;194;170m▏[38;2;213;195;171;48;2;209;192;168m┈[38;2;157;145;127;48;2;208;190;167m▁[48;2;213;195;171m [38;2;213;195;171;48;2;212;194;171m┈[38;2;204;188;166;48;2;133;138;132m▆[38;2;184;173;156;48;2;68;96;102m▃[38;2;192;179;160;48;2;91;101;99m▂[38;2;39;73;83;48;2;134;122;104m━[38;2;190;176;156;48;2;93;101;98m▂[38;2;54;67;69;48;2;164;150;131m▆[0m[7m[38;2;97;89;78m▆[0m [38;2;0;0;0m    [0m
[?25h