[?25l[0m [38;2;0;0;0m                               [0m
 [38;2;0;0;0m           [0m  [38;2;24;23;21m▂[0m  [38;2;0;0;0m  [0m  [38;2;24;23;21m▂[38;2;23;21;20m▂[0m [38;2;7;7;6m        [0m
 [38;2;0;0;0m          [0m [38;2;43;37;31m▅[38;2;63;47;28;48;2;42;38;33m▆[38;2;61;47;31;48;2;41;38;35m▇[38;2;59;46;29;48;2;36;33;30m▇[0m[38;2;40;35;30m▅[0m  [38;2;36;32;28m▅[38;2;38;32;26;48;2;60;46;30m▘[38;2;61;47;30;48;2;41;38;35m▇[38;2;61;47;29;48;2;39;36;33m▇[0m[38;2;46;40;32m▅[0m [38;2;21;19;18m       [0m
 [38;2;0;0;0m          [0m [38;2;75;69;60;48;2;43;39;34m▗[38;2;155;142;125;48;2;80;68;54m▂[38;2;183;168;147;48;2;86;76;64m▅[38;2;154;141;124;48;2;86;73;58m▃[38;2;182;167;146;48;2;78;70;61m▅[0m[38;2;125;114;100m▄[38;2;117;108;94m▄[38;2;181;165;145;48;2;74;67;58m▅[38;2;156;143;125;48;2;87;74;59m▃[38;2;181;166;145;48;2;86;76;63m▅[38;2;148;136;119;48;2;82;69;53m▃[38;2;82;75;66;48;2;48;43;37m▖[0m [38;2;22;20;18m       [0m
 [38;2;0;0;0m    [0m [38;2;29;25;21m▗[38;2;37;32;26m▄[0m   [38;2;131;120;105;48;2;34;31;28m▗[38;2;194;177;155;48;2;107;98;86m▅[38;2;210;192;169;48;2;190;174;152m▇[38;2;213;195;171;48;2;209;192;168m▇[48;2;200;183;160m▇[48;2;211;194;170m┈[38;2;183;178;165;48;2;210;192;169m▂[38;2;211;194;171;48;2;197;180;158m▇[38;2;213;195;171;48;2;209;191;168m▇[48;2;200;183;160m▇[38;2;212;195;171;48;2;209;191;167m▇[38;2;204;189;168;48;2;186;173;155m▊[38;2;143;133;117;48;2;68;63;56m▋[0m[38;2;55;50;44m▖[0m [38;2;6;6;5m      [0m
 [38;2;0;0;0m    [7m[38;2;23;22;19m▌[0m[38;2;37;34;31;48;2;53;44;34m▏[38;2;67;49;26;48;2;62;47;29m╴[0m[38;2;42;38;34m▋[0m  [38;2;46;42;38;48;2;132;121;106m▌[38;2;171;156;137;48;2;205;188;165m▂[38;2;177;162;142;48;2;213;195;171m▂[38;2;183;167;147m▂[38;2;213;195;171;48;2;212;194;170m┈[38;2;210;193;169;48;2;179;171;156m▊[38;2;55;81;88;48;2;120;138;139m▗[38;2;81;71;56;48;2;181;170;153m▄[38;2;90;68;47;48;2;195;178;155m▄[38;2;115;74;61m▄[38;2;94;71;55;48;2;190;175;154m▄[38;2;71;89;92;48;2;119;143;146m▄[38;2;157;156;147;48;2;196;181;160m▍[38;2;141;129;113;48;2;48;45;40m▋[0m [38;2;22;21;19m      [0m
 [38;2;0;0;0m  [0m [38;2;53;49;43m▂[38;2;101;90;77m▃[38;2;118;102;85;48;2;59;46;31m▂[38;2;54;43;30;48;2;65;49;30m▗[0m[38;2;40;37;32m▋[0m  [38;2;49;47;43;48;2;45;43;39m┇[38;2;64;63;58;48;2;111;102;91m▋[38;2;174;159;140;48;2;99;91;80m▅[38;2;184;169;148;48;2;123;112;99m▅[38;2;175;161;141;48;2;205;188;165m▁[38;2;195;178;156;48;2;211;193;169m▝[38;2;190;173;151;48;2;109;96;81m▅[38;2;149;133;113;48;2;83;66;43m▂[38;2;133;118;99;48;2;81;52;30m▂[38;2;119;87;72;48;2;170;73;76m▄[38;2;139;124;105;48;2;102;62;48m▂[38;2;178;161;140;48;2;91;78;62m▅[38;2;175;160;139;48;2;198;181;159m▘[38;2;136;125;109;48;2;46;43;38m▋[0m [38;2;21;20;18m      [0m
 [38;2;0;0;0m  [7m[38;2;25;23;21m▌[0m[38;2;59;55;49;48;2;150;138;120m▍[38;2;162;148;130;48;2;198;182;159m▗[38;2;52;47;42;48;2;149;136;119m▃[0m[38;2;58;52;45m▘[0m   [38;2;61;73;74;48;2;40;45;45m▗[38;2;101;114;114;48;2;42;80;91m▂[38;2;48;73;80;48;2;129;119;106m▇[38;2;72;73;69;48;2;134;123;108m▇[38;2;109;100;88;48;2;169;155;136m▘[38;2;175;160;140;48;2;205;188;165m▁[48;2;211;193;169m▁[48;2;207;189;165m▁[48;2;206;188;165m▁▁[38;2;168;154;135;48;2;204;186;163m▁[38;2;93;85;75;48;2;187;171;150m▃[0m[7m[38;2;109;100;88m▄[38;2;50;46;40m▇[0m [38;2;0;0;0m      [0m
 [38;2;0;0;0m  [7m[38;2;26;25;22m▌[0m[38;2;62;58;51;48;2;156;143;125m▍[38;2;162;148;130;48;2;205;188;165m▝[38;2;171;156;137;48;2;65;60;53m▄[0m[38;2;81;74;65m▖[0m  [38;2;102;93;82m▄[38;2;73;67;60;48;2;177;162;142m▘[38;2;204;188;165;48;2;164;157;142m▆[38;2;176;167;151;48;2;71;101;108m▅[38;2;120;128;125;48;2;54;88;97m▂[38;2;132;135;129;48;2;66;84;86m▁[38;2;66;83;86;48;2;142;130;114m▇[38;2;62;78;80m▇[38;2;65;83;85m▇[38;2;132;135;129;48;2;68;83;84m▁[38;2;132;134;128;48;2;68;82;83m▁[38;2;66;66;62;48;2;136;124;109m▇[0m[38;2;51;47;41m▏[0m  [38;2;4;3;3m       [0m
 [38;2;0;0;0m  [7m[38;2;25;23;21m▌[0m[38;2;60;55;49;48;2;151;139;122m▍[38;2;192;176;154;48;2;211;193;169m▁[38;2;212;194;170;48;2;201;185;162m▇[38;2;149;136;120;48;2;204;186;163m▝[38;2;184;169;148;48;2;55;51;45m▅[38;2;191;174;153;48;2;89;82;72m▅[38;2;208;191;167;48;2;172;157;138m▇[48;2;213;195;171m  [38;2;213;195;171;48;2;207;190;168m▇[38;2;211;193;170;48;2;173;164;149m▇[38;2;210;193;170;48;2;168;160;146m▇[38;2;211;192;167;48;2;177;165;146m▆[38;2;208;187;161;48;2;169;139;100m▄[38;2;210;191;166;48;2;176;162;143m▆[38;2;210;193;170;48;2;168;160;146m▇[38;2;210;193;169;48;2;168;160;145m▇[38;2;210;192;169;48;2;175;162;142m▆[38;2;67;61;55;48;2;164;150;132m▝[38;2;87;74;61;48;2;30;28;25m▆[0m[38;2;45;38;30m▄[0m [38;2;19;18;16m      [0m
 [38;2;0;0;0m  [0m [7m[38;2;59;54;47m▆[0m[38;2;74;68;61;48;2;155;142;125m▍[38;2;187;171;151;48;2;211;193;169m▁[38;2;197;180;158;48;2;213;195;171m▁         [38;2;194;177;156m▁[38;2;180;165;145;48;2;210;192;169m▁[38;2;103;94;83;48;2;200;183;160m▃[38;2;69;64;57;48;2;197;180;158m▃[38;2;69;63;56;48;2;196;179;157m▃[38;2;65;59;53;48;2;176;161;143m▃[38;2;135;120;104;48;2;63;54;43m▘[0m[7m[38;2;48;41;32m▄[0m [38;2;21;20;18m      [0m
 [38;2;0;0;0m   [0m [7m[38;2;61;56;49m▆[0m[38;2;51;47;43;48;2;140;128;113m▆[38;2;94;87;76;48;2;163;149;131m▌[38;2;195;178;156;48;2;212;194;170m▏[48;2;213;195;171m     [38;2;197;181;159m▁[38;2;181;166;145;48;2;209;191;168m▁[38;2;95;87;76;48;2;191;175;153m▃[0m[7m[38;2;119;109;96m▄[38;2;89;82;72m▄[38;2;54;50;44m▇[0m     [38;2;0;0;0m       [0m
 [38;2;0;0;0m   [0m [7m[38;2;24;23;20m▌[0m[38;2;137;125;109;48;2;69;62;53m▝[38;2;125;109;90;48;2;183;167;146m▖[38;2;175;160;140;48;2;205;187;164m▁[38;2;135;124;108m▃[38;2;181;164;143;48;2;209;192;168m▃[38;2;189;172;153;48;2;209;191;168m▂[38;2;179;164;144;48;2;207;190;167m▁[38;2;91;84;74;48;2;189;173;152m▃[0m[7m[38;2;120;110;97m▄[38;2;94;86;76m▄[38;2;47;44;38m▇[0m [38;2;0;0;0m              [0m
 [38;2;0;0;0m   [0m [38;2;51;43;33;48;2;33;28;23m▆[38;2;68;49;25;48;2;59;46;31m▇[38;2;72;55;33;48;2;106;89;69m▇[38;2;66;54;41;48;2;141;127;110m▆[38;2;69;55;40;48;2;96;87;76m▆[38;2;71;54;33;48;2;137;121;104m▆[38;2;35;32;28;48;2;86;73;59m▁[0m[7m[38;2;117;106;93m▅[38;2;42;39;34m▇[0m [38;2;0;0;0m                 [0m
 [38;2;0;0;0m   [0m [7m[38;2;30;26;21m▅[38;2;48;40;32m▃[38;2;47;41;34m▃[38;2;44;40;35m▃[38;2;48;41;33m▃[38;2;41;35;28m▃[0m  [38;2;0;0;0m                   [0m
 [38;2;0;0;0m                               [0m
[?25h