[?25l[0m [38;2;0;0;0m                               [0m
 [38;2;0;0;0m                               [0m
 [38;2;0;0;0m                               [0m
 [38;2;0;0;0m              [0m     [38;2;4;4;3m  [0m     [38;2;8;7;6m     [0m
 [38;2;0;0;0m   [0m   [38;2;0;0;0m       [0m [38;2;39;34;29m▅[38;2;39;34;27;48;2;60;46;29m▘[38;2;60;47;31;48;2;37;34;31m▇[38;2;59;46;29;48;2;34;31;28m▇[0m[38;2;41;36;30m▅[0m  [38;2;32;29;26m▅[38;2;31;27;22;48;2;57;45;30m▘[38;2;60;47;31;48;2;37;34;31m▇[38;2;60;47;30;48;2;36;33;30m▇[0m[38;2;48;40;31m▅[38;2;24;22;20m▖    [0m
 [38;2;0;0;0m  [38;2;24;23;21m▗[38;2;51;42;33m▄[38;2;27;23;20;48;2;54;43;30m▝[0m[38;2;41;37;33m▖[0m [38;2;5;4;4m      [0m [38;2;62;57;51;48;2;44;40;35m▁[38;2;138;127;111;48;2;71;60;45m▂[38;2;178;163;142;48;2;74;64;53m▅[38;2;159;145;127;48;2;87;74;58m▂[38;2;176;161;141;48;2;67;59;50m▅[0m[38;2;119;109;95m▄[38;2;98;90;79m▄[38;2;172;157;138;48;2;57;52;45m▅[38;2;148;135;118;48;2;84;70;54m▃[38;2;173;158;138;48;2;73;63;51m▅[38;2;165;151;132;48;2;86;74;58m▖[38;2;90;82;72;48;2;53;47;39m▁[0m[38;2;25;24;21m▌    [0m
 [38;2;0;0;0m  [7m[38;2;26;25;22m▌[0m[38;2;40;38;34;48;2;55;46;34m▏[38;2;67;49;26;48;2;58;46;33m▌[0m[38;2;44;40;35m▌[0m [38;2;8;8;7m     [0m [38;2;113;103;91m▗[38;2;184;168;147;48;2;87;80;70m▅[38;2;208;190;167;48;2;177;162;142m▇[38;2;213;195;171;48;2;207;190;166m▇[48;2;192;176;154m▇[38;2;212;195;171;48;2;206;189;166m▇[38;2;182;178;164;48;2;208;191;168m▁[38;2;211;194;170;48;2;187;171;150m▇[38;2;213;195;171;48;2;206;188;165m▇[48;2;194;177;155m▇[48;2;205;188;165m▇[38;2;183;177;164;48;2;206;189;166m▁[38;2;151;140;124;48;2;73;68;60m▋[0m[38;2;54;49;43m▂[0m [38;2;6;6;5m   [0m
 [38;2;0;0;0m  [7m[38;2;26;25;22m▌[0m[38;2;40;38;34;48;2;55;46;34m▏[38;2;67;49;26;48;2;58;46;33m▌[0m[38;2;44;40;35m▌[0m [38;2;8;8;7m     [0m [38;2;36;34;31;48;2;119;109;96m▌[38;2;172;157;138;48;2;203;186;163m▎[38;2;175;160;140;48;2;211;193;170m▁[38;2;179;164;144;48;2;211;194;170m▁[38;2;208;190;167;48;2;213;195;171m▁[38;2;212;194;170;48;2;188;178;161m▊[38;2;61;90;98;48;2;132;146;145m▗[38;2;74;67;54;48;2;171;163;147m▃[38;2;82;62;39;48;2;188;172;149m▃[38;2;118;82;68;48;2;200;183;160m▄[38;2;91;64;49;48;2;186;170;149m▃[38;2;72;90;93;48;2;131;149;150m▄[38;2;146;150;144;48;2;193;179;160m▍[38;2;151;138;121;48;2;60;55;49m▋[0m[38;2;25;23;21m▌   [0m
 [38;2;0;0;0m  [7m[38;2;26;25;22m▌[0m[38;2;155;142;123;48;2;68;60;51m▗[38;2;186;170;148;48;2;73;59;42m▅[38;2;170;156;137;48;2;59;54;47m▄[0m[38;2;81;74;65m▖[0m      [7m[38;2;49;46;41m▅[0m[38;2;56;54;50;48;2;99;92;82m▌[38;2;177;162;142;48;2;112;103;90m▄[38;2;190;174;153;48;2;129;118;103m▄[38;2;188;172;151;48;2;206;188;165m▎[38;2;200;183;161;48;2;211;193;169m▝[38;2;93;83;71;48;2;182;166;145m▝[38;2;148;132;112;48;2;83;66;45m▖[38;2;139;124;105;48;2;80;55;32m▁[38;2;117;80;66;48;2;168;72;75m▄[38;2;142;127;108;48;2;107;64;51m▁[38;2;176;160;138;48;2;92;80;66m▄[38;2;164;150;131;48;2;201;184;161m▘[38;2;151;138;121;48;2;60;55;49m▋[0m[38;2;25;23;21m▌   [0m
 [38;2;0;0;0m  [7m[38;2;25;23;21m▌[0m[38;2;60;55;49;48;2;151;139;122m▍[38;2;192;176;154;48;2;211;193;169m▁[38;2;212;194;170;48;2;201;185;162m▇[38;2;149;136;120;48;2;204;186;163m▝[38;2;184;169;148;48;2;55;51;45m▅[38;2;183;168;147;48;2;45;42;37m▅▅▅▅▅[38;2;171;159;142;48;2;44;48;46m▅[38;2;112;123;121;48;2;53;85;93m▖[38;2;42;72;80;48;2;120;112;100m▆[38;2;63;66;63;48;2;128;117;102m▆[38;2;176;161;141;48;2;123;113;99m▄[38;2;188;172;151;48;2;206;188;165m▎[38;2;185;170;149;48;2;212;194;170m▁[38;2;207;189;166;48;2;181;164;143m▇[38;2;206;189;165;48;2;171;155;134m▇▇[38;2;205;187;164;48;2;173;157;135m▇[38;2;96;88;77;48;2;187;171;150m▗[0m[7m[38;2;128;117;103m▄[38;2;67;61;54m▇[0m [38;2;0;0;0m   [0m
 [38;2;0;0;0m  [0m [7m[38;2;59;54;47m▆[0m[38;2;74;68;61;48;2;155;142;125m▍[38;2;187;171;151;48;2;211;193;169m▁[38;2;197;180;158;48;2;213;195;171m▁      [38;2;213;195;171;48;2;212;194;170m┈[38;2;204;188;166;48;2;158;154;142m▇[38;2;186;175;156;48;2;85;109;113m▄[38;2;117;126;124;48;2;51;87;97m▖[38;2;51;79;85;48;2;125;118;105m▆[38;2;52;75;81;48;2;136;124;109m▆[38;2;49;72;77m▆[38;2;51;75;80m▆[38;2;52;75;81m▆[38;2;43;68;75m▆[0m[7m[38;2;102;94;83m▅[0m[38;2;50;46;41m▘[0m [38;2;0;0;0m     [0m
 [38;2;0;0;0m   [0m [7m[38;2;61;56;49m▆[0m[38;2;23;22;20;48;2;114;104;91m▅[38;2;87;80;70;48;2;161;148;129m▌[38;2;194;177;156;48;2;212;194;170m▏[48;2;213;195;171m       [38;2;213;195;171;48;2;212;194;170m┈[38;2;209;192;169;48;2;164;158;145m▇[38;2;212;194;171;48;2;170;163;148m▆[38;2;211;192;168;48;2;167;159;143m▆[38;2;206;185;157;48;2;162;135;98m▄[38;2;208;189;163;48;2;163;152;135m▆[38;2;208;190;167;48;2;166;159;145m▆[38;2;133;125;111;48;2;44;46;45m▋[0m [38;2;21;23;22m       [0m
 [38;2;0;0;0m     [7m[38;2;23;21;19m▌[0m[38;2;49;46;41;48;2;143;131;114m▍[38;2;191;174;153;48;2;211;193;169m▏[48;2;213;195;171m [38;2;211;193;169m▁[38;2;202;185;162m▁[38;2;201;183;160m▁▁▁[38;2;203;186;163m▁[38;2;210;192;169m▁[38;2;203;185;162m▁[38;2;202;185;162m▁[38;2;210;192;169m▁[38;2;203;186;162m▁[38;2;213;195;171;48;2;209;191;168m┊[38;2;107;98;86;48;2;192;175;154m▗[0m[7m[38;2;95;87;77m▃[0m [38;2;21;19;17m       [0m
 [38;2;0;0;0m     [7m[38;2;23;21;19m▌[0m[38;2;57;49;40;48;2;93;84;74m▇[38;2;92;74;53;48;2;160;144;124m▅[38;2;124;107;87;48;2;196;179;156m▂[38;2;204;187;164;48;2;174;159;140m▋[38;2;91;82;70;48;2;166;152;133m▆[38;2;76;58;35;48;2;161;145;125m▆[38;2;75;56;31m▆[38;2;75;58;38m▆[38;2;83;74;64;48;2;155;141;124m▅[38;2;101;86;67;48;2;188;171;150m▃[38;2;84;67;48;48;2;155;139;119m▅[38;2;86;77;66;48;2;167;153;134m▆[38;2;100;85;68;48;2;187;171;149m▃[38;2;88;70;47;48;2;158;142;122m▅[38;2;74;56;32;48;2;157;141;121m▆[38;2;89;79;66;48;2;48;42;35m▘[0m[38;2;23;21;19m▍        [0m
 [38;2;0;0;0m     [0m [7m[38;2;48;41;32m▃[0m[38;2;64;48;28;48;2;60;46;29m┊[38;2;63;52;38;48;2;103;86;64m▇[38;2;41;38;34;48;2;127;116;102m▅[0m[7m[38;2;58;51;43m▃[0m[38;2;64;48;28;48;2;59;46;29m┊[38;2;50;43;36;48;2;66;49;27m▃[38;2;37;34;32;48;2;50;43;35m▁[0m[7m[38;2;51;45;39m▃[0m[38;2;38;35;32;48;2;61;46;29m▁[38;2;50;43;36;48;2;67;49;27m▃[38;2;51;45;39;48;2;44;40;35m▉[0m[7m[38;2;51;43;34m▃[0m[38;2;35;33;30;48;2;59;45;28m▁[38;2;64;48;28;48;2;59;46;29m┊[0m[7m[38;2;46;40;32m▃[0m [38;2;20;18;17m        [0m
 [38;2;0;0;0m      [0m [7m[38;2;25;24;22m▆[38;2;27;25;23m▆[0m  [7m[38;2;24;23;21m▆[38;2;27;25;23m▆[38;2;23;21;19m▆[0m [7m[38;2;23;21;19m▆[38;2;27;25;23m▆[38;2;24;22;20m▆[0m  [7m[38;2;25;23;21m▆[0m [38;2;1;1;1m         [0m
[?25h