[?25l[0m [38;2;0;0;0m          [0m [38;2;44;39;32m▅[38;2;61;47;28;48;2;42;39;35m▇[38;2;63;48;29;48;2;50;44;38m▆[38;2;61;46;28;48;2;40;37;34m▇[0m[38;2;42;36;31m▅[0m  [38;2;37;33;29m▅[38;2;41;34;27;48;2;61;47;30m▘[38;2;63;48;29;48;2;50;44;38m▆[38;2;64;48;27;48;2;47;42;36m▆[0m[38;2;48;41;33m▅[0m [38;2;21;20;18m       [0m
 [38;2;0;0;0m          [0m [38;2;81;74;66;48;2;43;39;34m▗[38;2;151;138;121;48;2;77;65;51m▃[38;2;188;172;151;48;2;96;86;73m▅[38;2;164;150;132;48;2;90;77;62m▃[38;2;187;171;150;48;2;88;80;69m▅[0m[38;2;136;125;110m▄[38;2;130;119;104m▄[38;2;186;170;149;48;2;84;77;67m▅[38;2;165;151;133;48;2;91;78;63m▃[38;2;186;170;149;48;2;95;85;72m▅[38;2;159;146;128;48;2;84;72;57m▃[38;2;89;82;72;48;2;48;43;37m▖[0m [38;2;22;20;18m       [0m
 [38;2;0;0;0m   [0m [38;2;28;24;20m▃[38;2;39;33;27m▄[0m  [38;2;0;0;0m [0m [38;2;134;123;107;48;2;38;35;31m▗[38;2;197;180;158;48;2;117;107;94m▅[38;2;212;194;170;48;2;209;191;168m┈[38;2;213;195;171;48;2;211;193;169m▇[48;2;207;189;166m▇[48;2;211;194;170m┈[38;2;175;174;163;48;2;210;193;170m▂[38;2;213;195;171m┈[48;2;211;193;169m▇[48;2;207;189;166m▇[48;2;212;194;171m┈[38;2;174;172;161;48;2;206;189;166m▂[38;2;58;54;48;48;2;139;129;115m▝[0m[38;2;64;59;52m▂[0m [38;2;8;7;6m      [0m
 [38;2;0;0;0m   [7m[38;2;25;23;21m▌[0m[38;2;38;35;32;48;2;54;45;34m▏[38;2;67;49;26;48;2;62;47;29m╴[38;2;44;40;35;48;2;23;22;20m▌[0m [38;2;6;6;5m [0m [38;2;45;42;38;48;2;130;119;104m▌[38;2;160;146;128;48;2;204;187;164m▂[38;2;166;152;133;48;2;212;194;170m▂[38;2;173;158;139m▂[38;2;213;195;171m┈[38;2;210;192;169;48;2;178;170;155m▊[38;2;55;77;83;48;2;117;135;136m▗[38;2;76;65;49;48;2;174;163;147m▄[38;2;86;62;40;48;2;187;170;148m▄[38;2;120;69;59m▄[38;2;92;65;50;48;2;183;168;148m▄[38;2;70;85;87;48;2;113;138;142m▄[38;2;157;156;146;48;2;197;182;161m▍[38;2;143;131;114;48;2;49;45;41m▋[0m [38;2;22;21;19m      [0m
 [38;2;0;0;0m  [38;2;25;23;21m▗[38;2;89;80;69;48;2;32;28;23m▂[38;2;147;131;112;48;2;62;49;33m▂[38;2;127;114;97;48;2;64;49;31m▂[38;2;48;43;38;48;2;24;22;20m▌[0m [38;2;7;7;6m [0m [38;2;42;41;38;48;2;58;54;48m▇[38;2;60;60;57;48;2;109;101;90m▋[38;2;174;160;140;48;2;100;92;80m▅[38;2;184;169;148;48;2;123;113;99m▅[38;2;164;151;132;48;2;204;187;164m▁[38;2;209;191;168;48;2;197;180;157m▉[38;2;195;178;155;48;2;117;103;86m▅[38;2;160;144;124;48;2;87;69;47m▂[38;2;148;132;113;48;2;82;54;32m▂[38;2;119;59;51;48;2;150;89;82m╾[38;2;153;137;117;48;2;102;64;50m▂[38;2;183;166;145;48;2;99;85;69m▅[38;2;167;153;135;48;2;195;178;156m▁[38;2;133;122;107;48;2;45;41;37m▋[0m [38;2;20;19;17m      [0m
 [38;2;0;0;0m  [7m[38;2;26;25;22m▌[0m[38;2;62;57;51;48;2;154;141;123m▍[38;2;159;145;127;48;2;201;184;161m▗[38;2;57;52;46;48;2;157;144;126m▄[0m[38;2;54;49;44m▘[0m [38;2;4;4;4m [0m [38;2;66;76;77;48;2;40;46;46m▗[38;2;117;124;121;48;2;40;80;91m▂[38;2;43;72;79;48;2;112;106;94m▇[38;2;57;63;62;48;2;103;96;86m▋[38;2;175;160;141;48;2;115;106;93m▅[38;2;163;149;131;48;2;204;187;164m▁[38;2;177;162;142;48;2;212;195;171m▂[38;2;163;149;131;48;2;207;190;166m▁[48;2;207;189;166m▁▁[38;2;171;156;137;48;2;207;190;166m▂[38;2;82;76;66;48;2;182;167;146m▃[0m[7m[38;2;98;90;79m▄[0m  [38;2;0;0;0m [0m  [38;2;180;178;178m▗[38;2;137;136;136m▖ [0m
 [38;2;0;0;0m  [7m[38;2;26;25;22m▌[0m[38;2;62;58;51;48;2;156;143;125m▍[38;2;165;151;132;48;2;206;189;166m▝[38;2;166;152;133;48;2;57;52;46m▅[0m[38;2;103;94;82m▂[0m [38;2;53;49;43m▁[38;2;111;102;90m▄[38;2;82;75;66;48;2;182;167;146m▘[38;2;206;189;166;48;2;173;163;147m▆[38;2;182;172;155;48;2;78;105;111m▅[38;2;136;139;132;48;2;54;89;99m▂[38;2;125;131;127;48;2;56;77;81m▂[38;2;122;127;122;48;2;58;76;78m▂[38;2;62;79;80;48;2;126;115;101m▇[38;2;120;126;121;48;2;58;76;78m▂[38;2;125;131;127m▂[38;2;125;130;125;48;2;58;75;77m▂[38;2;125;118;107;48;2;59;60;57m▂[0m[38;2;90;82;73m▃[38;2;53;47;41m▄[38;2;25;22;19m▖[0m  [7m[38;2;177;175;175m▌[0m[38;2;119;118;118m▌[7m[38;2;194;192;192m▌[0m[38;2;148;146;146m▌[38;2;170;168;168m▗[0m
 [38;2;0;0;0m  [7m[38;2;25;23;21m▌[0m[38;2;58;54;48;48;2;149;136;119m▍[38;2;185;169;148;48;2;210;192;168m▁[38;2;213;195;171;48;2;204;187;164m▇[38;2;200;183;161;48;2;149;137;120m▇[38;2;191;175;153;48;2;67;62;55m▅[38;2;196;179;157;48;2;100;92;81m▅[38;2;210;192;168;48;2;180;165;145m▇[48;2;213;195;171m  [38;2;213;195;171;48;2;212;194;171m┈[38;2;212;194;170;48;2;183;172;154m▇[48;2;179;169;152m▇[38;2;210;191;167;48;2;175;163;145m▇[38;2;206;185;157;48;2;168;138;96m▅[38;2;209;190;165;48;2;173;161;142m▇[38;2;212;194;170;48;2;179;169;152m▇▇[38;2;210;193;169;48;2;178;164;145m▇[38;2;188;171;152;48;2;164;148;132m▊[38;2;131;116;101;48;2;74;58;39m▌[38;2;37;31;25;48;2;48;41;32m▁[0m [38;2;20;19;17m [0m  [38;2;167;165;165m▝[38;2;127;125;125m▘[7m[38;2;176;173;173m▌[0m
 [38;2;0;0;0m  [0m [7m[38;2;62;57;50m▇[0m[38;2;69;64;56;48;2;151;138;121m▍[38;2;177;162;142;48;2;209;192;168m▁[38;2;190;174;152;48;2;212;194;170m▁[48;2;213;195;171m        [38;2;213;195;171;48;2;212;194;171m┈[38;2;185;170;148;48;2;212;194;170m▁[38;2;170;156;136;48;2;208;191;167m▁[38;2;92;85;75;48;2;195;178;156m▃[38;2;58;53;47;48;2;190;174;153m▃[38;2;54;50;45;48;2;185;169;148m▃[0m[7m[38;2;109;99;88m▄[38;2;50;45;40m▄[0m  [38;2;0;0;0m     [0m [0m
 [38;2;0;0;0m   [0m [7m[38;2;64;58;51m▇[0m[38;2;50;47;42;48;2;125;114;100m▆[38;2;92;85;75;48;2;162;149;130m▌[38;2;194;178;156;48;2;212;194;170m▏[48;2;213;195;171m      [38;2;209;191;168;48;2;191;175;153m▉[38;2;85;78;69;48;2;186;170;149m▃[0m[7m[38;2;107;98;86m▄[38;2;92;84;74m▅[38;2;46;43;37m▇[0m   [38;2;0;0;0m         [0m
 [38;2;0;0;0m   [0m [7m[38;2;25;23;20m▌[0m[38;2;140;128;112;48;2;67;59;50m▝[38;2;114;98;79;48;2;184;167;146m▖[38;2;174;159;140;48;2;207;189;166m▗[38;2;126;115;101;48;2;201;184;162m▃[38;2;176;159;139;48;2;208;190;167m▃[38;2;174;158;140;48;2;206;188;166m▁[38;2;169;155;136;48;2;206;189;166m▁[38;2;80;74;65;48;2;196;179;157m▃[0m[7m[38;2;199;182;160m▄[38;2;175;160;141m▄[0m  [38;2;0;0;0m              [0m
 [38;2;0;0;0m   [0m [38;2;51;43;33;48;2;37;31;25m▆[38;2;68;49;25;48;2;61;47;30m▇[38;2;70;53;31;48;2;102;85;65m▇[38;2;62;50;37;48;2;131;117;100m▆[38;2;67;54;38;48;2;92;83;72m▆[38;2;67;50;29;48;2;127;111;94m▆[38;2;35;30;25;48;2;85;72;57m▗[0m[7m[38;2;100;91;80m▅[0m  [38;2;0;0;0m                 [0m
 [38;2;0;0;0m   [0m [38;2;31;27;22m▝[7m[38;2;44;38;31m▃[38;2;44;39;33m▃[38;2;42;38;34m▃[38;2;45;39;32m▃[38;2;42;36;29m▄[0m  [38;2;0;0;0m                   [0m
 [38;2;0;0;0m                               [0m
 [38;2;0;0;0m                               [0m
 [38;2;0;0;0m                               [0m
[?25h