[?25l[0m [38;2;0;0;0m                               [0m
 [38;2;0;0;0m                               [0m
 [38;2;0;0;0m                               [0m
 [38;2;0;0;0m                               [0m
 [38;2;0;0;0m           [0m     [38;2;0;0;0m  [0m     [38;2;6;5;5m        [0m
 [38;2;0;0;0m [0m [38;2;31;27;22m▗[38;2;33;29;24m▄[0m  [38;2;0;0;0m    [0m [38;2;44;38;32m▄[38;2;58;45;29;48;2;31;29;26m▇[38;2;60;47;31;48;2;34;32;29m▇[38;2;57;45;29;48;2;30;28;25m▇[0m[38;2;41;36;31m▄[0m  [38;2;37;33;29m▄[38;2;33;29;24;48;2;58;45;30m▘[38;2;60;47;31;48;2;34;32;29m▇[38;2;60;46;30;48;2;33;31;28m▇[0m[38;2;48;41;32m▄[0m [38;2;20;19;17m       [0m
 [38;2;0;0;0m [7m[38;2;26;25;22m▌[0m[38;2;54;45;34;48;2;43;36;28m▇[38;2;62;47;30;48;2;53;42;29m▇[0m[38;2;41;38;34m▌[0m [38;2;7;6;6m    [0m [38;2;68;62;55;48;2;46;42;36m▁[38;2;140;127;111;48;2;75;62;47m▗[38;2;175;160;140;48;2;71;61;49m▅[38;2;140;128;112;48;2;81;67;50m▃[38;2;173;158;138;48;2;61;54;47m▅[0m[38;2;106;98;86m▄[38;2;98;90;79m▄[38;2;171;156;137;48;2;56;51;44m▅[38;2;141;129;113;48;2;81;67;51m▃[38;2;172;158;138;48;2;71;61;49m▅[38;2;153;140;122;48;2;79;67;51m▖[38;2;79;72;64;48;2;50;44;38m▁[0m [38;2;22;20;18m       [0m
 [38;2;56;51;45m▂[38;2;97;86;72;48;2;26;23;19m▃[38;2;108;93;75;48;2;60;47;31m▂[38;2;66;49;27;48;2;55;44;32m▌[0m[38;2;40;37;33m▌[0m [38;2;7;6;6m   [0m [38;2;124;114;100m▗[38;2;74;69;61;48;2;177;162;142m▘[38;2;208;191;167;48;2;178;163;143m▇[38;2;213;195;171;48;2;206;188;165m▇[38;2;212;194;170;48;2;188;173;151m▇[38;2;212;194;171;48;2;206;188;165m▇[38;2;207;191;169;48;2;185;169;148m▇[38;2;211;193;170;48;2;183;167;147m▇[38;2;213;195;171;48;2;205;188;165m▇[38;2;212;194;170;48;2;189;173;152m▇[38;2;212;195;171;48;2;205;188;164m▇[38;2;203;188;166;48;2;181;167;148m▉[38;2;140;129;114;48;2;60;56;50m▋[0m[38;2;54;49;43m▁[0m [38;2;5;4;4m      [0m
[7m[38;2;28;26;24m▌[0m[38;2;75;69;61;48;2;160;146;128m▍[38;2;154;141;123;48;2;197;180;158m▗[38;2;46;42;37;48;2;142;130;113m▃[0m[38;2;48;43;37m▘[0m [38;2;1;1;1m    [0m [38;2;46;42;38;48;2;134;123;108m▌[38;2;182;166;146;48;2;206;189;166m▎[38;2;180;165;144;48;2;212;194;170m▁[38;2;185;170;148m▁[38;2;213;195;171;48;2;212;194;171m┈[38;2;210;193;170;48;2;180;172;157m▊[38;2;59;89;97;48;2;127;144;143m▗[38;2;78;69;54;48;2;179;168;151m▃[38;2;86;65;43;48;2;192;175;152m▃[38;2;109;70;56m▃[38;2;90;68;52;48;2;187;172;152m▃[38;2;75;96;100;48;2;130;150;151m▄[38;2;157;157;148;48;2;193;178;158m▍[38;2;137;126;110;48;2;46;43;39m▋[0m [38;2;21;20;18m      [0m
[7m[38;2;30;28;26m▌[0m[38;2;80;73;65;48;2;167;153;134m▍[38;2;149;137;120;48;2;204;187;164m▝[38;2;159;146;128;48;2;53;49;43m▄[0m[38;2;92;84;74m▁[0m      [7m[38;2;56;52;46m▅[0m[38;2;43;44;42;48;2;100;92;81m▖[38;2;181;166;145;48;2;113;103;90m▄[38;2;191;175;153;48;2;133;122;107m▄[38;2;193;177;155;48;2;208;191;167m▎[48;2;211;193;169m▝[38;2;192;175;152;48;2;111;101;87m▄[38;2;135;119;100;48;2;78;61;39m▖[38;2;132;117;98;48;2;82;54;33m▁[38;2;108;79;63;48;2;165;71;73m▃[38;2;138;123;104;48;2;102;63;49m▁[38;2;179;163;141;48;2;93;83;69m▄[38;2;172;157;137;48;2;200;183;161m▘[38;2;140;128;112;48;2;48;44;40m▋[0m [38;2;22;20;18m      [0m
[7m[38;2;29;27;25m▌[0m[38;2;78;71;63;48;2;164;150;131m▍[38;2;198;182;159;48;2;212;194;170m▁[38;2;212;194;170;48;2;197;180;158m▇[38;2;135;124;108;48;2;200;183;160m▝[38;2;179;164;144;48;2;43;40;36m▅[38;2;179;164;143;48;2;38;35;31m▅▅▅▅▅[38;2;163;153;137;48;2;38;44;44m▅[38;2;115;125;123;48;2;54;86;94m▁[38;2;41;69;76;48;2;130;120;107m▆[38;2;69;69;64;48;2;136;124;109m▆[38;2;108;99;87;48;2;169;155;136m▘[38;2;189;173;152;48;2;206;189;166m▏[38;2;190;174;153;48;2;212;194;170m▁[38;2;207;190;166;48;2;174;158;137m▇[38;2;207;189;166;48;2;166;150;129m▇▇[38;2;204;187;164;48;2;169;153;132m▇[38;2;90;83;73;48;2;185;170;149m▗[0m[7m[38;2;123;113;99m▄[38;2;63;57;51m▇[0m [38;2;0;0;0m      [0m
 [7m[38;2;73;67;59m▆[0m[38;2;93;85;75;48;2;167;153;134m▍[38;2;194;178;156;48;2;212;194;170m▁[38;2;201;184;162;48;2;213;195;171m▁      [38;2;212;194;171;48;2;203;188;166m▇[38;2;205;188;166;48;2;159;155;142m▆[38;2;177;168;152;48;2;72;102;108m▄[38;2;119;127;124;48;2;56;89;97m▁[38;2;53;78;84;48;2;136;126;112m▆[38;2;54;75;80;48;2;144;131;115m▆[38;2;51;73;77m▆[38;2;53;75;80m▆▆[38;2;44;68;73m▆[0m[7m[38;2;92;85;76m▄[38;2;60;55;49m▇[0m [38;2;0;0;0m        [0m
  [7m[38;2;75;69;60m▆[0m[38;2;27;25;22;48;2;126;115;101m▅[38;2;89;82;73;48;2;164;150;132m▍[38;2;202;185;162;48;2;213;195;171m▏       [38;2;213;195;171;48;2;211;193;170m┈[38;2;212;194;170;48;2;170;162;148m▆[38;2;211;194;170;48;2;164;158;145m▆[38;2;209;191;166;48;2;160;153;138m▆[38;2;205;183;154;48;2;158;132;96m▄[38;2;208;189;164;48;2;159;151;135m▆[38;2;204;187;164;48;2;158;153;140m▆[38;2;130;122;110;48;2;45;48;46m▌[0m [38;2;20;22;22m          [0m
 [38;2;0;0;0m  [7m[38;2;26;25;22m▌[0m[38;2;62;57;51;48;2;155;142;125m▍[38;2;199;182;159;48;2;212;194;170m▏[48;2;213;195;171m [38;2;211;193;170m▁[38;2;205;188;165m▁[38;2;206;189;165m▁[38;2;211;193;169m▁[38;2;212;194;170m▁[38;2;207;190;166m▁ [38;2;211;193;169m▁[38;2;207;189;166m▁ [38;2;211;193;170m▁[38;2;211;193;169;48;2;200;183;161m▉[38;2;103;94;83;48;2;189;173;152m▂[0m[7m[38;2;85;78;69m▃[0m [38;2;17;16;15m          [0m
 [38;2;0;0;0m  [7m[38;2;26;25;22m▌[0m[38;2;103;90;75;48;2;55;47;38m▝[38;2;99;82;60;48;2;170;154;133m▅[38;2;136;120;99;48;2;200;183;160m▂[38;2;203;186;163;48;2;167;153;134m▋[38;2;87;77;66;48;2;170;155;135m▆[38;2;86;69;49;48;2;161;145;125m▅[38;2;116;99;79;48;2;183;166;144m▖[38;2;201;184;161;48;2;172;158;139m▊[38;2;106;97;85;48;2;170;156;136m▅[38;2;91;75;54;48;2;189;172;151m▂[38;2;102;87;69;48;2;183;167;148m▃[38;2;94;85;75;48;2;167;153;135m▅[38;2;90;74;55;48;2;187;171;149m▂[38;2;89;72;50;48;2;183;166;147m▂[38;2;101;85;67;48;2;181;164;145m▃[38;2;101;91;79;48;2;41;38;34m▌[0m [38;2;19;18;16m           [0m
 [38;2;0;0;0m  [38;2;26;24;22m▝[7m[38;2;51;43;33m▃[0m[38;2;64;48;28;48;2;62;47;29m┊[38;2;66;54;41;48;2;112;96;76m▇[38;2;33;31;28;48;2;80;73;65m▁[0m[7m[38;2;58;50;42m▃[0m[38;2;64;48;28;48;2;61;47;29m┊[38;2;65;53;38;48;2;102;85;64m▇[38;2;42;39;35;48;2;134;122;107m▅[0m[7m[38;2;60;53;45m▃[0m[38;2;64;48;28;48;2;60;46;29m┊[38;2;52;45;37;48;2;66;49;28m▃[38;2;50;45;39;48;2;43;39;34m▉[0m[7m[38;2;53;44;34m▃[0m[38;2;64;48;28;48;2;58;45;28m┊[48;2;60;46;29m┊[0m[7m[38;2;44;39;32m▃[0m [38;2;16;15;14m           [0m
[?25h