[?25l[0m [38;2;0;0;0m                   [0m
 [38;2;0;0;0m                   [0m
 [38;2;0;0;0m         [0m  [38;2;0;0;0m   [0m [38;2;0;0;0m    [0m
[38;2;46;41;35m▗[38;2;58;45;30m▅[38;2;28;26;23m▖      [38;2;47;42;35m▗[38;2;78;66;51;48;2;50;40;27m▁[38;2;63;50;34;48;2;24;22;21m▆[0m[38;2;60;54;47m▁[0m [38;2;60;49;35m▅[38;2;62;50;36m▇[38;2;50;41;30m▅[0m [38;2;10;10;9m  [0m
[38;2;35;31;27m▝[7m[38;2;55;42;27m▖[0m[38;2;153;139;120;48;2;40;33;26m▆[0m[38;2;89;82;73m▖[0m [38;2;0;0;0m   [0m [38;2;172;158;138;48;2;54;49;43m▗[38;2;107;97;84;48;2;199;182;160m▘[38;2;203;186;163;48;2;125;113;98m▆[38;2;195;179;158;48;2;107;98;86m▇[38;2;198;182;159;48;2;69;64;56m▆[38;2;196;180;157;48;2;119;107;92m▇[38;2;206;189;166;48;2;151;137;120m▆[38;2;182;169;150;48;2;76;70;61m▖[0m [38;2;0;0;0m  [0m
  [7m[38;2;126;116;102m▖[0m[38;2;104;95;84;48;2;195;178;156m▝[0m[38;2;105;97;85m▃[0m   [7m[38;2;30;28;26m▋[0m[38;2;209;191;168;48;2;102;94;83m▝[38;2;116;106;93;48;2;208;190;167m▃[38;2;211;194;170;48;2;203;186;163m┊[38;2;197;183;162;48;2;111;122;119m▋[38;2;78;65;47;48;2;176;168;152m▅[38;2;123;68;57;48;2;195;177;155m▅[38;2;95;69;58;48;2;174;167;152m▅[38;2;113;124;120;48;2;186;173;153m▍[0m[38;2;99;91;80m▌  [0m
 [38;2;0;0;0m [38;2;102;93;82m▝[48;2;202;185;162m▖[38;2;213;195;171;48;2;207;189;166m┈[38;2;206;189;166;48;2;82;75;66m▆[48;2;77;70;62m▆▆[48;2;78;71;63m▆[38;2;185;174;156;48;2;94;103;100m▖[38;2;45;68;74;48;2;170;156;137m▅[38;2;76;70;62;48;2;164;151;133m╸[38;2;148;135;118;48;2;208;190;167m▁[38;2;194;178;155;48;2;126;109;87m▆[38;2;193;176;154;48;2;108;80;63m▆[38;2;180;165;144;48;2;131;111;92m▆[0m[7m[38;2;172;157;138m▄[0m[38;2;61;56;49m▘  [0m
 [38;2;0;0;0m [0m [7m[38;2;92;84;74m▅[0m[38;2;27;25;23;48;2;142;130;115m▖[38;2;199;181;159;48;2;213;195;171m▏   [38;2;213;195;171;48;2;211;193;170m┈[38;2;200;185;164;48;2;58;97;106m▇[38;2;209;191;168;48;2;96;98;91m▆[38;2;202;180;152;48;2;93;82;67m▆[38;2;205;186;160;48;2;96;87;74m▆[38;2;159;146;128;48;2;61;57;51m▋[0m[7m[38;2;35;32;29m▆[0m [38;2;0;0;0m   [0m
 [38;2;0;0;0m  [0m [7m[38;2;79;71;61m▍[0m[38;2;118;101;81;48;2;201;183;160m▃[38;2;119;108;94;48;2;205;188;165m▂[38;2;69;56;39;48;2;193;176;154m▃[38;2;67;49;26;48;2;193;175;153m▃[38;2;73;64;54;48;2;195;178;156m▃[38;2;127;111;92;48;2;205;187;164m▃[38;2;80;70;58;48;2;196;179;157m▃[38;2;120;106;87;48;2;204;186;163m▃[38;2;81;65;44;48;2;196;179;157m▄[0m[38;2;77;71;62m▌[0m [38;2;0;0;0m    [0m
 [38;2;0;0;0m   [7m[38;2;31;27;22m▇[38;2;46;39;30m▄[38;2;36;32;28m▄[38;2;38;32;25m▅[38;2;45;39;32m▄[38;2;30;27;24m▅[38;2;44;37;29m▄[38;2;39;35;30m▄[38;2;34;29;24m▅[38;2;41;35;27m▄[0m [38;2;1;1;1m     [0m
[?25h