[?25l[0m [38;2;0;0;0m                                           [0m
 [38;2;0;0;0m                                           [0m
 [38;2;0;0;0m                                           [0m
 [38;2;0;0;0m                                           [0m
 [38;2;0;0;0m                                           [0m
 [38;2;0;0;0m                   [0m  [38;2;39;34;29m▄[38;2;43;38;33m▅▅[38;2;40;35;30m▅[38;2;25;23;20m▖[0m  [38;2;0;0;0m [0m  [38;2;41;36;31m▄[38;2;43;38;33m▅▅[38;2;42;37;32m▄[0m  [38;2;8;7;6m      [0m
 [38;2;0;0;0m    [0m    [38;2;4;3;3m          [0m [7m[38;2;24;23;21m▌[0m[38;2;48;42;35;48;2;32;28;24m▆[38;2;55;43;29;48;2;65;48;27m▘[38;2;65;49;27;48;2;59;47;33m▇[38;2;59;47;32;48;2;65;48;28m▂[38;2;66;49;26;48;2;56;45;32m▇[38;2;52;43;34;48;2;34;29;24m▇[0m[38;2;32;29;27m▌[0m  [7m[38;2;27;25;23m▌[0m[38;2;50;43;35;48;2;34;29;24m▆[38;2;65;48;27;48;2;54;43;31m▇[38;2;65;48;28;48;2;59;47;33m▇[38;2;60;47;32;48;2;65;48;28m▂[38;2;65;48;26;48;2;55;44;31m▇[38;2;51;44;35;48;2;36;30;25m▆[0m[38;2;29;27;24m▌[0m [38;2;5;5;4m     [0m
 [38;2;0;0;0m   [0m [38;2;32;30;26m▄[7m[38;2;49;40;29m▘[0m[38;2;32;28;23;48;2;55;43;30m▝[0m[38;2;39;35;30m▄[0m [38;2;19;18;16m         [0m [7m[38;2;28;26;24m▌[0m[38;2;57;53;47;48;2;47;42;37m▁[38;2;97;90;79;48;2;62;51;38m▁[38;2;149;135;118;48;2;79;68;54m▅[38;2;165;151;132;48;2;81;72;60m▅[38;2;104;94;81;48;2;75;60;43m▄[38;2;161;147;128;48;2;80;70;59m▅[38;2;157;143;126;48;2;68;62;55m▄[0m[38;2;73;67;60m▃[38;2;77;71;63m▂[38;2;143;130;114;48;2;58;53;47m▄[38;2;169;154;135;48;2;81;72;61m▅[38;2;118;108;94;48;2;81;68;53m▖[38;2;155;142;124;48;2;80;69;57m▅[38;2;160;146;128;48;2;81;70;58m▅[38;2;96;87;75;48;2;65;53;39m▖[38;2;64;59;52;48;2;49;44;37m▁[0m[38;2;33;31;28m▌[0m [38;2;6;6;5m     [0m
 [38;2;0;0;0m   [0m [38;2;28;26;24;48;2;43;40;35m▍[38;2;56;46;35;48;2;64;48;29m▌[38;2;67;49;25;48;2;60;47;32m▌[38;2;49;43;37;48;2;35;33;30m▊[0m[38;2;23;21;20m▌        [0m  [38;2;79;72;63m▃[38;2;50;47;42;48;2;129;119;104m▘[38;2;198;181;159;48;2;148;135;119m▅[38;2;210;192;168;48;2;188;172;151m▆[48;2;195;179;157m▇[38;2;207;190;166;48;2;162;148;130m▆[38;2;209;191;168;48;2;192;176;154m▇[38;2;208;191;167;48;2;187;172;150m▇[38;2;206;189;165;48;2;152;139;122m▆[38;2;206;188;165;48;2;149;136;120m▆[38;2;209;192;168;48;2;184;169;148m▆[38;2;210;192;169;48;2;198;181;159m▇[38;2;207;190;166;48;2;163;149;130m▆[38;2;208;191;167;48;2;188;172;151m▇[38;2;209;191;168;48;2;191;175;154m▇[38;2;196;180;157;48;2;146;134;117m▆[38;2;128;117;102;48;2;62;57;51m▋[0m[38;2;33;31;28m▌[0m [38;2;6;6;5m     [0m
 [38;2;0;0;0m   [0m [38;2;28;26;24;48;2;43;40;35m▍[38;2;56;46;35;48;2;64;48;29m▌[38;2;67;49;25;48;2;60;47;32m▌[38;2;49;43;37;48;2;35;33;30m▊[0m[38;2;23;21;20m▌        [0m [38;2;24;22;20;48;2;43;41;37m▌[38;2;108;99;87;48;2;162;149;130m▍[38;2;209;192;168;48;2;190;174;153m▇[38;2;213;195;171;48;2;209;191;168m▇[48;2;213;195;171m    [38;2;170;172;162;48;2;206;191;169m▗[38;2;133;154;156;48;2;199;187;168m▃[38;2;186;180;165;48;2;210;193;170m▖[48;2;213;195;171m    [38;2;175;174;163;48;2;207;192;170m▗[38;2;129;151;154;48;2;190;179;161m▃[38;2;97;90;79;48;2;164;156;141m▝[38;2;132;120;106;48;2;44;41;36m▄[0m[38;2;43;40;35m▂[0m [38;2;10;9;8m    [0m
 [38;2;0;0;0m   [0m [38;2;28;26;24;48;2;43;40;35m▍[38;2;56;46;35;48;2;64;48;29m▌[38;2;67;49;25;48;2;60;47;32m▌[38;2;49;43;37;48;2;35;33;30m▊[0m[38;2;23;21;20m▌        [0m [38;2;25;23;21;48;2;45;42;38m▌[38;2;108;99;87;48;2;160;147;128m▍[38;2;178;163;143;48;2;209;192;168m▂[38;2;181;166;145;48;2;212;194;170m▂▂[38;2;190;174;153m▂[38;2;213;195;171m┈[48;2;213;195;171m [38;2;193;180;161;48;2;150;150;142m▌[38;2;69;92;98;48;2;94;128;136m▅[38;2;72;65;54;48;2;151;144;131m▄[38;2;78;59;35;48;2;168;152;131m▄[38;2;89;61;41m▄[38;2;111;65;54m▄[38;2;95;62;45m▄[38;2;68;68;61;48;2;141;140;131m▄[38;2;49;79;88;48;2;98;123;128m▖[38;2;161;158;147;48;2;199;185;164m▍[38;2;181;165;145;48;2;133;122;107m▋[38;2;72;66;59;48;2;32;30;27m▍[0m [38;2;16;15;13m    [0m
 [38;2;0;0;0m   [0m [38;2;57;52;47;48;2;35;33;29m▗[38;2;129;116;100;48;2;65;53;38m▄[38;2;166;151;131;48;2;72;57;39m▄[38;2;157;144;126;48;2;55;50;43m▄[0m[38;2;92;84;74m▃[0m  [38;2;3;2;2m      [0m [38;2;40;38;34m▝[38;2;31;29;26;48;2;72;66;59m▄[38;2;73;67;59;48;2;130;119;105m▆[38;2;162;148;130;48;2;107;99;86m▃[38;2;176;161;141;48;2;111;101;89m▃[38;2;123;112;98;48;2;175;160;140m▘[38;2;196;179;157;48;2;211;193;169m▎[48;2;213;195;171m [38;2;155;142;124;48;2;196;179;157m▝[38;2;161;145;124;48;2;85;76;64m▄[38;2;119;103;85;48;2;73;56;35m▖[48;2;70;50;23m [38;2;81;52;30;48;2;124;61;54m▌[38;2;121;60;52;48;2;175;74;78m▂[38;2;156;69;69;48;2;109;57;46m▘[38;2;131;115;97;48;2;78;62;44m▗[38;2;169;152;132;48;2;96;87;75m▄[38;2;171;156;137;48;2;202;185;162m▘[38;2;181;165;145;48;2;133;122;107m▋[38;2;72;66;59;48;2;32;30;27m▍[0m [38;2;16;15;13m    [0m
 [38;2;0;0;0m   [0m [38;2;32;30;27;48;2;72;66;58m▋[38;2;139;128;112;48;2;185;170;149m▌[38;2;208;191;167;48;2;213;195;171m▏[38;2;211;194;170;48;2;203;185;163m▉[38;2;189;173;152;48;2;128;118;103m▇[38;2;156;143;125;48;2;65;60;53m▅[0m[38;2;79;72;64m▄[38;2;77;71;63m▃▃▃▃▃▃▃▃[38;2;56;72;75;48;2;25;31;32m▄[38;2;114;110;101;48;2;48;74;81m▝[38;2;70;77;75;48;2;169;156;138m▄[38;2;59;58;54;48;2;173;159;139m▃[38;2;85;78;69;48;2;185;169;149m▄[38;2;112;103;90;48;2;187;171;150m▄[38;2;170;156;136;48;2;204;186;164m▖[48;2;213;195;171m [38;2;209;191;168;48;2;198;180;157m▉[38;2;194;177;154;48;2;129;113;93m▆[38;2;197;179;156;48;2;110;93;72m▅▅▅▅[38;2;143;128;108;48;2;196;179;156m▘[38;2;179;164;144;48;2;204;187;163m▁[38;2;110;100;88;48;2;185;169;148m▃[38;2;43;39;35;48;2;132;121;106m▄[0m[38;2;48;44;39m▘[0m [38;2;8;8;7m    [0m
 [38;2;0;0;0m   [0m [38;2;27;25;23;48;2;70;64;56m▊[38;2;107;98;85;48;2;159;146;128m▃[38;2;167;153;134;48;2;207;190;166m▂[38;2;213;195;171;48;2;211;193;169m┊[48;2;213;195;171m [38;2;210;192;168;48;2;192;176;154m▇[38;2;209;191;168;48;2;163;150;131m▆[38;2;208;191;167;48;2;160;147;128m▆▆▆▆▆▆▆[48;2;159;146;128m▆[38;2;180;170;153;48;2;131;130;122m▅[38;2;143;143;135;48;2;53;91;102m▃[38;2;85;107;112;48;2;39;79;91m▖[38;2;44;53;55;48;2;39;71;80m▝[38;2;69;72;70;48;2;124;116;104m▌[38;2;141;131;116;48;2;177;162;142m▂[38;2;148;136;119;48;2;199;183;160m▂[48;2;206;188;165m▂▂▂▂▂▂▂[38;2;122;111;97;48;2;185;169;148m▃[38;2;40;37;33;48;2;123;112;98m▄[0m[7m[38;2;65;60;53m▆[0m  [38;2;0;0;0m     [0m
 [38;2;0;0;0m   [0m  [38;2;24;22;21;48;2;59;54;47m▇[38;2;70;64;57;48;2;142;130;114m▍[38;2;187;171;150;48;2;211;193;169m▍[38;2;206;189;165;48;2;213;195;171m▁[38;2;209;191;168m▁         [38;2;213;195;171;48;2;207;190;167m▇[38;2;205;189;167;48;2;182;171;154m▇[38;2;185;174;156;48;2;102;119;119m▅[38;2;133;137;130;48;2;61;96;105m▄[38;2;75;101;108;48;2;41;81;93m▁[38;2;45;72;80;48;2;96;91;82m▇[38;2;45;70;77;48;2;101;92;81m▇[38;2;45;69;76m▇[38;2;44;69;75m▇[38;2;45;69;76m▇[38;2;45;70;77m▇[38;2;44;69;76m▇[38;2;40;65;72m▇[38;2;25;37;40;48;2;73;67;60m▆[0m[7m[38;2;70;64;56m▇[0m  [38;2;0;0;0m       [0m
 [38;2;0;0;0m    [0m  [7m[38;2;72;66;58m▅[0m[38;2;35;33;29;48;2;141;129;113m▄[38;2;46;43;39;48;2;153;140;123m▄[38;2;107;98;86;48;2;174;159;140m▖[38;2;200;183;160;48;2;212;194;170m▎[48;2;213;195;171m          [38;2;213;195;171;48;2;210;192;169m▉[38;2;207;190;168;48;2;174;165;150m▆[38;2;208;191;168;48;2;146;146;136m▅[48;2;146;145;136m▅▅[38;2;195;172;142;48;2;135;130;117m▅[38;2;185;152;108;48;2;130;114;89m▄[38;2;201;181;154;48;2;140;137;126m▅[38;2;208;191;168;48;2;146;145;136m▅[38;2;185;171;150;48;2;130;132;126m▅[38;2;104;104;97;48;2;42;52;53m▌[0m[38;2;23;30;31m▌          [0m
 [38;2;0;0;0m      [0m  [38;2;23;22;20;48;2;39;36;33m▌[38;2;96;88;77;48;2;159;145;127m▍[38;2;196;179;157;48;2;212;194;170m▎[48;2;213;195;171m               [38;2;213;195;170;48;2;208;188;161m▇[38;2;213;195;171;48;2;205;183;155m▆[48;2;210;191;166m▇[48;2;213;195;171m [38;2;203;186;163;48;2;167;153;134m▋[38;2;120;110;96;48;2;45;42;38m▌[0m[38;2;25;23;21m▌          [0m
 [38;2;0;0;0m       [0m [7m[38;2;38;36;33m▌[0m[38;2;94;86;76;48;2;154;141;124m▍[38;2;189;173;151;48;2;208;190;167m▂[38;2;207;189;165;48;2;213;195;171m▁ [38;2;207;190;166m▁[38;2;195;178;156m▂[38;2;182;166;145;48;2;211;193;169m▁[38;2;191;174;152;48;2;213;195;171m▂▂▂[38;2;182;166;145;48;2;211;193;169m▁[38;2;195;179;157;48;2;213;195;171m▂[38;2;207;190;167m▁[38;2;197;179;157;48;2;212;194;170m▁[38;2;182;166;145;48;2;211;193;169m▁[38;2;193;177;155;48;2;213;195;171m▂[38;2;204;187;164;48;2;212;194;171m▁[38;2;202;184;161;48;2;212;194;170m▁[38;2;192;175;153;48;2;213;195;171m▂[38;2;189;172;151;48;2;212;194;170m▂[38;2;131;119;104;48;2;188;172;150m▗[38;2;55;51;45;48;2;150;137;120m▄[0m[7m[38;2;69;64;56m▆[0m [38;2;16;15;13m          [0m
 [38;2;0;0;0m       [0m [7m[38;2;38;36;33m▌[0m[38;2;59;49;38;48;2;98;88;76m▆[38;2;88;71;51;48;2;145;130;111m▅[38;2;139;123;104;48;2;192;175;152m▃[38;2;181;164;142;48;2;208;190;167m▂[38;2;205;188;165;48;2;178;163;143m▋[38;2;75;69;60;48;2;136;125;110m▗[38;2;71;57;43;48;2;136;122;105m▅[38;2;70;50;23;48;2;135;120;100m▅▅▅[38;2;71;58;44;48;2;136;122;105m▅[38;2;97;88;77;48;2;154;141;124m▅[38;2;140;125;107;48;2;194;177;155m▃[38;2;120;105;86;48;2;169;152;131m▄[38;2;71;56;39;48;2;136;122;104m▅[38;2;83;76;66;48;2;144;132;116m▅[38;2;132;118;102;48;2;185;169;148m▃[38;2;127;112;93;48;2;179;162;141m▃[38;2;78;59;35;48;2;140;125;105m▅[38;2;69;50;23;48;2;134;119;100m▅[38;2;62;51;37;48;2;111;99;85m▆[38;2;45;42;37;48;2;28;26;24m▌[0m [38;2;13;12;11m           [0m
 [38;2;0;0;0m       [0m [7m[38;2;37;35;32m▌[0m[38;2;50;43;36;48;2;59;46;32m▌[38;2;68;49;24;48;2;72;53;32m▇[38;2;71;52;26;48;2;90;74;55m▇[38;2;70;58;44;48;2;139;124;105m▃[38;2;64;59;53;48;2;162;149;130m▃[38;2;116;106;94;48;2;59;54;48m▘[38;2;56;43;29;48;2;65;51;36m▁[38;2;66;49;26;48;2;70;50;23m▁[38;2;65;48;27;48;2;69;50;24m▗[38;2;55;46;35;48;2;66;49;26m▄[38;2;42;40;36;48;2;58;50;40m▁[38;2;49;43;36;48;2;63;56;48m▃[38;2;66;50;29;48;2;88;73;57m▇[38;2;69;50;23;48;2;80;63;43m▇[38;2;68;50;27;48;2;64;51;37m▌[38;2;51;46;40;48;2;64;57;50m▄[38;2;54;47;38;48;2;85;71;57m▇[38;2;60;47;30;48;2;84;67;48m▇[38;2;70;50;23;48;2;69;50;24m┊[38;2;66;49;26;48;2;69;50;23m▁[38;2;53;42;30;48;2;59;46;32m▁[38;2;43;39;35;48;2;27;25;23m▌[0m [38;2;13;12;11m           [0m
 [38;2;0;0;0m       [0m  [7m[38;2;35;30;24m▅[0m[38;2;25;24;22;48;2;51;43;33m▃[38;2;23;21;20;48;2;50;43;34m▂[48;2;47;42;36m▂[0m[7m[38;2;39;36;32m▃[38;2;27;25;22m▅[38;2;38;32;26m▃[0m[38;2;23;21;20;48;2;50;43;34m▂▂[38;2;23;21;19;48;2;45;41;36m▂[0m[7m[38;2;33;31;28m▄[38;2;29;25;22m▅[38;2;46;39;30m▃[0m[38;2;23;21;20;48;2;50;43;34m▂[48;2;49;42;35m▂[38;2;25;23;21;48;2;44;40;36m▃[0m[7m[38;2;29;27;25m▅[38;2;36;30;24m▅[0m[38;2;26;24;22;48;2;51;43;34m▃[0m[7m[38;2;49;42;34m▂[38;2;36;31;24m▄[0m  [38;2;1;1;1m           [0m
 [38;2;0;0;0m         [0m                     [38;2;0;0;0m             [0m
[?25h