[?25l[0m [38;2;0;0;0m                   [0m
 [38;2;0;0;0m                   [0m
 [38;2;0;0;0m        [0m [38;2;35;32;29m▂[38;2;33;31;28m▂[0m [38;2;0;0;0m [38;2;24;22;20m▁[38;2;38;35;32m▂[0m [38;2;19;18;16m   [0m
 [38;2;0;0;0m [38;2;50;43;35m▗[38;2;56;44;30m▅[0m [38;2;21;19;18m    [7m[38;2;40;36;31m▍[0m[38;2;130;117;101;48;2;66;52;35m▗[38;2;128;116;100;48;2;61;47;29m▃[0m[38;2;127;117;102m▃[38;2;98;90;79m▂[38;2;134;122;105;48;2;52;42;29m▃[38;2;150;136;119;48;2;61;47;30m▃[38;2;57;48;36;48;2;32;30;27m▊[0m [38;2;16;14;13m  [0m
 [38;2;0;0;0m [7m[38;2;47;41;34m▍[0m[38;2;64;48;28;48;2;50;44;37m▋[0m[38;2;25;24;22m▍   [38;2;25;23;21m▗[38;2;47;43;38;48;2;152;139;122m▘[38;2;210;193;169;48;2;178;163;142m▇[38;2;213;195;171;48;2;187;171;150m▇[38;2;158;164;156;48;2;199;186;166m▁[38;2;201;186;166;48;2;175;160;140m▇[38;2;185;168;146;48;2;209;192;168m▁[38;2;162;157;144;48;2;205;190;168m▁[38;2;65;60;53;48;2;159;153;140m▝[0m[38;2;70;65;57m▖  [0m
 [38;2;0;0;0m [38;2;23;21;19;48;2;102;92;80m▋[38;2;185;169;148;48;2;83;72;58m▅[0m[38;2;105;97;85m▃[0m    [38;2;26;27;26;48;2;113;106;94m▖[38;2;106;97;85;48;2;185;170;149m━[38;2;164;150;132;48;2;203;186;163m╸[38;2;109;115;110;48;2;201;184;161m▝[38;2;169;153;132;48;2;89;76;58m▁[38;2;155;139;120;48;2;116;70;57m▁[38;2;170;154;133;48;2;102;79;66m▁[38;2;114;119;113;48;2;190;174;152m▘[0m[38;2;97;89;78m▌  [0m
 [38;2;0;0;0m [38;2;102;93;82m▝[48;2;202;185;162m▖[38;2;213;195;171;48;2;207;189;166m┈[38;2;206;189;166;48;2;82;75;66m▆[48;2;77;70;62m▆▆▆[38;2;194;181;161;48;2;81;101;102m▄[38;2;115;127;125;48;2;55;77;81m▂[38;2;169;154;135;48;2;91;96;91m▝[38;2;64;75;75;48;2;203;186;163m▃[48;2;202;185;162m▃[48;2;201;184;161m▃[38;2;44;44;40;48;2;187;171;150m▃[0m[7m[38;2;109;100;88m▅[0m [38;2;0;0;0m  [0m
 [38;2;0;0;0m [0m [7m[38;2;92;84;74m▅[0m[38;2;27;25;23;48;2;142;130;115m▖[38;2;199;181;159;48;2;213;195;171m▏    [38;2;213;195;171;48;2;202;187;165m┈[38;2;209;192;169;48;2;85;112;115m▆[38;2;202;181;154;48;2;80;103;105m▆[38;2;205;186;162;48;2;83;107;110m▆[38;2;156;152;138;48;2;56;64;62m▋[0m[38;2;25;32;33m▏    [0m
 [38;2;0;0;0m  [0m [7m[38;2;79;71;61m▍[0m[38;2;118;101;81;48;2;201;183;160m▃[38;2;119;108;94;48;2;205;188;165m▂[38;2;69;56;39;48;2;193;176;154m▃[38;2;67;49;26;48;2;193;175;153m▃[38;2;73;64;54;48;2;195;178;156m▃[38;2;127;111;92;48;2;205;187;164m▃[38;2;80;70;58;48;2;196;179;157m▃[38;2;120;106;87;48;2;204;186;163m▃[38;2;81;65;44;48;2;196;179;157m▄[0m[38;2;77;71;62m▌[0m [38;2;0;0;0m    [0m
 [38;2;0;0;0m   [7m[38;2;31;27;22m▇[38;2;46;39;30m▄[38;2;36;32;28m▄[38;2;38;32;25m▅[38;2;45;39;32m▄[38;2;30;27;24m▅[38;2;44;37;29m▄[38;2;39;35;30m▄[38;2;34;29;24m▅[38;2;41;35;27m▄[0m [38;2;1;1;1m     [0m
[?25h