[?25l[0m [38;2;0;0;0m                   [0m
 [38;2;0;0;0m                   [0m
 [38;2;0;0;0m  [0m [38;2;28;26;23m▁[0m [38;2;0;0;0m   [38;2;26;23;20m▂[38;2;53;42;30m▄[38;2;51;41;29m▄[0m  [38;2;38;32;24m▄[38;2;55;45;31m▄[38;2;40;33;25m▃[0m [38;2;0;0;0m  [0m
 [38;2;0;0;0m [0m [7m[38;2;31;29;26m▌[0m[38;2;60;47;30;48;2;42;35;27m▇[0m[38;2;37;33;30m▌  [0m [38;2;77;71;63;48;2;27;25;22m▗[38;2;187;172;150;48;2;86;73;57m▃[38;2;181;166;146;48;2;82;68;52m▄[38;2;186;171;150;48;2;57;52;46m▄[0m[38;2;163;149;131m▄[38;2;185;170;149;48;2;81;69;55m▄[38;2;183;167;146;48;2;73;60;44m▅[38;2;133;121;107;48;2;53;46;37m▖[0m [38;2;18;16;15m  [0m
 [38;2;0;0;0m [38;2;102;93;82m▗[38;2;169;154;135;48;2;45;37;27m▆[0m[7m[38;2;74;63;48m▗[0m[38;2;30;27;24m▘  [7m[38;2;27;26;23m▋[0m[38;2;102;93;82;48;2;192;176;154m▍[38;2;183;168;147;48;2;212;194;171m▁[38;2;205;188;165;48;2;213;195;171m▁[38;2;109;129;130;48;2;202;188;168m▗[38;2;75;69;56;48;2;192;179;160m▂[38;2;100;68;52;48;2;202;185;161m▂[38;2;81;70;61;48;2;191;179;160m▂[38;2;108;100;88;48;2;159;158;147m▝[0m[38;2;103;94;83m▖  [0m
 [38;2;0;0;0m [7m[38;2;102;93;82m▌[0m[38;2;205;188;165;48;2;190;174;153m┈[0m[38;2;175;161;141m▄[38;2;114;104;91m▂[38;2;110;100;88m▂▂▂[7m[38;2;66;73;70m╸[0m[38;2;187;171;150;48;2;96;93;85m━[38;2;112;103;90;48;2;187;171;150m▂[38;2;201;183;160;48;2;159;147;130m▇[38;2;191;174;151;48;2;86;69;46m▄[38;2;202;185;161;48;2;124;72;61m▃[38;2;189;172;150;48;2;107;74;59m▄[38;2;103;94;83;48;2;178;163;142m▗[0m[38;2;103;94;83m▘  [0m
 [38;2;0;0;0m [7m[38;2;60;55;49m▇[0m[38;2;55;50;44;48;2;170;156;137m▖[38;2;159;146;127;48;2;210;193;169m▁[38;2;213;195;171;48;2;198;181;158m▇[48;2;197;181;158m▇▇▇[38;2;205;189;167;48;2;128;136;130m▆[38;2;162;159;146;48;2;51;84;93m▄[38;2;85;100;100;48;2;165;152;134m▆[38;2;74;86;85;48;2;182;166;146m▅[38;2;88;96;93;48;2;202;185;162m▆[38;2;61;79;82;48;2;182;167;146m▅[0m[7m[38;2;157;144;126m▅[38;2;48;44;38m▇[0m [38;2;0;0;0m  [0m
 [38;2;0;0;0m  [0m [38;2;35;33;30;48;2;144;131;115m▋[38;2;194;177;155;48;2;213;195;171m▏    [38;2;213;195;171;48;2;212;195;171m▇[48;2;211;193;170m▇[38;2;211;192;166;48;2;192;163;124m▇[38;2;213;195;171;48;2;208;189;164m┈[38;2;170;156;137;48;2;55;51;46m▋[0m [38;2;20;18;17m    [0m
 [38;2;0;0;0m  [0m [7m[38;2;62;54;46m▍[0m[38;2;81;63;39;48;2;171;154;132m▄[38;2;109;98;85;48;2;190;174;152m▂[38;2;74;61;45;48;2;183;167;146m▆[38;2;73;55;31;48;2;183;166;144m▆[38;2;75;65;54;48;2;185;170;148m▆[38;2;80;62;39;48;2;179;163;141m▄[38;2;79;68;56;48;2;187;171;150m▆[38;2;75;59;40;48;2;176;159;137m▄[38;2;70;53;32;48;2;167;151;132m▆[0m[38;2;41;38;34m▌     [0m
 [38;2;0;0;0m   [7m[38;2;31;27;22m▇[38;2;46;39;30m▄[38;2;36;32;28m▄[38;2;38;32;25m▅[38;2;45;39;32m▄[38;2;30;27;24m▅[38;2;44;37;29m▄[38;2;39;35;30m▄[38;2;34;29;24m▅[38;2;41;35;27m▄[0m [38;2;1;1;1m     [0m
[?25h