[?25l[0m [38;2;0;0;0m                                           [0m
 [38;2;0;0;0m                                           [0m
 [38;2;0;0;0m                                           [0m
 [38;2;0;0;0m                                           [0m
 [38;2;0;0;0m                                           [0m
 [38;2;0;0;0m                    [0m      [38;2;4;4;4m    [0m      [38;2;3;3;3m       [0m
 [38;2;0;0;0m                   [0m [38;2;31;27;23m▃[38;2;49;40;30;48;2;25;23;21m▅[38;2;53;44;34;48;2;27;25;23m▆▆[38;2;50;42;32;48;2;25;23;21m▆[0m[38;2;37;31;25m▃[0m    [38;2;33;28;24m▃[38;2;48;40;31;48;2;23;21;19m▆[38;2;53;44;34;48;2;27;25;23m▆▆[38;2;49;41;31;48;2;24;22;20m▆[0m[38;2;34;29;24m▃[0m  [38;2;0;0;0m     [0m
 [38;2;0;0;0m                  [0m [7m[38;2;28;26;23m▌[0m[38;2;40;37;34;48;2;51;44;36m▎[38;2;67;49;25;48;2;65;49;28m┊[38;2;86;76;63;48;2;64;48;28m▁[38;2;92;82;70;48;2;62;47;30m▁[38;2;74;59;42;48;2;67;49;26m▁[38;2;90;80;68;48;2;54;45;35m▁[38;2;65;59;52;48;2;28;26;23m▁[0m  [38;2;54;50;44m▁[38;2;92;83;71;48;2;51;43;35m▁[38;2;74;59;43;48;2;66;49;26m▁[38;2;89;78;66;48;2;63;48;29m▁[38;2;90;80;68m▁[38;2;68;49;25;48;2;66;49;27m╴[38;2;53;45;35;48;2;43;40;37m▉[0m[38;2;33;30;27m▌[0m [38;2;6;6;5m     [0m
 [38;2;0;0;0m                  [0m [7m[38;2;28;26;24m▌[0m[38;2;81;75;66;48;2;46;42;38m▗[38;2;134;122;107;48;2;63;54;44m▃[38;2;176;161;141;48;2;126;114;98m▅[38;2;190;174;152;48;2;140;127;110m▅[38;2;158;145;127;48;2;93;83;70m▃[38;2;186;170;149;48;2;136;123;107m▅[38;2;180;165;144;48;2;114;105;92m▅[38;2;130;119;104;48;2;38;35;32m▄[38;2;126;115;101;48;2;31;29;26m▄[38;2;170;155;136;48;2;101;93;81m▅[38;2;193;177;155;48;2;142;129;113m▅[38;2;159;146;128;48;2;95;84;71m▃[38;2;182;166;146;48;2;131;119;103m▅[38;2;185;170;149;48;2;135;123;107m▅[38;2;142;130;114;48;2;71;62;51m▃[38;2;90;83;73;48;2;51;47;41m▖[0m[38;2;33;31;28m▌[0m [38;2;6;6;5m     [0m
 [38;2;0;0;0m  [0m [38;2;26;25;22m▄[0m [38;2;8;8;7m            [0m [38;2;33;31;28m▗[38;2;116;107;93m▄[38;2;79;73;64;48;2;170;156;136m▘[38;2;177;162;142;48;2;207;189;166m▘[38;2;213;195;171;48;2;203;186;163m▇[48;2;207;190;166m▇[38;2;212;194;170;48;2;194;178;156m▇[38;2;213;195;171;48;2;206;189;165m▇[48;2;204;187;164m▇[38;2;212;194;170;48;2;190;174;153m▇[48;2;190;174;152m▇[38;2;213;195;171;48;2;202;185;162m▇[48;2;208;190;167m▇[38;2;212;194;170;48;2;194;177;156m▇[38;2;213;195;171;48;2;205;187;164m▇[48;2;206;188;165m▇[38;2;206;188;165;48;2;180;165;144m▊[38;2;139;127;111;48;2;65;60;54m▋[0m[38;2;33;31;28m▌[0m [38;2;6;6;5m     [0m
  [38;2;37;32;27m▄[38;2;55;44;31;48;2;32;27;22m▅[38;2;45;37;28;48;2;61;47;28m▝[0m[38;2;49;41;32m▅[38;2;33;29;25m▖[0m  [38;2;0;0;0m         [0m [38;2;27;25;23;48;2;49;45;41m▋[38;2;112;103;90;48;2;167;153;134m▍[38;2;202;185;163;48;2;213;195;171m▎     [38;2;153;160;155;48;2;196;185;167m▗[38;2;105;138;145;48;2;176;175;163m▄[38;2;164;156;142;48;2;199;187;167m▂[38;2;183;166;145;48;2;212;194;170m▂▂▂▂[38;2;153;152;141;48;2;192;183;166m▂[38;2;104;138;146;48;2;169;168;158m▄[38;2;177;170;155;48;2;141;132;118m▆[38;2;153;140;123;48;2;85;78;68m▅[0m[38;2;62;58;51m▖[0m [38;2;13;13;11m    [0m
[38;2;36;31;25m▄[38;2;54;43;31;48;2;31;28;24m▆[38;2;65;48;26;48;2;54;42;29m▆[38;2;62;48;30;48;2;67;49;26m▗[38;2;58;46;33;48;2;68;49;25m▃[38;2;67;50;27;48;2;78;62;45m▉[38;2;131;117;100;48;2;57;47;36m▄[38;2;134;123;108;48;2;36;33;30m▄[0m[38;2;68;62;55m▖[0m [38;2;12;12;10m        [0m [38;2;25;23;21;48;2;44;41;37m▌[38;2;171;156;137;48;2;108;99;87m▝[38;2;133;122;106;48;2;202;185;162m▃[38;2;134;123;108;48;2;205;188;164m▃▃[38;2;151;139;122;48;2;202;185;162m▂[38;2;204;186;163;48;2;211;193;170m▏[48;2;213;195;171m [38;2;193;179;159;48;2;150;145;134m▌[38;2;104;112;110;48;2;62;81;84m▎[38;2;68;58;44;48;2;124;118;107m▆[38;2;73;53;28;48;2;138;123;104m▆[38;2;94;57;41m▆[38;2;167;72;74;48;2;117;86;71m▃[38;2;107;60;48;48;2;138;123;104m▆[38;2;66;61;51;48;2;115;116;108m▆[38;2;61;83;87;48;2;121;124;118m▋[38;2;162;154;140;48;2;199;184;162m▍[38;2;181;165;145;48;2;133;122;107m▋[38;2;72;66;59;48;2;32;30;27m▍[0m [38;2;16;15;13m    [0m
[38;2;44;37;29;48;2;53;45;35m▁[38;2;59;45;28;48;2;66;49;26m▁[38;2;43;37;29;48;2;61;47;30m▁[0m[7m[38;2;45;37;28m▗[38;2;40;34;29m▄[0m[38;2;47;39;29;48;2;91;80;67m▊[38;2;135;122;105;48;2;181;165;144m▍[38;2;181;166;145;48;2;208;191;167m▝[38;2;191;175;153;48;2;111;102;89m▅[38;2;127;117;102;48;2;50;46;40m▄[0m[38;2;64;58;51m▂[0m        [7m[38;2;27;25;23m▅[38;2;36;35;32m▖[0m[38;2;121;112;99;48;2;59;56;51m▗[38;2;166;152;133;48;2;72;67;59m▆[38;2;181;166;145;48;2;77;71;62m▆[38;2;189;173;152;48;2;129;118;104m▆[38;2;191;176;154;48;2;208;190;167m▁[38;2;206;189;165;48;2;213;195;171m▁[38;2;172;156;135;48;2;206;188;165m▝[38;2;186;169;147;48;2;113;97;77m▅[38;2;147;131;112;48;2;90;72;51m▖[38;2;125;110;92;48;2;73;53;27m▁[48;2;98;58;42m▁[38;2;109;74;60;48;2;174;74;78m▄[38;2;151;67;67;48;2;101;67;51m▘[38;2;161;145;125;48;2;100;83;63m▗[38;2;192;175;153;48;2;123;107;87m▅[38;2;183;166;144;48;2;205;188;164m▘[38;2;181;166;146;48;2;136;124;109m▌[38;2;70;64;57;48;2;31;29;26m▍[0m [38;2;15;14;13m    [0m
[7m[38;2;30;25;21m▅[38;2;44;37;30m▃[38;2;29;25;21m▅[0m  [38;2;32;30;27;48;2;72;66;58m▋[38;2;139;128;112;48;2;185;170;149m▌[38;2;208;191;167;48;2;213;195;171m▏[38;2;213;195;171;48;2;212;194;170m┈[38;2;210;192;169;48;2;180;164;144m▆[38;2;186;170;149;48;2;127;116;101m▅[38;2;145;133;116;48;2;44;41;37m▄[38;2;140;128;112;48;2;31;29;27m▄▄▄▄▄▄▄[38;2;139;128;112m▄[38;2;108;112;108;48;2;34;51;55m▄[38;2;79;92;92;48;2;42;80;91m▝[38;2;45;67;73;48;2;131;123;110m▅[38;2;49;55;55;48;2;143;131;115m▅[38;2;85;78;69;48;2;157;144;127m▆[38;2;94;86;76;48;2;151;138;121m━[38;2;173;159;139;48;2;198;182;159m▎[48;2;213;195;171m [38;2;212;194;170;48;2;206;188;165m▇[38;2;210;192;168;48;2;175;159;138m▆[38;2;209;191;167;48;2;163;148;127m▆▆▆▆[38;2;202;185;162;48;2;181;165;143m▆[38;2;152;139;122;48;2;201;184;162m▃[38;2;76;70;61;48;2;154;141;123m▄[0m[7m[38;2;93;85;74m▅[0m  [38;2;1;1;0m    [0m
   [38;2;0;0;0m [0m [38;2;55;51;45m▝[38;2;62;57;50;48;2;146;134;117m▄[38;2;118;108;94;48;2;189;173;152m▖[38;2;197;181;158;48;2;210;192;168m▏[48;2;213;195;171m [38;2;213;195;171;48;2;208;190;167m▇[48;2;199;182;160m▇[48;2;198;181;159m▇▇▇▇▇▇▇▇[38;2;150;148;138;48;2;198;184;163m▝[38;2;167;160;147;48;2;67;99;107m▅[38;2;119;127;124;48;2;49;90;101m▖[38;2;42;62;68;48;2;40;80;91m▝[38;2;137;128;113;48;2;65;82;84m▝[38;2;81;80;75;48;2;178;163;143m▃[38;2;85;80;72;48;2;189;173;151m▃[48;2;190;173;152m▃▃▃▃▃[38;2;85;79;71m▃[38;2;84;78;69m▃[38;2;58;54;47;48;2;154;140;123m▃[0m[38;2;87;80;70m▘[0m  [38;2;0;0;0m      [0m
 [38;2;0;0;0m    [0m [7m[38;2;29;27;24m▌[0m[38;2;57;53;47;48;2;128;117;102m▍[38;2;158;145;127;48;2;200;183;160m▂[38;2;170;156;137;48;2;211;193;169m▂[38;2;188;172;151;48;2;211;194;170m▂[38;2;213;195;171;48;2;212;194;171m┈[48;2;213;195;171m         [38;2;210;193;169;48;2;200;185;164m▇[38;2;202;186;165;48;2;149;147;137m▆[38;2;164;159;145;48;2;108;121;120m▄[38;2;127;132;128;48;2;37;83;95m▃[38;2;126;132;127;48;2;38;73;83m▃[48;2;39;71;81m▃[38;2;116;120;113m▃[38;2;105;104;94m▃[38;2;121;125;119m▃[38;2;126;132;127m▃[38;2;113;122;119m▃[38;2;64;91;99;48;2;37;67;76m▖[0m[7m[38;2;25;40;44m▗[0m  [38;2;0;0;0m        [0m
 [38;2;0;0;0m     [0m  [7m[38;2;84;76;67m▅[0m[38;2;30;28;26;48;2;67;62;55m▖[38;2;106;98;85;48;2;162;148;130m▍[38;2;197;180;157;48;2;212;194;170m▎[48;2;213;195;171m           [38;2;212;194;170;48;2;195;181;161m▇[38;2;213;195;171;48;2;189;177;158m▆[38;2;211;193;170;48;2;179;169;152m▇▇[38;2;179;153;120;48;2;203;183;157m▝[38;2;201;177;146;48;2;168;135;89m▄[38;2;208;188;161;48;2;180;165;142m▆[38;2;211;193;170;48;2;179;169;152m▇[38;2;198;182;160;48;2;163;150;133m▋[38;2;116;108;96;48;2;44;45;42m▌[0m[38;2;25;25;24m▌          [0m
 [38;2;0;0;0m       [0m [7m[38;2;38;36;33m▌[0m[38;2;96;88;77;48;2;159;145;127m▍[38;2;196;179;157;48;2;212;194;170m▎[48;2;213;195;171m                  [38;2;197;181;158;48;2;212;194;170m▁[38;2;193;177;155;48;2;155;142;124m▊[38;2;113;104;91;48;2;43;40;36m▌[0m[38;2;23;22;20m▌          [0m
 [38;2;0;0;0m       [0m [7m[38;2;38;36;33m▌[0m[38;2;164;150;132;48;2;105;96;83m▝[38;2;158;142;123;48;2;204;187;164m▃[38;2;197;180;157;48;2;209;192;168m▁[48;2;213;195;171m [38;2;198;182;159;48;2;210;192;168m▁[38;2;164;150;131;48;2;209;192;168m▃[38;2;153;138;119;48;2;209;191;167m▃[38;2;152;136;117m▃▃▃[38;2;153;138;120m▃[38;2;157;144;126;48;2;205;188;165m▂[38;2;199;182;160;48;2;210;192;169m▁[38;2;177;160;139;48;2;207;190;166m▂[38;2;153;138;119;48;2;209;191;167m▃[38;2;159;145;127;48;2;209;191;168m▃[38;2;191;175;154;48;2;211;193;169m▖[38;2;188;171;149;48;2;210;192;168m▗[38;2;156;140;120;48;2;209;191;167m▃[38;2;151;135;116;48;2;207;190;166m▃[38;2;120;108;93;48;2;171;156;137m▄[38;2;39;36;33;48;2;107;98;85m▅[0m  [38;2;1;1;1m          [0m
 [38;2;0;0;0m       [0m [7m[38;2;37;35;32m▌[0m[38;2;55;45;34;48;2;67;57;47m▇[38;2;120;104;86;48;2;73;56;34m▝[38;2;82;65;44;48;2;166;149;129m▃[38;2;78;66;52;48;2;182;166;145m▃[38;2;65;60;53;48;2;165;151;132m▃[38;2;121;112;98;48;2;64;59;52m▘[38;2;65;52;36;48;2;94;82;67m▇[38;2;69;50;23;48;2;92;76;58m▇[38;2;68;49;25m▇[38;2;60;47;31m▇[38;2;57;50;41;48;2;94;82;68m▇[38;2;129;118;103;48;2;68;61;53m▝[38;2;79;64;46;48;2;167;152;132m▃[38;2;85;68;47;48;2;141;125;106m▄[38;2;67;52;35;48;2;95;81;65m▇[38;2;103;95;84;48;2;63;57;49m▝[38;2;61;57;51;48;2;156;143;125m▃[38;2;68;58;46;48;2;150;136;117m▃[38;2;94;77;57;48;2;72;53;29m▘[38;2;69;50;24;48;2;92;76;58m▇[38;2;58;46;32;48;2;73;61;49m▇[38;2;43;40;35;48;2;27;25;23m▌[0m [38;2;13;12;11m           [0m
 [38;2;0;0;0m       [0m  [7m[38;2;35;30;24m▅[0m[38;2;25;24;22;48;2;51;43;33m▃[38;2;23;21;20;48;2;50;43;34m▂[48;2;47;42;36m▂[0m[7m[38;2;39;36;32m▃[38;2;27;25;22m▅[38;2;38;32;26m▃[0m[38;2;23;21;20;48;2;50;43;34m▂▂[38;2;23;21;19;48;2;45;41;36m▂[0m[7m[38;2;33;31;28m▄[38;2;29;25;22m▅[38;2;46;39;30m▃[0m[38;2;23;21;20;48;2;50;43;34m▂[48;2;49;42;35m▂[38;2;25;23;21;48;2;44;40;36m▃[0m[7m[38;2;29;27;25m▅[38;2;36;30;24m▅[0m[38;2;26;24;22;48;2;51;43;34m▃[0m[7m[38;2;49;42;34m▂[38;2;36;31;24m▄[0m  [38;2;1;1;1m           [0m
 [38;2;0;0;0m         [0m                     [38;2;0;0;0m             [0m
[?25h