[?25l[0m [38;2;0;0;0m                                           [0m
 [38;2;0;0;0m                                           [0m
 [38;2;0;0;0m                                           [0m
 [38;2;0;0;0m                                           [0m
 [38;2;0;0;0m                                           [0m
 [38;2;0;0;0m                                           [0m
 [38;2;0;0;0m                    [0m  [38;2;25;24;21m▃▃[38;2;23;22;20m▃[0m [38;2;10;9;9m    [0m  [38;2;25;24;21m▃▃[38;2;23;21;19m▃[0m [38;2;8;8;7m       [0m
 [38;2;0;0;0m                  [0m [38;2;24;22;20m▗[38;2;43;37;31m▄[38;2;37;32;26;48;2;57;45;30m▘[38;2;64;48;28;48;2;48;43;36m▅▅[38;2;44;38;31;48;2;60;46;30m▝[0m[38;2;45;38;30m▅[38;2;31;29;26m▖[0m  [38;2;26;24;22m▗[38;2;45;39;32m▄[38;2;39;34;28;48;2;58;46;30m▘[38;2;64;48;28;48;2;48;43;36m▅▅[38;2;41;36;30;48;2;59;46;30m▝[0m[38;2;46;39;32m▄[38;2;28;26;24m▖[0m [38;2;3;3;3m     [0m
 [38;2;0;0;0m                  [0m [7m[38;2;28;26;24m▌[0m[38;2;40;37;34;48;2;51;44;37m▎[38;2;63;48;30;48;2;73;57;38m▉[38;2;114;103;88;48;2;63;49;33m▃[38;2;126;114;99;48;2;61;49;35m▃[38;2;86;74;61;48;2;68;52;31m▂[38;2;123;111;96;48;2;57;48;37m▃[38;2;100;91;80;48;2;31;28;25m▃[0m[38;2;37;34;30m▁[0m [38;2;87;79;69;48;2;25;23;21m▃[38;2;128;116;101;48;2;54;47;38m▃[38;2;87;75;62;48;2;68;51;31m▂[38;2;119;107;93;48;2;62;49;33m▃[38;2;122;110;95;48;2;62;49;34m▃[38;2;66;49;27;48;2;67;52;33m┊[38;2;54;45;35;48;2;46;42;38m▋[0m[38;2;33;31;28m▌[0m [38;2;6;6;5m     [0m
 [38;2;0;0;0m  [0m [38;2;26;25;22m▄[0m [38;2;8;8;7m             [0m [7m[38;2;28;26;24m▌[0m[38;2;114;105;92;48;2;52;48;43m▗[38;2;160;146;128;48;2;68;61;53m▅[38;2;145;133;116;48;2;195;179;157m▘[38;2;166;152;133;48;2;203;186;163m▝[38;2;190;174;153;48;2;115;105;91m▄[38;2;159;146;128;48;2;201;184;161m▘[38;2;148;136;119;48;2;197;181;158m▝[38;2;175;160;141;48;2;67;62;55m▅[38;2;174;159;139;48;2;59;54;49m▅[38;2;134;122;107;48;2;191;175;154m▘[38;2;171;157;137;48;2;204;187;164m▝[38;2;191;174;153;48;2;116;106;93m▄[38;2;153;140;122;48;2;198;181;159m▘[38;2;159;145;127;48;2;200;184;161m▝[38;2;178;163;143;48;2;91;82;72m▄[38;2;130;119;104;48;2;61;56;50m▖[0m[38;2;33;31;28m▌[0m [38;2;6;6;5m     [0m
  [38;2;37;32;27m▄[38;2;55;44;31;48;2;32;27;22m▅[38;2;45;37;28;48;2;61;47;28m▝[0m[38;2;49;41;32m▅[38;2;33;29;25m▖[0m  [38;2;0;0;0m         [0m [38;2;44;41;37m▗[38;2;137;126;110;48;2;73;66;58m▅[38;2;197;181;158;48;2;138;126;110m▆[38;2;209;192;168;48;2;198;182;159m▇[48;2;213;195;171m    [38;2;198;187;168;48;2;212;194;171m▁[38;2;188;181;165m▂[38;2;205;191;169;48;2;212;195;171m▁[48;2;213;195;171m    [38;2;200;188;168;48;2;212;194;171m▁[38;2;204;190;168;48;2;183;170;151m▋[38;2;145;134;118;48;2;85;78;69m▋[38;2;82;75;66;48;2;27;25;23m▂[0m  [38;2;3;3;2m    [0m
[38;2;36;31;25m▄[38;2;54;43;31;48;2;31;28;24m▆[38;2;65;48;26;48;2;54;42;29m▆[38;2;62;48;30;48;2;67;49;26m▗[38;2;58;46;33;48;2;68;49;25m▃[38;2;67;50;27;48;2;78;62;45m▉[38;2;131;117;100;48;2;57;47;36m▄[38;2;134;123;108;48;2;36;33;30m▄[0m[38;2;68;62;55m▖[0m [38;2;12;12;10m        [0m [38;2;27;25;23;48;2;49;45;41m▋[38;2;112;103;90;48;2;167;153;134m▍[38;2;202;185;163;48;2;213;195;171m▎     [38;2;195;183;165;48;2;156;161;153m▌[38;2;88;121;129;48;2;140;157;157m▅[38;2;126;120;109;48;2;187;178;161m▃[38;2;141;125;105;48;2;205;188;164m▃▃▃▃[38;2;118;118;110;48;2;177;173;159m▃[38;2;69;111;122;48;2;121;144;147m▖[38;2;161;162;152;48;2;192;179;160m▍[38;2;176;161;141;48;2;130;119;104m▌[38;2;59;54;48;48;2;27;26;23m▌[0m [38;2;14;13;12m    [0m
[38;2;44;37;29;48;2;53;45;35m▁[38;2;59;45;28;48;2;66;49;26m▁[38;2;43;37;29;48;2;61;47;30m▁[0m[7m[38;2;45;37;28m▗[38;2;40;34;29m▄[0m[38;2;47;39;29;48;2;91;80;67m▊[38;2;135;122;105;48;2;181;165;144m▍[38;2;181;166;145;48;2;208;191;167m▝[38;2;191;175;153;48;2;111;102;89m▅[38;2;127;117;102;48;2;50;46;40m▄[0m[38;2;64;58;51m▂[0m        [38;2;26;24;22;48;2;43;40;36m▌[38;2;62;58;52;48;2;128;117;103m▄[38;2;82;75;67;48;2;182;167;147m▄[38;2;98;90;79;48;2;185;169;149m▄[38;2;102;93;82m▄[38;2;119;109;95;48;2;183;168;147m▖[38;2;197;180;158;48;2;211;193;170m▖[48;2;213;195;171m [38;2;194;179;157;48;2;154;144;129m▌[38;2;113;110;101;48;2;70;74;69m▎[38;2;62;62;58;48;2;72;55;34m▘[48;2;70;50;23m [38;2;139;64;60;48;2;85;53;33m▗[38;2;178;75;80;48;2;105;57;43m▅[38;2;158;69;70;48;2;100;56;41m▖[38;2;92;75;56;48;2;66;58;46m▁[38;2;72;77;73;48;2;127;122;110m▋[38;2;165;154;136;48;2;200;184;161m▍[38;2;181;165;145;48;2;133;122;107m▋[38;2;72;66;59;48;2;32;30;27m▍[0m [38;2;16;15;13m    [0m
[7m[38;2;30;25;21m▅[38;2;44;37;30m▃[38;2;29;25;21m▅[0m  [38;2;32;30;27;48;2;72;66;58m▋[38;2;139;128;112;48;2;185;170;149m▌[38;2;208;191;167;48;2;213;195;171m▏[38;2;213;195;171;48;2;212;194;170m┈[38;2;210;192;169;48;2;180;164;144m▆[38;2;186;170;149;48;2;127;116;101m▅[38;2;145;133;116;48;2;44;41;37m▄[38;2;140;128;112;48;2;31;29;27m▄▄▄▄▄▄[48;2;33;30;28m▄[38;2;155;142;124;48;2;52;48;43m▃[38;2;120;116;106;48;2;52;49;44m▃[38;2;64;67;65;48;2;115;109;98m▋[38;2;188;172;151;48;2;151;139;123m━[38;2;205;188;165;48;2;165;151;132m━[38;2;148;136;119;48;2;190;174;153m▂[38;2;154;141;124;48;2;204;187;164m▂[38;2;192;176;154;48;2;209;191;168m▁[38;2;210;192;168;48;2;192;175;153m▇[38;2;200;182;159;48;2;157;141;121m▆[38;2;81;63;40;48;2;151;135;115m▝[38;2;159;143;123;48;2;77;58;32m▃[48;2;92;60;42m▃[48;2;121;66;57m▃[48;2;100;62;47m▃[38;2;97;80;61;48;2;161;145;125m▘[38;2;202;185;162;48;2;165;149;128m▆[38;2;167;153;134;48;2;202;185;162m▂[38;2;107;98;86;48;2;160;146;128m▃[38;2;64;59;53;48;2;29;27;24m▘[0m [38;2;13;12;11m    [0m
   [38;2;0;0;0m [0m [38;2;55;51;45m▝[38;2;62;57;50;48;2;146;134;117m▄[38;2;118;108;94;48;2;189;173;152m▖[38;2;197;181;158;48;2;210;192;168m▏[48;2;213;195;171m [38;2;213;195;171;48;2;208;190;167m▇[48;2;199;182;160m▇[48;2;198;181;159m▇▇▇▇▇▇▇▇[38;2;185;173;155;48;2;140;140;132m▌[38;2;86;107;111;48;2;42;83;95m▎[38;2;40;71;80;48;2;93;90;83m▇[38;2;43;56;59;48;2;101;92;81m▇[38;2;134;123;108;48;2;74;69;61m▗[38;2;183;168;147;48;2;111;101;89m▄[38;2;170;156;136;48;2;204;187;164m▘[38;2;206;189;165;48;2;213;195;171m▁▁[38;2;212;194;170;48;2;202;184;162m▇[48;2;199;181;159m▇▇▇▇[38;2;168;154;135;48;2;204;187;164m▗[38;2;90;83;73;48;2;180;165;144m▃[0m[7m[38;2;106;97;85m▄[38;2;59;54;47m▇[0m  [38;2;0;0;0m    [0m
 [38;2;0;0;0m    [0m [7m[38;2;29;27;24m▌[0m[38;2;57;53;47;48;2;128;117;102m▍[38;2;158;145;127;48;2;200;183;160m▂[38;2;170;156;137;48;2;211;193;169m▂[38;2;188;172;151;48;2;211;194;170m▂[38;2;213;195;171;48;2;212;194;171m┈[48;2;213;195;171m       [48;2;212;195;171m▉[38;2;206;189;167;48;2;179;169;152m▇[38;2;194;181;161;48;2;136;139;132m▅[38;2;146;146;136;48;2;73;103;109m▃[38;2;126;132;127;48;2;37;78;90m▃[38;2;144;140;130;48;2;79;93;94m▂[38;2;84;81;74;48;2;143;132;117m━[38;2;88;81;71;48;2;147;135;118m━[38;2;107;94;79;48;2;166;152;133m▅[38;2;100;83;61m▅[38;2;109;98;84m▅[38;2;88;81;71;48;2;147;135;118m━[38;2;105;96;84;48;2;166;152;133m▅[38;2;72;67;59m▅[38;2;43;40;36;48;2;153;140;123m▄[38;2;26;24;22;48;2;116;106;93m▄[0m[38;2;48;44;39m▘[0m [38;2;2;2;1m       [0m
 [38;2;0;0;0m     [0m  [7m[38;2;84;76;67m▅[0m[38;2;30;28;26;48;2;67;62;55m▖[38;2;106;98;85;48;2;162;148;130m▍[38;2;197;180;157;48;2;212;194;170m▎[48;2;213;195;171m         [38;2;213;195;171;48;2;208;191;168m▇[48;2;193;180;160m▆[38;2;211;193;170;48;2;179;169;152m▇[48;2;180;168;150m▇[38;2;211;193;169;48;2;180;165;145m▇[48;2;180;165;144m▇[38;2;179;151;115;48;2;203;182;155m▝[38;2;201;177;146;48;2;168;132;82m▄[38;2;208;188;161;48;2;181;161;135m▆[38;2;211;193;169;48;2;180;165;144m▇[38;2;198;181;159;48;2;163;149;131m▋[38;2;116;107;94;48;2;45;42;38m▌[0m[38;2;26;24;22m▌[0m  [38;2;0;0;0m        [0m
 [38;2;0;0;0m       [0m [7m[38;2;38;36;33m▌[0m[38;2;96;88;77;48;2;159;145;127m▍[38;2;196;179;157;48;2;212;194;170m▎[48;2;213;195;171m                  [38;2;197;181;158;48;2;212;194;170m▁[38;2;193;177;155;48;2;155;142;124m▊[38;2;113;104;91;48;2;43;40;36m▌[0m[38;2;23;22;20m▌          [0m
 [38;2;0;0;0m       [0m [7m[38;2;38;36;33m▌[0m[38;2;164;150;132;48;2;105;96;83m▝[38;2;158;142;123;48;2;204;187;164m▃[38;2;197;180;157;48;2;209;192;168m▁[48;2;213;195;171m [38;2;198;182;159;48;2;210;192;168m▁[38;2;164;150;131;48;2;209;192;168m▃[38;2;153;138;119;48;2;209;191;167m▃[38;2;152;136;117m▃▃▃[38;2;153;138;120m▃[38;2;157;144;126;48;2;205;188;165m▂[38;2;199;182;160;48;2;210;192;169m▁[38;2;177;160;139;48;2;207;190;166m▂[38;2;153;138;119;48;2;209;191;167m▃[38;2;159;145;127;48;2;209;191;168m▃[38;2;191;175;154;48;2;211;193;169m▖[38;2;188;171;149;48;2;210;192;168m▗[38;2;156;140;120;48;2;209;191;167m▃[38;2;151;135;116;48;2;207;190;166m▃[38;2;120;108;93;48;2;171;156;137m▄[38;2;39;36;33;48;2;107;98;85m▅[0m  [38;2;1;1;1m          [0m
 [38;2;0;0;0m       [0m [7m[38;2;37;35;32m▌[0m[38;2;55;45;34;48;2;67;57;47m▇[38;2;120;104;86;48;2;73;56;34m▝[38;2;82;65;44;48;2;166;149;129m▃[38;2;78;66;52;48;2;182;166;145m▃[38;2;65;60;53;48;2;165;151;132m▃[38;2;121;112;98;48;2;64;59;52m▘[38;2;65;52;36;48;2;94;82;67m▇[38;2;69;50;23;48;2;92;76;58m▇[38;2;68;49;25m▇[38;2;60;47;31m▇[38;2;57;50;41;48;2;94;82;68m▇[38;2;129;118;103;48;2;68;61;53m▝[38;2;79;64;46;48;2;167;152;132m▃[38;2;85;68;47;48;2;141;125;106m▄[38;2;67;52;35;48;2;95;81;65m▇[38;2;103;95;84;48;2;63;57;49m▝[38;2;61;57;51;48;2;156;143;125m▃[38;2;68;58;46;48;2;150;136;117m▃[38;2;94;77;57;48;2;72;53;29m▘[38;2;69;50;24;48;2;92;76;58m▇[38;2;58;46;32;48;2;73;61;49m▇[38;2;43;40;35;48;2;27;25;23m▌[0m [38;2;13;12;11m           [0m
 [38;2;0;0;0m       [0m  [7m[38;2;35;30;24m▅[0m[38;2;25;24;22;48;2;51;43;33m▃[38;2;23;21;20;48;2;50;43;34m▂[48;2;47;42;36m▂[0m[7m[38;2;39;36;32m▃[38;2;27;25;22m▅[38;2;38;32;26m▃[0m[38;2;23;21;20;48;2;50;43;34m▂▂[38;2;23;21;19;48;2;45;41;36m▂[0m[7m[38;2;33;31;28m▄[38;2;29;25;22m▅[38;2;46;39;30m▃[0m[38;2;23;21;20;48;2;50;43;34m▂[48;2;49;42;35m▂[38;2;25;23;21;48;2;44;40;36m▃[0m[7m[38;2;29;27;25m▅[38;2;36;30;24m▅[0m[38;2;26;24;22;48;2;51;43;34m▃[0m[7m[38;2;49;42;34m▂[38;2;36;31;24m▄[0m  [38;2;1;1;1m           [0m
 [38;2;0;0;0m         [0m                     [38;2;0;0;0m             [0m
[?25h