[?25l[0m [38;2;0;0;0m                               [0m
 [38;2;0;0;0m                               [0m
 [38;2;0;0;0m                               [0m
 [38;2;0;0;0m                               [0m
 [38;2;0;0;0m              [0m     [38;2;4;4;3m  [0m     [38;2;7;6;6m     [0m
 [38;2;0;0;0m             [0m [38;2;41;36;31m▄[38;2;37;33;27;48;2;59;46;29m▘[38;2;60;47;31;48;2;34;32;29m▇[38;2;58;45;29;48;2;31;29;27m▇[0m[38;2;44;38;32m▄[0m  [38;2;34;31;27m▄[38;2;30;26;22;48;2;57;45;30m▘[38;2;60;47;31;48;2;34;32;29m▇[38;2;60;47;30;48;2;33;31;28m▇[0m[38;2;50;42;33m▄[38;2;23;22;20m▖    [0m
 [38;2;0;0;0m [0m  [38;2;12;11;10m          [0m [38;2;60;55;49;48;2;44;39;35m▁[38;2;132;121;106;48;2;71;59;44m▂[38;2;175;160;140;48;2;71;61;49m▅[38;2;140;128;112;48;2;81;67;50m▃[38;2;172;158;138;48;2;63;56;47m▅[0m[38;2;114;104;91m▄[38;2;93;85;75m▄[38;2;168;154;135;48;2;53;48;43m▅[38;2;135;123;107;48;2;76;62;45m▄[38;2;169;155;135;48;2;71;60;48m▅[38;2;162;148;129;48;2;84;71;56m▖[38;2;86;80;70;48;2;52;46;39m▁[0m[38;2;25;24;21m▌    [0m
 [38;2;30;26;23m▗[38;2;53;42;30m▄[7m[38;2;52;41;29m▝[0m[38;2;31;28;23m▄[0m [38;2;12;11;10m       [0m [38;2;110;101;89m▗[38;2;181;166;145;48;2;83;77;67m▅[38;2;182;166;146;48;2;209;192;168m▘[38;2;213;195;171;48;2;206;188;165m▇[38;2;212;194;170;48;2;189;173;151m▇[38;2;212;194;171;48;2;205;188;165m▇[38;2;207;191;169;48;2;187;171;150m▇[38;2;210;193;170;48;2;182;166;146m▇[38;2;213;195;171;48;2;205;187;164m▇[38;2;212;194;170;48;2;190;174;153m▇[38;2;212;195;171;48;2;204;187;164m▇[38;2;205;189;168;48;2;188;172;151m▇[38;2;150;139;122;48;2;71;66;58m▋[0m[38;2;62;57;50m▁[0m [38;2;5;5;5m   [0m
[7m[38;2;44;37;28m▘[0m[38;2;62;47;28;48;2;41;34;27m▇[38;2;51;40;28;48;2;65;48;27m▁[38;2;42;35;27;48;2;63;47;28m▁[38;2;157;142;123;48;2;76;62;45m▗[38;2;153;140;123;48;2;36;33;29m▅[0m[38;2;77;71;63m▖[0m  [38;2;0;0;0m    [0m [38;2;36;34;31;48;2;120;110;96m▌[38;2;173;158;139;48;2;204;187;164m▎[38;2;180;165;144;48;2;212;194;170m▁[38;2;184;168;147m▁[38;2;208;191;167;48;2;213;195;171m▁[38;2;212;194;170;48;2;188;178;161m▊[38;2;62;92;100;48;2;134;148;146m▗[38;2;76;70;57;48;2;175;166;150m▃[38;2;85;65;42;48;2;192;175;152m▃[38;2;108;70;56m▃[38;2;92;68;51;48;2;189;173;152m▃[38;2;73;92;96;48;2;135;152;151m▄[38;2;147;151;144;48;2;192;178;159m▍[38;2;149;137;120;48;2;59;55;48m▋[0m[38;2;25;23;21m▌   [0m
[7m[38;2;46;38;29m▖[38;2;52;42;29m▗[38;2;31;27;23m▄[38;2;29;26;23m▌[0m[38;2;64;58;51;48;2;156;143;125m▍[38;2;210;193;169;48;2;199;182;160m▇[38;2;146;134;117;48;2;203;186;163m▝[38;2;170;155;136;48;2;58;53;47m▄[0m[38;2;71;66;58m▄[38;2;75;69;61m▃▃▃▃[38;2;75;70;62m▃[38;2;117;109;97;48;2;50;46;42m▁[38;2;75;71;64;48;2;141;129;113m▇[38;2;177;162;142;48;2;112;102;90m▄[38;2;190;174;153;48;2;128;117;103m▄[38;2;189;173;152;48;2;207;189;166m▎[38;2;211;193;170;48;2;200;183;160m▊[38;2;89;80;68;48;2;180;164;143m▝[38;2;144;129;109;48;2;80;63;42m▖[38;2;132;117;98;48;2;78;53;30m▁[38;2;115;76;62;48;2;168;72;75m▄[38;2;136;120;101;48;2;106;62;49m▁[38;2;174;157;136;48;2;88;78;64m▄[38;2;162;148;130;48;2;202;184;162m▘[38;2;152;139;122;48;2;61;56;50m▋[0m[38;2;25;24;21m▌   [0m
  [38;2;1;1;1m [38;2;24;23;21m▝[7m[38;2;114;105;92m▄[0m[38;2;108;99;87;48;2;195;179;157m▖[38;2;206;189;166;48;2;213;195;171m▏[38;2;212;194;170;48;2;201;184;161m▇[38;2;213;195;171;48;2;179;163;143m▆[48;2;177;162;142m▆▆▆▆▆[38;2;199;184;163;48;2;165;153;135m▆[38;2;122;126;122;48;2;57;89;97m▍[38;2;42;71;78;48;2;127;119;106m▆[38;2;62;65;62;48;2;136;124;109m▆[38;2;107;98;86;48;2;162;149;131m▘[38;2;185;169;148;48;2;204;187;164m▏[38;2;190;174;153;48;2;212;194;170m▁[38;2;207;190;166;48;2;177;160;139m▇[38;2;207;189;166;48;2;166;150;129m▇▇[38;2;205;188;165;48;2;168;152;131m▇[38;2;101;93;82;48;2;189;173;151m▗[0m[7m[38;2;133;122;107m▄[38;2;59;54;48m▆[0m [38;2;0;0;0m   [0m
 [38;2;0;0;0m   [38;2;24;22;20m▝[38;2;155;143;125;48;2;49;45;40m▝[38;2;78;72;63;48;2;197;180;158m▃[38;2;114;104;91;48;2;196;179;157m▖[38;2;204;187;164;48;2;212;194;171m▏[48;2;213;195;171m     [38;2;213;195;171;48;2;211;194;170m┈[38;2;207;190;167;48;2;165;159;145m▆[38;2;192;179;160;48;2;82;108;112m▄[38;2;189;176;157;48;2;64;91;97m▄[38;2;201;185;162;48;2;118;111;100m▃[38;2;198;180;156;48;2;122;111;97m▃[38;2;172;138;92;48;2;115;100;81m▃[38;2;193;172;145;48;2;121;109;94m▃[38;2;197;180;158;48;2;122;111;98m▃[38;2;56;52;47;48;2;114;104;92m▗[38;2;23;21;19;48;2;113;104;91m▅[0m[7m[38;2;58;54;47m▆[0m [38;2;0;0;0m     [0m
 [38;2;0;0;0m    [0m [7m[38;2;25;24;21m▌[0m[38;2;50;46;41;48;2;144;132;115m▍[38;2;192;175;154;48;2;212;194;170m▏[48;2;213;195;171m          [38;2;213;195;171;48;2;213;194;170m┈[38;2;212;194;170;48;2;199;174;143m▆[48;2;208;188;161m▇[48;2;193;177;155m▊[38;2;138;127;111;48;2;44;41;37m▋[0m [38;2;21;20;18m       [0m
 [38;2;0;0;0m     [7m[38;2;23;21;19m▌[0m[38;2;152;139;122;48;2;69;62;54m▝[38;2;126;110;91;48;2;196;179;157m▂[38;2;213;195;171;48;2;210;192;169m┊[38;2;185;170;149;48;2;208;190;167m▁[38;2;121;110;96;48;2;205;188;164m▃[38;2;90;73;52;48;2;195;177;155m▂[38;2;89;71;49m▂[38;2;89;74;55;48;2;195;178;155m▂[38;2;129;118;103;48;2;205;188;165m▃[38;2;189;172;150;48;2;209;191;168m▂[38;2;114;98;80;48;2;198;180;158m▂[38;2;124;113;98;48;2;205;188;165m▃[38;2;182;166;145;48;2;207;189;166m▁[38;2;120;104;83;48;2;199;181;158m▂[38;2;88;70;49;48;2;191;174;152m▂[38;2;74;67;58;48;2;152;139;122m▅[0m[38;2;63;58;51m▘[0m [38;2;1;1;1m       [0m
 [38;2;0;0;0m     [0m [7m[38;2;48;41;32m▃[0m[38;2;102;86;66;48;2;58;47;33m▝[38;2;54;45;34;48;2;145;130;111m▅[38;2;41;38;34;48;2;131;120;105m▅[0m[7m[38;2;60;53;44m▃[0m[38;2;64;48;28;48;2;59;46;29m┊[38;2;50;43;36;48;2;66;49;27m▃[38;2;37;34;32;48;2;51;44;36m▁[0m[7m[38;2;62;56;49m▃[0m[38;2;52;42;30;48;2;134;119;101m▅[38;2;62;50;36;48;2;92;76;57m▇[38;2;55;49;42;48;2;60;56;50m▉[38;2;27;25;22;48;2;129;117;103m▅[38;2;35;33;30;48;2;68;55;39m▁[38;2;64;48;28;48;2;59;46;29m┊[0m[7m[38;2;46;40;32m▃[0m [38;2;20;18;17m        [0m
 [38;2;0;0;0m      [0m [7m[38;2;25;24;22m▆[38;2;27;25;23m▆[0m  [7m[38;2;24;23;21m▆[38;2;27;25;23m▆[38;2;23;21;19m▆[0m [7m[38;2;23;21;19m▆[38;2;27;25;23m▆[38;2;24;22;20m▆[0m  [7m[38;2;25;23;21m▆[0m [38;2;1;1;1m         [0m
[?25h