[?25l[0m [38;2;0;0;0m                                           [0m
 [38;2;0;0;0m                                           [0m
 [38;2;0;0;0m                                           [0m
 [38;2;0;0;0m                                           [0m
 [38;2;0;0;0m                                           [0m
 [38;2;0;0;0m                                           [0m
 [38;2;0;0;0m                                           [0m
 [38;2;0;0;0m              [0m [38;2;143;143;143m▗[38;2;184;184;184m▄[38;2;170;170;170m▄[0m [38;2;84;84;84m                        [0m
 [38;2;0;0;0m              [0m  [7m[38;2;123;123;123m╸[0m[38;2;117;117;117;48;2;188;188;188m▃[0m [38;2;83;83;83m                        [0m
 [38;2;0;0;0m              [0m [7m[38;2;169;169;169m▌[0m[38;2;123;123;123;48;2;197;197;197m▝[0m[38;2;167;167;167m▃[0m [38;2;72;72;72m                        [0m
 [38;2;0;0;0m              [0m  [7m[38;2;146;146;146m▅[38;2;131;131;131m▅[0m   [38;2;38;34;29m▅[38;2;46;40;34m▅▅[38;2;42;37;32m▅[38;2;28;25;21m▖[0m  [38;2;0;0;0m [0m  [38;2;40;35;30m▅[38;2;46;40;34m▅▅[38;2;41;36;31m▅[38;2;25;22;19m▖[0m  [38;2;0;0;0m     [0m
 [38;2;0;0;0m                  [0m [7m[38;2;25;24;21m▌[0m[38;2;49;42;35;48;2;35;31;26m▆[38;2;64;48;27;48;2;55;43;30m▇[38;2;61;47;31;48;2;65;48;27m▂[38;2;58;46;33m▂[38;2;68;49;25m╴[38;2;53;44;34;48;2;38;32;26m▇[0m[38;2;33;31;28m▌[0m  [7m[38;2;28;26;24m▌[0m[38;2;51;43;35;48;2;37;32;27m▆[38;2;65;48;27;48;2;56;44;30m▇[38;2;60;47;32;48;2;65;48;27m▂[38;2;59;47;32m▂[38;2;66;48;26;48;2;57;45;30m▇[38;2;51;43;35;48;2;36;30;25m▇[0m[38;2;30;28;25m▌[0m [38;2;6;5;5m     [0m
 [38;2;0;0;0m                  [0m [7m[38;2;28;26;24m▌[0m[38;2;62;57;51;48;2;47;43;37m▁[38;2;113;103;91;48;2;64;54;41m▁[38;2;155;141;123;48;2;86;75;62m▅[38;2;172;157;137;48;2;91;81;69m▅[38;2;127;117;102;48;2;83;71;56m▂[38;2;167;153;133;48;2;90;80;67m▅[38;2;155;142;124;48;2;64;59;52m▅[0m[38;2;78;72;63m▄[38;2;70;65;57m▄[38;2;151;138;121;48;2;67;61;54m▄[38;2;175;160;140;48;2;91;82;70m▅[38;2;129;118;103;48;2;84;72;57m▂[38;2;162;148;129;48;2;88;78;65m▅[38;2;166;152;133;48;2;90;79;67m▅[38;2;105;96;85;48;2;68;56;43m▂[38;2;71;65;58;48;2;50;45;38m▁[0m[38;2;33;31;28m▌[0m [38;2;6;6;5m     [0m
 [38;2;0;0;0m                 [0m  [38;2;89;81;71m▃[38;2;51;48;43;48;2;139;127;111m▘[38;2;200;183;161;48;2;157;144;126m▅[38;2;209;191;168;48;2;188;172;150m▇[38;2;211;193;169;48;2;198;181;159m▇[38;2;209;192;168;48;2;171;156;137m▆[38;2;210;192;169;48;2;195;178;157m▇[38;2;209;192;168;48;2;191;175;154m▇[38;2;209;191;168;48;2;163;149;131m▆[38;2;209;191;167;48;2;161;147;129m▆[38;2;211;193;169;48;2;189;173;152m▆[48;2;200;183;161m▇[38;2;209;192;168;48;2;171;157;137m▆[38;2;210;192;168;48;2;192;175;154m▇[38;2;210;192;169;48;2;194;178;156m▇[38;2;199;182;159;48;2;157;143;126m▆[38;2;131;120;105;48;2;63;58;52m▋[0m[38;2;33;31;28m▌[0m [38;2;6;6;5m     [0m
 [38;2;0;0;0m                 [0m [38;2;26;25;22;48;2;48;44;40m▋[38;2;110;101;88;48;2;165;151;132m▍[38;2;208;190;167;48;2;209;191;168m╴[38;2;213;195;171;48;2;211;193;169m▇[48;2;213;195;171m            [38;2;195;179;157;48;2;211;194;170m▝[38;2;107;98;86;48;2;185;169;148m▝[38;2;139;128;112;48;2;52;48;42m▄[0m[38;2;51;47;42m▖[0m [38;2;11;10;9m    [0m
 [38;2;0;0;0m                 [0m [38;2;25;23;21;48;2;45;42;38m▌[38;2;106;97;85;48;2;157;144;126m▍[38;2;168;154;135;48;2;208;190;167m▂[38;2;170;156;137;48;2;211;193;169m▂▂[38;2;183;168;147;48;2;211;193;170m▂[38;2;205;188;165;48;2;212;194;170m▁[38;2;186;170;149;48;2;211;194;170m▂[38;2;171;156;137;48;2;211;193;169m▂▂[38;2;173;157;136m▂▂▂▂[38;2;172;156;136m▂[38;2;171;156;137m▂[38;2;176;161;141m▂[38;2;200;183;161m▁[38;2;181;165;145;48;2;133;122;107m▋[38;2;72;66;59;48;2;32;30;27m▍[0m [38;2;16;15;13m    [0m
 [38;2;0;0;0m         [0m [38;2;32;29;27m▃[38;2;33;31;28m▃▃▃▃▃▃[38;2;35;32;29m▃[38;2;26;25;22;48;2;41;39;35m▘[38;2;46;43;39;48;2;84;77;68m▆[38;2;76;70;62;48;2;132;121;106m▇[38;2;171;156;137;48;2;104;96;84m▃[38;2;186;170;150;48;2;109;100;88m▃[38;2;118;108;95;48;2;179;164;143m▘[38;2;204;187;163;48;2;192;176;153m▊[38;2;158;143;124;48;2;101;89;73m▋[38;2;61;48;32;48;2;119;108;93m▆[38;2;63;48;31m▆[38;2;70;50;27;48;2;123;108;91m▆[38;2;119;65;55;48;2;139;124;105m▇[38;2;170;73;76;48;2;114;78;63m▃[38;2;85;53;33;48;2;124;109;90m▆[38;2;65;48;29;48;2;121;108;92m▆[38;2;135;122;105;48;2;93;82;68m▗[38;2;102;92;79;48;2;163;148;129m▘[38;2;177;162;141;48;2;204;187;164m▘[38;2;181;165;145;48;2;133;122;107m▋[38;2;72;66;59;48;2;32;30;27m▍[0m [38;2;16;15;13m    [0m
 [38;2;0;0;0m     [0m   [38;2;82;76;66m▂[38;2;142;130;114;48;2;65;60;52m▄[38;2;196;179;157;48;2;114;104;91m▅[38;2;201;184;161;48;2;119;109;95m▅▅▅▅▅▅▅[38;2;201;183;161;48;2;119;108;95m▅[38;2;154;149;136;48;2;94;90;82m▅[38;2;108;106;99;48;2;56;81;88m▝[38;2;60;70;71;48;2;160;148;131m▄[38;2;64;63;59;48;2;175;160;141m▄[38;2;78;71;63m▄[38;2;117;107;94;48;2;183;167;146m▅[38;2;175;160;140;48;2;145;130;111m▆[38;2;169;153;132;48;2;109;93;74m▅[38;2;130;114;96;48;2;77;58;34m▂[38;2;124;109;90;48;2;72;50;25m▂[38;2;139;124;105;48;2;119;65;55m▁[38;2;114;78;63;48;2;170;73;76m▅[38;2;130;115;96;48;2;93;61;44m▂[38;2;170;154;133;48;2;109;93;75m▅[38;2;198;181;158;48;2;154;138;118m▆[38;2;170;156;137;48;2;202;185;162m▁[38;2;82;75;66;48;2;170;156;136m▗[38;2;34;31;28;48;2;122;112;98m▄[0m  [38;2;7;6;6m    [0m
 [38;2;0;0;0m   [0m  [38;2;102;93;81m▄[38;2;152;139;122;48;2;39;36;33m▄[38;2;158;145;127;48;2;56;52;46m▄[38;2;130;119;104;48;2;188;172;151m▘[38;2;209;191;168;48;2;182;167;146m▇[38;2;213;195;171;48;2;212;194;171m┈[48;2;213;195;171m       [48;2;211;193;170m▉[38;2;141;141;133;48;2;189;176;157m▝[38;2;141;142;134;48;2;51;91;101m▄[38;2;93;111;114;48;2;39;81;93m▖[38;2;43;55;57;48;2;39;73;82m▝[38;2;68;74;72;48;2;122;116;105m▌[38;2;128;119;106;48;2;178;163;143m▂[38;2;135;124;109;48;2;197;181;158m▂[48;2;197;180;158m▂[48;2;188;171;149m▂[48;2;187;170;149m▂▂▂[48;2;188;171;149m▂[48;2;197;180;158m▂[38;2;110;101;88;48;2;180;164;144m▃[0m[7m[38;2;109;100;88m▄[0m[38;2;56;51;45m▘[0m  [38;2;0;0;0m     [0m
  [38;2;29;27;23m▄[38;2;40;37;33m▄[38;2;45;39;32m▄[38;2;50;40;28;48;2;91;79;65m▊[38;2;133;120;103;48;2;178;163;142m▍[38;2;170;156;136;48;2;204;187;163m▗[38;2;91;84;74;48;2;184;169;148m▃[38;2;68;63;56;48;2;181;166;145m▃[38;2;127;116;102;48;2;191;175;153m▖[38;2;201;185;162;48;2;212;194;170m▏[48;2;213;195;171m        [38;2;213;195;171;48;2;210;193;169m▇[38;2;206;190;167;48;2;189;176;158m▇[38;2;192;179;159;48;2;114;125;123m▅[38;2;132;136;130;48;2;59;95;104m▅[38;2;99;114;115;48;2;39;82;94m▁[38;2;98;113;115;48;2;44;71;78m▁[48;2;45;69;75m▁[38;2;91;106;107m▁[38;2;51;87;96;48;2;49;64;66m▃[38;2;94;109;111;48;2;45;69;75m▁[38;2;98;113;115m▁[38;2;88;107;111m▁[38;2;38;77;88;48;2;51;60;61m▄[0m[7m[38;2;38;48;49m▗[38;2;53;49;43m▇[0m  [38;2;0;0;0m       [0m
 [38;2;41;37;31;48;2;26;24;21m━[38;2;44;36;28;48;2;55;43;29m▎[38;2;68;49;25;48;2;60;47;32m━[48;2;61;47;31m━[38;2;66;49;28;48;2;72;57;40m▉[38;2;46;37;28;48;2;114;101;85m▄[38;2;23;21;19;48;2;111;102;89m▄[0m[7m[38;2;55;51;45m▇[38;2;35;32;29m▃[0m[38;2;76;70;61;48;2;133;121;106m▖[38;2;162;148;130;48;2;204;187;164m▂[38;2;200;183;161;48;2;211;193;169m▁[48;2;213;195;171m         [38;2;213;195;171;48;2;212;195;171m┈[38;2;209;192;169;48;2;180;170;153m▆[38;2;206;189;167;48;2;147;146;137m▆▆▆[38;2;198;175;145;48;2;146;137;120m▅[38;2;192;163;126;48;2;147;123;87m▃[38;2;203;183;156;48;2;152;145;130m▅[38;2;195;180;159;48;2;147;146;137m▆[38;2;165;155;139;48;2;132;125;113m▋[38;2;31;29;26;48;2;74;80;77m▗[0m [38;2;19;25;26m          [0m
  [7m[38;2;32;29;25m▄[38;2;43;39;34m▄▄[38;2;42;38;33m▄[0m[38;2;28;25;22m▘[0m   [7m[38;2;53;49;43m▇[38;2;91;83;73m▄[0m[38;2;77;71;62;48;2;172;157;138m▃[38;2;96;88;78;48;2;195;179;157m▃▃▃▃▃▃▃▃▃▃▃▃▃▃[48;2;194;178;155m▃[38;2;76;70;62;48;2;184;168;146m▂[38;2;95;87;77;48;2;193;177;155m▃[38;2;54;49;43;48;2;140;128;113m▃[0m[7m[38;2;56;52;45m▄[0m  [38;2;0;0;0m          [0m
[?25h