[?25l[0m [38;2;0;0;0m                                           [0m
 [38;2;0;0;0m                                           [0m
 [38;2;0;0;0m                                           [0m
 [38;2;0;0;0m         [0m      [38;2;15;15;15m                            [0m
 [38;2;0;0;0m         [0m [7m[38;2;166;166;166m▃[38;2;175;175;175m▃[0m[38;2;125;125;125;48;2;185;185;185m▖[38;2;196;196;196;48;2;131;131;131m▌[0m [38;2;65;65;65m                            [0m
 [38;2;0;0;0m         [0m  [38;2;137;137;137m▅[7m[38;2;126;126;126m▚[38;2;128;128;128m▅[0m [38;2;31;31;31m                            [0m
 [38;2;0;0;0m         [0m [38;2;188;188;188;48;2;119;119;119m▆[0m[7m[38;2;121;121;121m┗[0m[38;2;126;126;126m▃[0m  [38;2;23;23;23m                            [0m
 [38;2;0;0;0m         [0m [7m[38;2;167;167;167m▄[38;2;174;174;174m▄[38;2;173;173;173m▄[38;2;136;136;136m▄[0m [38;2;143;143;143m▗[38;2;184;184;184m▄[38;2;170;170;170m▄[0m [38;2;84;84;84m                        [0m
 [38;2;0;0;0m              [0m  [7m[38;2;123;123;123m╸[0m[38;2;117;117;117;48;2;188;188;188m▃[0m [38;2;83;83;83m                        [0m
 [38;2;0;0;0m              [0m [7m[38;2;169;169;169m▌[0m[38;2;123;123;123;48;2;197;197;197m▝[0m[38;2;167;167;167m▃[0m [38;2;72;72;72m                        [0m
 [38;2;0;0;0m              [0m  [7m[38;2;146;146;146m▅[38;2;131;131;131m▅[0m [38;2;55;55;55m [0m      [38;2;6;5;5m    [0m      [38;2;4;4;4m       [0m
 [38;2;0;0;0m                   [0m [38;2;34;30;25m▃[38;2;48;40;30;48;2;25;23;21m▆[38;2;55;45;33;48;2;31;29;26m▆▆[38;2;52;43;32;48;2;28;26;24m▆[0m[38;2;37;31;25m▄[0m    [38;2;36;32;26m▃[38;2;50;41;31;48;2;26;25;22m▆[38;2;55;45;33;48;2;31;29;26m▆▆[38;2;51;42;31;48;2;27;25;23m▆[0m[38;2;38;32;26m▃[0m  [38;2;0;0;0m     [0m
 [38;2;0;0;0m                  [0m [7m[38;2;28;26;24m▌[0m[38;2;40;37;34;48;2;52;45;37m▎[38;2;67;49;25;48;2;65;49;28m┊[38;2;98;87;73;48;2;65;50;31m▁[38;2;106;96;82;48;2;64;50;33m▁[38;2;77;63;48;48;2;67;50;27m▁[38;2;104;93;80;48;2;57;48;38m▁[38;2;79;72;63;48;2;31;28;26m▁[0m  [38;2;67;61;54;48;2;25;23;21m▁[38;2;107;97;84;48;2;54;47;38m▁[38;2;78;64;49;48;2;67;49;28m▁[38;2;102;91;77;48;2;65;50;32m▁[38;2;104;93;79;48;2;64;50;32m▁[38;2;68;49;25;48;2;67;50;28m┊[38;2;56;46;35;48;2;46;42;38m▋[0m[38;2;33;31;28m▌[0m [38;2;6;6;5m     [0m
 [38;2;0;0;0m                  [0m [7m[38;2;28;26;24m▌[0m[38;2;90;82;72;48;2;47;43;38m▗[38;2;144;132;116;48;2;66;58;49m▃[38;2;122;111;96;48;2;176;161;141m▘[38;2;193;177;155;48;2;149;135;118m▅[38;2;167;153;134;48;2;98;88;75m▃[38;2;190;174;152;48;2;144;131;114m▅[38;2;185;169;148;48;2;125;114;100m▅[38;2;144;132;116;48;2;44;40;36m▄[38;2;141;129;113;48;2;36;33;30m▄[38;2;176;161;141;48;2;111;101;89m▅[38;2;196;180;157;48;2;151;138;120m▅[38;2;168;154;135;48;2;100;89;77m▃[38;2;186;170;149;48;2;140;127;110m▅[38;2;189;173;152;48;2;144;131;114m▅[38;2;153;140;122;48;2;75;67;56m▃[38;2;100;92;81;48;2;52;47;42m▖[0m[38;2;33;31;28m▌[0m [38;2;6;6;5m     [0m
 [38;2;0;0;0m                 [0m [38;2;36;34;30m▗[38;2;124;113;99;48;2;43;40;35m▄[38;2;185;169;148;48;2;104;96;84m▅[38;2;182;167;146;48;2;209;191;168m▘[38;2;213;195;171;48;2;207;189;166m▇[48;2;209;192;168m▇[48;2;201;184;161m▇[48;2;208;191;168m▇[48;2;208;190;167m▇[48;2;199;182;160m▇[48;2;198;181;159m▇[48;2;206;189;165m▇[48;2;210;192;168m▇[48;2;201;184;162m▇[48;2;208;190;167m▇[48;2;208;191;168m▇[38;2;210;192;168;48;2;186;171;150m▋[38;2;141;129;113;48;2;69;63;56m▋[0m[38;2;40;38;34m▎[0m [38;2;0;0;0m     [0m
 [38;2;0;0;0m                 [0m [38;2;27;25;23;48;2;49;45;41m▋[38;2;112;103;90;48;2;167;153;134m▍[38;2;202;185;163;48;2;213;195;171m▎             [38;2;211;194;170;48;2;205;188;165m▉[38;2;205;187;164;48;2;159;146;127m▆[38;2;157;144;126;48;2;96;88;77m▅[38;2;64;59;52;48;2;27;25;22m▖[0m [38;2;12;11;10m    [0m
 [38;2;0;0;0m         [0m [38;2;32;29;27m▃[38;2;33;31;28m▃▃▃▃▃▃[38;2;35;32;29m▃[38;2;26;25;22;48;2;43;40;36m▘[38;2;168;154;135;48;2;102;93;82m▝[38;2;117;107;94;48;2;198;181;159m▃[38;2;118;108;95;48;2;201;184;161m▃▃[38;2;141;129;113;48;2;198;182;159m▂[38;2;199;182;160;48;2;210;192;168m▂[38;2;149;136;118;48;2;200;183;160m▂[38;2;121;109;95;48;2;201;184;161m▃[38;2;121;109;94m▃[38;2;125;110;92m▃[38;2;126;110;92;48;2;202;184;161m▃▃▃[38;2;123;110;94;48;2;201;184;161m▃[38;2;121;109;95m▃[38;2;134;122;106;48;2;202;185;162m▃[38;2;185;169;148;48;2;209;192;168m▖[38;2;181;165;145;48;2;133;122;107m▋[38;2;72;66;59;48;2;32;30;27m▍[0m [38;2;16;15;13m    [0m
 [38;2;0;0;0m     [0m   [38;2;82;76;66m▂[38;2;142;130;114;48;2;65;60;52m▄[38;2;196;179;157;48;2;114;104;91m▅[38;2;201;184;161;48;2;119;109;95m▅▅▅▅▅▅[38;2;193;176;155;48;2;114;104;91m▅[38;2;156;143;125;48;2;87;80;71m▖[38;2;92;88;80;48;2;46;43;39m▂[38;2;121;113;100;48;2;65;62;56m▗[38;2;169;155;136;48;2;95;87;76m▆[38;2;185;169;148;48;2;103;94;82m▆[38;2;191;175;153;48;2;141;129;114m▆[38;2;177;162;142;48;2;201;184;161m▁[38;2;155;140;121;48;2;102;88;72m▋[38;2;107;91;73;48;2;62;48;31m▂[38;2;67;49;27;48;2;66;50;30m┈[38;2;69;50;25;48;2;88;53;36m▉[38;2;171;73;77;48;2;118;59;51m▗[38;2;169;72;75;48;2;105;56;44m▆[38;2;113;58;48;48;2;76;52;30m▍[38;2;107;91;73;48;2;65;49;28m▂[38;2;166;150;130;48;2;102;89;74m▗[38;2;196;179;157;48;2;131;119;103m▅[38;2;189;173;151;48;2;201;184;161m▁[38;2;179;164;144;48;2;133;122;107m▌[38;2;68;63;56;48;2;30;28;26m▍[0m [38;2;15;14;12m    [0m
 [38;2;0;0;0m   [0m  [38;2;102;93;81m▄[38;2;152;139;122;48;2;39;36;33m▄[38;2;158;145;127;48;2;56;52;46m▄[38;2;130;119;104;48;2;188;172;151m▘[38;2;209;191;168;48;2;182;167;146m▇[38;2;213;195;171;48;2;212;194;171m┈[48;2;213;195;171m      [48;2;212;194;170m┈[38;2;211;193;169;48;2;183;168;147m▆[38;2;176;165;147;48;2;132;133;125m▌[38;2;81;101;105;48;2;48;83;92m▎[38;2;48;70;75;48;2;133;124;111m▆[38;2;52;58;58;48;2;145;133;117m▆[38;2;83;76;67m▆[38;2;95;87;76;48;2;147;134;118m┙[38;2;160;146;128;48;2;192;175;153m▘[38;2;140;124;105;48;2;187;170;148m▝[38;2;161;145;124;48;2;82;64;41m▄[38;2;158;141;121;48;2;74;54;29m▄[38;2;170;153;133;48;2;106;68;54m▃[48;2;115;70;59m▃[38;2;161;145;125;48;2;92;66;48m▄[38;2;141;125;106;48;2;188;171;149m▘[38;2;200;183;160;48;2;181;165;143m▇[38;2;141;129;113;48;2;199;182;159m▃[38;2;42;39;35;48;2;127;116;102m▗[0m[7m[38;2;81;74;65m▅[0m  [38;2;0;0;0m    [0m
  [38;2;29;27;23m▄[38;2;40;37;33m▄[38;2;45;39;32m▄[38;2;50;40;28;48;2;91;79;65m▊[38;2;133;120;103;48;2;178;163;142m▍[38;2;170;156;136;48;2;204;187;163m▗[38;2;91;84;74;48;2;184;169;148m▃[38;2;68;63;56;48;2;181;166;145m▃[38;2;127;116;102;48;2;191;175;153m▖[38;2;201;185;162;48;2;212;194;170m▏[48;2;213;195;171m       [38;2;213;195;171;48;2;212;194;170m▉[38;2;158;154;142;48;2;202;187;165m▝[38;2;175;166;150;48;2;81;106;112m▅[38;2;126;131;127;48;2;54;93;103m▖[38;2;69;99;107;48;2;38;75;85m▁[38;2;134;125;112;48;2;60;81;84m▝[38;2;65;69;67;48;2;172;158;139m▃[38;2;68;67;62;48;2;181;166;145m▃▃[48;2;180;165;144m▃▃▃▃▃[38;2;67;63;57;48;2;181;166;145m▃[38;2;45;42;37;48;2;145;132;116m▃[0m[7m[38;2;63;58;51m▅[0m  [38;2;0;0;0m      [0m
 [38;2;41;37;31;48;2;26;24;21m━[38;2;44;36;28;48;2;55;43;29m▎[38;2;68;49;25;48;2;60;47;32m━[48;2;61;47;31m━[38;2;66;49;28;48;2;72;57;40m▉[38;2;46;37;28;48;2;114;101;85m▄[38;2;23;21;19;48;2;111;102;89m▄[0m[7m[38;2;55;51;45m▇[38;2;35;32;29m▃[0m[38;2;76;70;61;48;2;133;121;106m▖[38;2;162;148;130;48;2;204;187;164m▂[38;2;200;183;161;48;2;211;193;169m▁[48;2;213;195;171m        [38;2;211;193;170;48;2;202;186;165m▇[38;2;205;189;167;48;2;159;154;142m▆[38;2;95;112;115;48;2;159;155;143m▝[38;2;142;142;134;48;2;43;85;97m▃[48;2;43;78;88m▃[48;2;44;76;86m▃[38;2;130;128;116;48;2;43;76;85m▃[38;2;117;109;92;48;2;42;75;85m▃[38;2;134;133;124;48;2;43;76;85m▃[38;2;104;113;111;48;2;41;75;85m▃[38;2;39;77;87;48;2;41;65;72m▆[38;2;32;77;90;48;2;38;68;77m╼[0m[7m[38;2;24;39;43m▗[0m  [38;2;0;0;0m        [0m
  [7m[38;2;32;29;25m▄[38;2;43;39;34m▄▄[38;2;42;38;33m▄[0m[38;2;28;25;22m▘[0m   [7m[38;2;53;49;43m▇[38;2;91;83;73m▄[0m[38;2;77;71;62;48;2;172;157;138m▃[38;2;96;88;78;48;2;195;179;157m▃▃▃▃▃▃▃▃▃▃[38;2;76;70;62;48;2;183;168;148m▂[48;2;181;166;146m▂▂▂[38;2;72;64;54;48;2;166;145;117m▂[38;2;83;68;48;48;2;156;122;74m▃[38;2;72;66;57;48;2;171;153;129m▂[38;2;54;49;43;48;2;131;122;108m▃[0m[7m[38;2;45;47;45m▄[38;2;38;41;39m▄[0m [38;2;22;23;23m          [0m
[?25h