[?25l[0m [38;2;0;0;0m [0m [38;2;152;152;152m▄[0m [38;2;79;79;79m               [0m
 [38;2;0;0;0m [0m [7m[38;2;139;139;139m▂[0m [38;2;149;149;149m▂[38;2;120;120;120m▂             [0m
 [38;2;0;0;0m   [0m [7m[38;2;158;158;158m▇[38;2;134;134;134m▄[0m [38;2;8;8;8m            [0m
 [38;2;0;0;0m   [0m [7m[38;2;153;153;153m▄[38;2;118;118;118m▅[0m[38;2;158;158;158m╺[38;2;131;131;131m▅           [0m
 [38;2;0;0;0m      [38;2;166;166;166m▝[38;2;184;184;184m╸[0m [38;2;37;33;28m▃[38;2;35;31;27m▃[0m  [38;2;27;24;20m▂[38;2;39;35;30m▃[0m  [38;2;0;0;0m  [0m
 [38;2;0;0;0m        [7m[38;2;32;29;25m╴[0m[38;2;158;144;126;48;2;71;57;40m▗[38;2;148;135;118;48;2;69;54;36m▃[38;2;153;140;123;48;2;35;31;27m▃[0m[38;2;109;100;88m▃[38;2;154;141;123;48;2;63;52;38m▃[38;2;169;155;135;48;2;71;57;39m▃[38;2;64;54;42;48;2;34;32;29m▊[0m [38;2;17;15;14m  [0m
 [38;2;0;0;0m       [0m [38;2;68;63;55;48;2;161;147;129m▘[38;2;213;195;171;48;2;209;192;168m┈[48;2;204;187;164m▇[48;2;206;188;165m▇[48;2;200;183;161m▇[48;2;205;188;165m▇[48;2;207;190;167m▇[38;2;68;62;55;48;2;191;175;153m▝[0m[38;2;85;78;69m▖  [0m
 [38;2;0;0;0m   [38;2;55;51;45m▁[38;2;118;108;95m▃[38;2;120;111;97m▃▃[38;2;160;146;128m▂[38;2;81;78;71;48;2;153;140;123m▆[38;2;144;132;116;48;2;195;178;156m▆[38;2;134;123;108;48;2;190;174;152m▁[38;2;101;86;68;48;2;196;179;157m▆[38;2;95;63;45;48;2;195;178;156m▆[38;2;120;70;58;48;2;196;179;156m▆[38;2;82;69;53;48;2;158;142;122m━[38;2;158;144;126;48;2;189;173;151m╸[0m[38;2;110;100;88m▍  [0m
 [38;2;27;25;23m▂[38;2;99;89;75m▗[38;2;171;156;137m▅[38;2;174;159;140;48;2;94;86;75m▇[38;2;206;189;166;48;2;213;195;171m▏   [38;2;69;100;107;48;2;195;181;161m▝[38;2;141;144;136;48;2;51;76;83m▂[38;2;172;158;138;48;2;75;88;88m▝[38;2;40;65;72;48;2;176;161;140m▃[48;2;157;142;122m▃[38;2;40;64;70;48;2;158;143;123m▃[0m[7m[38;2;168;154;135m▃[0m[38;2;100;91;80m▘[0m [38;2;0;0;0m  [0m
[38;2;30;27;23m▝[7m[38;2;52;42;30m▂[38;2;60;48;34m▂[38;2;108;99;87m▆[0m[38;2;110;101;88m▝[7m[38;2;168;154;135m▁[0m[38;2;46;43;39;48;2;200;183;161m▁▁▁▁[48;2;194;179;157m▁[48;2;181;169;151m▁[48;2;173;157;134m▁[38;2;38;35;32;48;2;168;155;136m▁[0m[7m[38;2;109;109;101m▄[0m [38;2;12;16;17m    [0m
[?25h