[?25l[0m [38;2;0;0;0m   [0m [38;2;127;127;127m▂[0m  [38;2;0;0;0m                        [0m
 [38;2;0;0;0m   [0m [7m[38;2;149;149;149m▖[0m[38;2;161;161;161m▋[0m [38;2;35;35;35m                        [0m
 [38;2;0;0;0m   [0m [7m[38;2;179;179;179m▂[0m[38;2;144;144;144m▖[0m     [38;2;0;0;0m                    [0m
 [38;2;0;0;0m   [0m    [7m[38;2;172;172;172m▅[38;2;187;187;187m▅[0m[38;2;173;173;173m▋[0m [38;2;46;46;46m                    [0m
 [38;2;0;0;0m      [0m [38;2;165;165;165m▄[7m[38;2;137;137;137m▅[0m  [38;2;0;0;0m                    [0m
 [38;2;0;0;0m      [0m [7m[38;2;171;171;171m▄[38;2;169;169;169m▄[38;2;133;133;133m▄[0m [38;2;150;150;150m▅[38;2;172;172;172m▄[0m [38;2;48;48;48m                 [0m
 [38;2;0;0;0m          [0m [38;2;161;161;161m▄[7m▅[0m [38;2;38;38;38m                 [0m
 [38;2;0;0;0m          [0m [7m[38;2;173;173;173m▄[38;2;144;144;144m▄[0m  [38;2;39;34;29m▄[38;2;44;39;33m▄[38;2;40;36;30m▄[0m    [38;2;34;30;26m▄[38;2;44;39;33m▄[38;2;43;38;32m▄[38;2;26;23;19m▖[0m [38;2;5;5;4m    [0m
 [38;2;0;0;0m             [0m [38;2;30;28;25;48;2;48;41;35m▍[38;2;72;59;45;48;2;64;48;28m▁[38;2;121;109;95;48;2;65;51;33m▁[38;2;86;73;59;48;2;66;49;29m▁[38;2;116;105;91;48;2;47;42;35m▁[0m  [38;2;74;67;59;48;2;37;34;30m▗[38;2;89;76;62;48;2;63;48;30m▁[38;2;117;106;91;48;2;65;51;33m▁[38;2;87;75;60;48;2;66;50;29m▁[38;2;52;44;34;48;2;38;32;26m▇[0m[38;2;24;22;20m▌    [0m
 [38;2;0;0;0m            [0m  [38;2;119;109;96;48;2;49;45;40m▗[38;2;187;172;150;48;2;95;86;74m▄[38;2;204;187;164;48;2;162;148;129m▆[38;2;201;184;161;48;2;121;110;95m▄[38;2;203;186;163;48;2;158;145;126m▆[38;2;190;174;152;48;2;84;77;68m▅[38;2;185;169;148;48;2;59;54;48m▅[38;2;203;185;163;48;2;152;139;122m▆[38;2;193;177;155;48;2;115;104;90m▅[38;2;155;142;124;48;2;201;184;162m▘[38;2;91;82;71;48;2;184;168;147m▝[38;2;150;137;120;48;2;61;56;49m▖[0m[38;2;25;24;21m▌    [0m
 [38;2;0;0;0m            [0m [38;2;33;31;28;48;2;113;104;91m▌[38;2;198;182;159;48;2;156;143;125m▇[38;2;213;195;171;48;2;212;194;170m┈[48;2;213;195;171m        [48;2;205;187;164m▉[38;2;87;80;71;48;2;187;171;150m▝[0m[38;2;104;95;84m▄[0m [38;2;21;20;18m   [0m
 [38;2;0;0;0m      [0m       [38;2;120;110;96;48;2;47;44;39m▝[38;2;83;76;67;48;2;189;173;151m▃[38;2;101;92;81;48;2;199;182;160m▃[38;2;118;108;95;48;2;201;184;161m▃[38;2;192;175;154;48;2;205;188;165m▁[38;2;119;107;92;48;2;202;185;162m▃[38;2;89;78;65;48;2;200;183;160m▃[38;2;96;80;61m▃[38;2;109;82;66m▃[38;2;101;81;62m▃[38;2;91;79;65m▃[38;2;106;95;82m▃[38;2;173;158;138;48;2;208;190;167m▖[38;2;157;144;126;48;2;63;58;52m▋[0m[38;2;27;25;22m▌   [0m
 [38;2;0;0;0m   [0m   [38;2;103;95;83m▃[38;2;164;150;132;48;2;29;27;25m▅[38;2;168;154;135;48;2;31;29;26m▅▅▅▅[38;2;185;170;149;48;2;50;46;41m▄[38;2;172;160;141;48;2;57;53;48m▄[38;2;96;106;105;48;2;72;76;73m▖[38;2;62;68;66;48;2;163;149;132m▂[38;2;69;65;58;48;2;175;160;141m▂[38;2;116;106;93;48;2;192;176;154m▃[38;2;78;62;44;48;2;162;146;126m▝[38;2;131;116;97;48;2;73;56;34m▖[38;2;106;91;73;48;2;78;51;29m▁[38;2;109;69;56;48;2;163;71;72m▃[38;2;138;64;60;48;2;94;65;47m▘[38;2;166;150;129;48;2;81;65;45m▄[38;2;145;130;112;48;2;196;179;157m▘[38;2;118;108;95;48;2;192;175;154m▗[0m[7m[38;2;111;102;89m▃[0m[38;2;25;24;21m▘   [0m
    [38;2;104;95;84m▃[38;2;178;163;143;48;2;43;39;35m▄[48;2;80;73;64m▅[38;2;205;188;165;48;2;160;146;128m▇[38;2;213;195;171;48;2;212;194;171m┈[48;2;213;195;171m     [38;2;185;173;155;48;2;210;193;169m▝[38;2;174;165;150;48;2;79;106;111m▄[38;2;102;117;118;48;2;41;79;89m▖[38;2;48;69;74;48;2;94;97;92m▊[38;2;67;72;70;48;2;162;149;131m▂[38;2;72;70;64;48;2;189;173;152m▂[48;2;179;163;142m▂[48;2;174;159;139m▂▂[38;2;72;69;64;48;2;175;160;139m▂[38;2;68;64;57;48;2;186;170;149m▂[0m[7m[38;2;145;133;117m▄[38;2;70;65;57m▆[0m [38;2;1;1;1m    [0m
 [38;2;43;35;27m▄[38;2;55;44;31m▆[38;2;60;46;29;48;2;34;28;23m▆[38;2;166;151;131;48;2;90;75;57m▝[38;2;75;68;60;48;2;179;164;143m▃[38;2;32;30;27;48;2;146;134;117m▅[38;2;63;58;52;48;2;152;139;122m▖[38;2;195;178;156;48;2;212;194;170m▏[48;2;213;195;171m      [38;2;213;195;171;48;2;211;193;170m┈[38;2;204;188;166;48;2;152;150;139m▆[38;2;182;171;154;48;2;74;102;109m▄[38;2;176;167;151;48;2;46;80;89m▄[38;2;173;163;146;48;2;47;78;87m▄[38;2;148;126;95;48;2;44;76;85m▄[38;2;168;156;137;48;2;46;77;86m▄[38;2;171;163;148;48;2;46;78;87m▄[38;2;123;122;113;48;2;43;69;76m▖[0m[38;2;22;35;38m▌[0m [38;2;1;1;1m      [0m
 [7m[38;2;35;30;24m▅[38;2;50;42;33m▃▃[38;2;38;32;26m▃[0m  [7m[38;2;72;66;58m▆[0m[38;2;48;44;39;48;2;149;136;119m▄[38;2;79;73;64;48;2;195;179;157m▂[38;2;83;76;67;48;2;199;182;160m▂▂▂▂▂▂▂▂▂[48;2;198;181;158m▂[48;2;191;171;144m▂[38;2;78;72;64;48;2;192;175;152m▂[0m[7m[38;2;146;134;117m▄[38;2;69;64;56m▆[0m [38;2;1;1;1m       [0m
[?25h