[?25l[0m [38;2;0;0;0m                   [0m
 [38;2;0;0;0m   [0m [38;2;149;149;149m▂[38;2;120;120;120m▂             [0m
 [38;2;0;0;0m   [0m [7m[38;2;158;158;158m▇[38;2;134;134;134m▄[0m [38;2;8;8;8m            [0m
 [38;2;0;0;0m   [0m [7m[38;2;153;153;153m▄[38;2;118;118;118m▅[0m[38;2;158;158;158m╺[38;2;131;131;131m▅           [0m
 [38;2;0;0;0m      [38;2;166;166;166m▝[38;2;184;184;184m╸[0m   [38;2;11;11;10m  [0m   [38;2;5;5;4m   [0m
 [38;2;0;0;0m        [38;2;47;42;36m▗[38;2;96;85;71;48;2;55;44;30m▁[38;2;106;94;80m▁[0m[38;2;95;87;76m▁[38;2;46;42;38m▁[7m[38;2;64;53;41m▘[0m[38;2;124;112;97;48;2;57;46;32m▁[0m[7m[38;2;49;40;30m▝[0m [38;2;12;11;10m  [0m
 [38;2;0;0;0m       [0m [38;2;190;174;153;48;2;62;57;51m▗[38;2;205;188;165;48;2;132;120;105m▆[38;2;202;185;163;48;2;130;119;103m▇[38;2;204;187;164;48;2;134;123;108m▇[38;2;208;190;167;48;2;105;97;85m▆[38;2;204;187;164;48;2;137;125;109m▇[38;2;206;189;166;48;2;158;144;126m▇[38;2;192;176;154;48;2;93;85;75m▖[0m [38;2;1;1;1m  [0m
 [38;2;0;0;0m   [38;2;55;51;45m▁[38;2;118;108;95m▃[38;2;120;111;97m▃▃[38;2;105;96;85m▃[38;2;205;188;165;48;2;92;85;75m▝[38;2;127;116;102;48;2;198;181;159m▃[38;2;199;182;160;48;2;189;173;151m▉[38;2;79;67;52;48;2;199;182;160m▃[38;2;88;60;43;48;2;199;182;159m▃[38;2;109;65;52m▃[38;2;88;75;59m▃[38;2;171;157;137;48;2;194;178;156m╴[0m[38;2;102;94;83m▌  [0m
 [38;2;27;25;23m▂[38;2;99;89;75m▗[38;2;171;156;137m▅[38;2;174;159;140;48;2;94;86;75m▇[38;2;206;189;166;48;2;213;195;171m▏  [38;2;213;195;171;48;2;207;190;166m┈[38;2;190;178;159;48;2;108;116;111m▖[38;2;53;75;81;48;2;174;160;141m▆[38;2;82;86;82;48;2;149;137;121m▁[38;2;165;151;131;48;2;111;94;74m▆[38;2;162;148;130;48;2;100;70;50m▄[38;2;157;143;124;48;2;119;63;53m▅[38;2;75;69;60;48;2;170;154;134m▁[0m[7m[38;2;155;142;124m▄[38;2;54;50;45m▇[0m[38;2;7;7;6m  [0m
[38;2;30;27;23m▝[7m[38;2;52;42;30m▂[38;2;60;48;34m▂[38;2;108;99;87m▆[0m[38;2;110;101;88m▝[7m[38;2;168;154;135m▁[0m[38;2;46;43;39;48;2;200;183;161m▁▁▁[48;2;199;182;160m▁[48;2;164;157;143m▁[38;2;145;136;121;48;2;44;78;88m▅[38;2;167;150;125;48;2;84;89;82m╾[38;2;142;132;117;48;2;68;80;78m┳[0m[7m[38;2;41;63;68m▂[0m[38;2;20;30;33m▘    [0m
[?25h