[?25l[0m [38;2;0;0;0m                               [0m
 [38;2;0;0;0m                               [0m
 [38;2;0;0;0m       [0m     [38;2;0;0;0m                   [0m
 [38;2;0;0;0m    [0m [38;2;155;155;27m▂[38;2;231;231;42;48;2;15;15;2m▄[38;2;227;228;41;48;2;27;27;4m▆[38;2;173;173;30;48;2;42;41;4m▇[38;2;65;64;10;48;2;204;204;35m━[38;2;253;254;46;48;2;86;86;13m╼[38;2;166;167;29;48;2;7;7;0m▆[38;2;232;232;41;48;2;32;32;4m▃[38;2;242;243;43;48;2;2;2;0m▄[38;2;234;235;42;48;2;0;0;0m▅[38;2;252;253;46;48;2;8;8;0m▅[38;2;253;254;46;48;2;39;39;5m▅[38;2;233;234;41;48;2;0;0;0m▆[38;2;250;251;45;48;2;10;9;1m▅[38;2;249;250;45;48;2;19;19;3m▄[0m[38;2;207;208;37m▃[0m  [38;2;0;0;0m        [0m
 [38;2;0;0;0m   [38;2;137;137;24m▗[38;2;236;237;42;48;2;70;70;12m▆[48;2;253;254;46m  [38;2;212;213;38;48;2;54;54;9m▋[38;2;54;54;8;48;2;198;198;35m━[38;2;251;252;45;48;2;97;97;16m▅[38;2;253;254;46;48;2;241;242;44m┈[48;2;253;254;46m        [48;2;253;253;46m┈[38;2;248;211;37m▁[38;2;249;239;43;48;2;159;159;28m▇[38;2;205;184;32;48;2;34;34;6m▄[0m [38;2;0;0;0m       [0m
 [38;2;0;0;0m [0m [38;2;161;176;178m▂[38;2;198;218;223;48;2;83;83;14m▃[38;2;18;18;1;48;2;196;204;99m╾[38;2;107;107;18;48;2;241;242;44m▖[38;2;221;221;40;48;2;76;76;12m▚[38;2;142;142;25;48;2;251;252;46m▘[48;2;253;254;46m        [38;2;251;235;42m▂[38;2;249;214;37;48;2;253;251;45m▄[38;2;248;209;36;48;2;252;246;44m▆[38;2;248;208;36;48;2;249;219;38m▇[48;2;248;208;36m   [38;2;30;25;4;48;2;222;186;32m▝[0m[38;2;0;0;0m╴      [0m
 [38;2;0;0;0m [0m [7m[38;2;35;39;41m╴[38;2;41;47;49m╴[0m[38;2;192;193;34;48;2;73;80;62m▅[38;2;193;193;34;48;2;81;81;14m▍[38;2;253;254;46;48;2;241;242;44m┈[38;2;249;218;38;48;2;253;252;46m▂[38;2;248;212;37;48;2;253;253;46m▄[38;2;248;209;36;48;2;253;252;45m▅[38;2;248;210;36;48;2;253;254;46m▆[38;2;248;208;36m▆[48;2;253;251;45m▆[48;2;252;247;44m▆[48;2;252;246;44m▆[48;2;252;242;43m▆[48;2;248;209;36m┈[48;2;248;208;36m       [38;2;221;187;32;48;2;92;78;13m╴[0m [38;2;0;0;0m     [0m
 [38;2;0;0;0m    [7m[38;2;33;33;5m╴[0m[38;2;56;55;9;48;2;250;230;41m▊[38;2;248;209;36;48;2;251;234;42m▆[48;2;248;208;36m                 [38;2;248;208;36;48;2;38;32;5m▋[0m[38;2;0;0;0m╴     [0m
 [38;2;0;0;0m     [7m[38;2;23;19;3m╴[0m[38;2;248;208;36;48;2;240;202;35m┈[48;2;248;208;36m                 [38;2;247;207;36;48;2;33;28;4m▋[0m[38;2;0;0;0m╴     [0m
 [38;2;0;0;0m     [0m [38;2;40;34;5;48;2;198;166;28m▌[48;2;248;208;36m                 [38;2;212;178;30;48;2;5;5;0m▌[0m [38;2;0;0;0m     [0m
 [38;2;0;0;0m      [0m [38;2;7;6;1;48;2;198;166;28m▖[48;2;248;208;36m           [38;2;40;34;5;48;2;237;199;34m▁[38;2;248;208;36;48;2;245;206;36m┈[48;2;248;208;36m   [38;2;0;0;0;48;2;44;37;6m┊[0m[38;2;0;0;0m      [0m
 [38;2;0;0;0m       [0m [38;2;0;0;0;48;2;123;104;17m╴[38;2;248;208;36;48;2;244;205;35m┈[48;2;248;208;36m    [38;2;99;83;13m▂[38;2;0;0;0;48;2;234;196;33m▂[38;2;227;191;32;48;2;140;118;20m╴[38;2;0;0;0;48;2;108;91;15m╴[0m  [38;2;0;0;0;48;2;87;73;12m╴[38;2;248;208;36;48;2;236;198;34m┈[38;2;14;12;1;48;2;244;205;35m▁[38;2;20;17;2;48;2;240;202;35m▂[0m[38;2;0;0;0m╴      [0m
 [38;2;0;0;0m        [0m [7m[38;2;60;51;8m╴[0m[38;2;117;98;16;48;2;246;206;36m▖[48;2;248;208;36m [38;2;203;170;25m▁[38;2;64;54;6;48;2;247;208;36m▁[38;2;105;88;14;48;2;45;38;6m╴[0m[38;2;105;88;14m     [0m    [38;2;0;0;0m       [0m
 [38;2;0;0;0m          [0m     [38;2;0;0;0m                [0m
 [38;2;0;0;0m                        [0m [38;2;31;26;5m      [0m
 [38;2;0;0;0m                               [0m
[?25h