[?25l[0m [38;2;0;0;0m                               [0m
 [38;2;0;0;0m                [0m       [38;2;0;0;0m        [0m
 [38;2;0;0;0m      [0m  [38;2;235;236;42m▁[38;2;28;28;5m▂[38;2;135;134;22m▂[38;2;249;249;45m▂[38;2;190;189;32m▃[38;2;92;91;15m▁[38;2;208;208;37m▃[38;2;224;224;40;48;2;1;1;0m▅[38;2;244;245;44;48;2;13;13;1m▆[38;2;248;249;45;48;2;14;13;1m▇[38;2;253;254;46;48;2;136;135;17m▇[48;2;183;183;28m▇[48;2;108;106;12m▇[38;2;241;241;43;48;2;0;0;0m▇[38;2;251;252;46;48;2;43;43;7m▅[38;2;234;235;42;48;2;13;12;2m▄[0m[38;2;143;143;24m▃[0m [38;2;0;0;0m     [0m
 [38;2;0;0;0m   [0m [38;2;102;102;18m▁[38;2;208;208;37m▄[38;2;240;241;43;48;2;33;33;5m▆[38;2;34;34;5;48;2;204;204;36m┏[38;2;213;213;38;48;2;111;110;18m▅[38;2;74;73;11;48;2;194;194;34m▂[38;2;8;8;1;48;2;245;245;44m▁[38;2;41;41;6;48;2;197;197;35m╺[38;2;235;236;42;48;2;106;105;17m▅[38;2;253;254;46;48;2;243;244;44m┈[48;2;253;254;46m           [38;2;247;247;45;48;2;107;107;18m▆[0m[38;2;169;169;30m▄[0m [38;2;0;0;0m   [0m
 [38;2;0;0;0m  [0m [38;2;249;249;45;48;2;46;46;8m▗[38;2;253;254;46;48;2;239;239;43m┈[48;2;253;254;46m  [38;2;105;104;18;48;2;236;236;43m▝[38;2;106;106;17;48;2;218;219;39m╍[38;2;66;65;8;48;2;237;237;43m━[38;2;241;242;44;48;2;92;91;15m▅[38;2;253;254;46;48;2;252;253;46m┈[48;2;253;254;46m       [48;2;253;253;46m┈[38;2;249;214;37;48;2;253;252;46m▂[38;2;249;213;37;48;2;253;254;46m▄[38;2;248;211;37m▅[38;2;248;208;36m▅[38;2;248;211;36m▅[38;2;248;211;37;48;2;253;253;46m▄[38;2;248;212;37;48;2;252;251;45m▂[38;2;21;20;3;48;2;217;216;38m▝[0m[38;2;0;0;0m╴  [0m
 [38;2;0;0;0m  [7m[38;2;1;0;0m╴[0m[38;2;0;0;0;48;2;227;227;40m▁[38;2;64;64;9;48;2;253;254;46m▂[38;2;253;254;46;48;2;250;251;45m┈[48;2;253;254;46m           [38;2;251;232;41;48;2;253;253;46m▗[38;2;248;213;37;48;2;252;249;45m▅[38;2;248;208;36;48;2;250;227;40m▇[48;2;248;208;36m       [48;2;250;225;40m▇[48;2;118;103;18m╴[0m [38;2;0;0;0m [0m
 [38;2;0;0;0m [38;2;99;111;113;48;2;7;7;7m▗[38;2;165;184;190;48;2;35;38;38m▆[38;2;32;35;31;48;2;184;204;209m▂[38;2;40;44;42;48;2;154;161;115m╺[38;2;91;91;15;48;2;248;247;44m▘[38;2;250;225;39;48;2;253;254;46m▁[38;2;249;214;37;48;2;252;250;45m▂[38;2;249;213;37;48;2;253;252;46m▖[48;2;253;254;46m      [38;2;251;232;41;48;2;253;253;46m▁[38;2;249;213;37;48;2;252;247;44m▄[38;2;248;208;36;48;2;248;209;36m┈[48;2;248;208;36m          [38;2;237;199;34;48;2;0;0;0m▉[0m[38;2;0;0;0m╴ [0m
 [38;2;0;0;0m [0m   [38;2;0;0;0;48;2;101;85;14m╴[38;2;152;127;21;48;2;241;202;35m▁[48;2;248;208;36m  [38;2;248;208;36;48;2;252;241;43m▌[48;2;253;254;46m    [38;2;249;221;39;48;2;252;251;45m▂[38;2;248;211;37;48;2;252;246;44m▅[38;2;248;208;36;48;2;248;209;36m┈[48;2;248;208;36m            [38;2;233;196;34;48;2;33;29;4m▊[0m [38;2;0;0;0m [0m
 [38;2;0;0;0m    [0m  [38;2;9;8;1;48;2;196;165;28m▖[38;2;248;208;36;48;2;247;207;36m┈[48;2;248;208;36m [38;2;248;209;36;48;2;251;237;42m▇[38;2;248;210;36;48;2;253;253;46m▆[38;2;248;208;36;48;2;252;247;44m▅[48;2;251;236;42m▆[48;2;248;208;36m              [48;2;242;203;35m┈[38;2;91;76;12;48;2;55;46;8m╴[0m [38;2;0;0;0m [0m
 [38;2;0;0;0m      [0m [7m[38;2;65;55;9m╴[0m[38;2;129;109;18;48;2;247;207;36m▖[48;2;248;208;36m                 [38;2;164;139;23;48;2;242;203;35m▁[38;2;88;75;12;48;2;72;61;10m╴[0m [38;2;0;0;0m  [0m
 [38;2;0;0;0m        [0m [38;2;50;43;7;48;2;238;200;34m▖[48;2;248;208;36m         [38;2;105;89;13;48;2;246;207;36m▁[38;2;19;16;2;48;2;236;198;34m▂[38;2;72;61;9;48;2;218;183;31m▖[38;2;65;55;6;48;2;243;204;35m╴[48;2;248;208;36m [38;2;248;208;36;48;2;247;207;36m┈[48;2;155;130;22m╴[0m[38;2;0;0;0m╴[0m [38;2;0;0;0m   [0m
 [38;2;0;0;0m         [7m[38;2;17;14;2m╴[0m[38;2;132;112;19;48;2;247;207;36m▖[48;2;248;208;36m   [38;2;24;21;3;48;2;245;206;36m▗[38;2;0;0;0;48;2;117;98;16m┈[48;2;90;76;13m╴[0m[7m[38;2;59;50;8m┈[0m   [38;2;5;5;0;48;2;199;167;28m▎[38;2;14;13;2;48;2;244;204;35m▂[38;2;247;207;36;48;2;143;120;20m╴[38;2;0;0;0;48;2;49;41;7m╴[0m [38;2;0;0;0m     [0m
 [38;2;0;0;0m         [0m [38;2;24;21;3;48;2;216;182;31m▋[48;2;248;208;36m [38;2;210;177;28m▁[38;2;20;17;2;48;2;243;204;35m▁[38;2;0;0;0;48;2;67;56;9m┊[0m[38;2;0;0;0m     [0m   [38;2;0;0;0m        [0m
 [38;2;0;0;0m          [0m     [38;2;0;0;0m                [0m
 [38;2;0;0;0m                               [0m
 [38;2;0;0;0m                               [0m
[?25h