[?25l[0m [38;2;0;0;0m                               [0m
 [38;2;0;0;0m                               [0m
 [38;2;0;0;0m        [0m [38;2;0;0;0m                      [0m
 [38;2;0;0;0m   [0m [38;2;91;91;15m▁[38;2;208;209;37m▃[38;2;249;250;45;48;2;24;24;4m▄[38;2;226;227;40;48;2;0;0;0m▆[38;2;172;172;30;48;2;2;2;0m▆[38;2;248;248;45;48;2;79;79;13m▂[38;2;226;227;41;48;2;1;1;0m▅[38;2;234;235;41;48;2;0;0;0m▆[38;2;237;238;42m▆[38;2;247;248;45;48;2;4;4;0m▅[38;2;249;250;45;48;2;14;13;2m▄[38;2;51;51;7;48;2;80;80;14m┈[38;2;192;193;34;48;2;18;17;2m▄[38;2;253;254;46;48;2;23;23;3m▄[48;2;18;18;2m▄[38;2;247;248;45;48;2;2;2;0m▄[0m[38;2;251;252;46m▃[38;2;200;200;35m▃[38;2;141;141;23m▂[0m  [38;2;0;0;0m      [0m
 [38;2;0;0;0m  [0m [38;2;251;251;45;48;2;49;49;8m▗[38;2;253;254;46;48;2;240;241;43m┈[48;2;253;254;46m  [48;2;90;90;15m▎[38;2;132;132;22;48;2;213;213;38m┕[38;2;60;60;9;48;2;202;203;36m╸[38;2;80;80;12;48;2;251;252;46m▂[38;2;253;254;46;48;2;250;251;45m┈[48;2;252;253;46m┈[38;2;92;92;14;48;2;245;246;44m▂[38;2;54;54;8;48;2;213;214;38m╼[38;2;242;243;44;48;2;101;101;17m▅[38;2;253;254;46;48;2;246;247;45m┈[48;2;253;254;46m  [38;2;253;254;45m╶   [38;2;251;252;46;48;2;131;132;22m▇[38;2;234;235;42;48;2;14;14;2m▆[0m[38;2;211;211;38m▄[38;2;0;0;0m╴[0m [38;2;0;0;0m   [0m
 [38;2;0;0;0m  [0m [38;2;0;0;0;48;2;203;203;36m▁[38;2;21;20;2;48;2;248;249;45m▁[38;2;253;254;46;48;2;251;252;45m┈[48;2;253;254;46m [48;2;249;249;45m╴[38;2;252;253;46;48;2;104;104;17m▅[38;2;66;65;9;48;2;213;214;38m╺[38;2;38;38;4;48;2;228;229;41m━[38;2;67;67;10;48;2;222;222;40m━[38;2;244;245;44;48;2;105;105;17m▅[38;2;249;250;45;48;2;124;124;21m▇[48;2;253;254;46m            [38;2;253;254;46;48;2;246;247;44m┈[38;2;200;201;36;48;2;29;29;5m▅[0m[38;2;0;0;0m╴  [0m
 [38;2;0;0;0m [38;2;113;126;130;48;2;4;5;5m▗[38;2;193;214;220;48;2;35;38;38m▆[38;2;191;212;220;48;2;80;87;87m▇[38;2;166;188;198;48;2;85;93;93m▇[38;2;73;79;55;48;2;215;215;38m▊[48;2;253;254;46m                    [38;2;251;238;42m▁[38;2;248;213;37;48;2;252;249;45m▃[38;2;248;208;36;48;2;118;103;17m╴[0m [38;2;0;0;0m [0m
 [38;2;0;0;0m [0m [7m[38;2;52;59;63m╴[38;2;51;57;60m┈[38;2;42;44;25m╴[0m[38;2;139;139;24;48;2;236;237;42m▏[38;2;253;254;46;48;2;253;254;45m▇[48;2;253;254;46m               [48;2;253;253;46m┈[38;2;249;220;38m▂[38;2;248;210;36;48;2;252;250;45m▃[38;2;248;209;36;48;2;252;245;44m▅[38;2;248;208;36;48;2;248;210;36m┈[48;2;248;208;36m [38;2;247;207;36;48;2;49;43;5m▊[0m[38;2;0;0;0m╴ [0m
 [38;2;0;0;0m    [0m [7m[38;2;44;41;7m╴[0m[38;2;108;91;15;48;2;248;229;40m▖[38;2;248;210;36;48;2;253;251;45m▃[38;2;249;221;39;48;2;253;254;46m▂[38;2;253;254;46;48;2;253;253;46m┈[48;2;253;254;46m  [38;2;253;254;45m┊   [38;2;251;235;42m▁[38;2;249;220;38m▂[38;2;249;214;37m▃[38;2;248;210;36;48;2;253;253;46m▄[38;2;248;209;36;48;2;252;250;45m▅[38;2;248;208;36;48;2;252;242;43m▆[48;2;249;218;38m▇[48;2;248;208;36m     [48;2;132;111;19m╴[0m [38;2;0;0;0m [0m
 [38;2;0;0;0m      [0m [38;2;15;13;1;48;2;148;124;21m╴[38;2;248;208;36;48;2;244;205;35m┈[48;2;248;208;36m [48;2;252;245;44m▇[48;2;252;241;43m▆[48;2;252;245;44m▆[48;2;252;244;43m▆[38;2;248;209;36;48;2;253;253;46m▇[38;2;248;208;36;48;2;251;229;40m▇[48;2;248;208;36m          [48;2;243;204;35m┈[38;2;245;206;35;48;2;138;116;19m╴[0m [38;2;0;0;0m  [0m
 [38;2;0;0;0m       [0m [7m[38;2;53;44;7m╴[0m[38;2;129;108;17;48;2;248;208;36m▖             [38;2;248;208;36;48;2;236;198;34m┈[38;2;21;17;2;48;2;231;194;33m▂[38;2;39;33;4;48;2;112;94;16m┈[0m  [38;2;0;0;0m   [0m
 [38;2;0;0;0m         [7m[38;2;35;29;5m╴[0m[38;2;158;133;22;48;2;240;202;35m▏[38;2;248;208;36;48;2;236;198;34m┊[38;2;120;101;16;48;2;245;205;35m▃[38;2;49;42;5;48;2;239;201;34m▂[38;2;0;0;0;48;2;235;197;33m▁[48;2;246;207;36m▁[38;2;1;1;0;48;2;248;208;36m▁[38;2;0;0;0;48;2;241;203;35m▁[38;2;44;37;4;48;2;248;208;36m▂[38;2;0;0;0;48;2;230;193;33m▂[38;2;203;170;25;48;2;135;113;19m╴[38;2;27;23;3;48;2;192;162;26m╼[38;2;0;0;0;48;2;162;136;22m▁[48;2;152;127;20m▂[0m[38;2;0;0;0m╴      [0m
 [38;2;0;0;0m         [0m [38;2;31;26;4;48;2;208;175;30m▋[48;2;248;208;36m [38;2;248;208;36;48;2;247;207;36m┈[38;2;69;59;7;48;2;245;206;35m▁[38;2;174;146;25;48;2;74;62;10m╴[0m    [38;2;0;0;0m [0m   [38;2;0;0;0m        [0m
 [38;2;0;0;0m          [0m     [38;2;0;0;0m                [0m
 [38;2;0;0;0m                               [0m
 [38;2;0;0;0m                               [0m
[?25h