[?25l[0m [38;2;0;0;0m           [0m [38;2;24;22;20m▂[38;2;27;25;22m▂[38;2;23;21;19m▂[0m [38;2;0;0;0m  [0m  [38;2;27;25;22m▂[38;2;25;23;21m▂[0m [38;2;8;7;6m        [0m
 [38;2;0;0;0m          [0m [38;2;43;38;31m▅[38;2;61;46;29;48;2;39;37;34m▇[38;2;63;48;29;48;2;47;42;37m▆[38;2;60;46;29;48;2;38;35;32m▇[0m[38;2;41;36;31m▅[0m  [38;2;37;33;29m▅[38;2;39;33;26;48;2;60;47;30m▘[38;2;63;48;29;48;2;47;42;37m▆[38;2;64;48;28;48;2;45;40;35m▆[0m[38;2;47;40;32m▅[0m [38;2;21;20;18m       [0m
 [38;2;0;0;0m          [0m [38;2;78;72;63;48;2;43;39;34m▗[38;2;145;133;116;48;2;76;64;49m▃[38;2;186;170;149;48;2;91;81;69m▅[38;2;160;146;128;48;2;88;75;60m▃[38;2;185;169;148;48;2;84;75;65m▅[0m[38;2;131;120;105m▄[38;2;124;113;100m▄[38;2;183;168;147;48;2;79;72;63m▅[38;2;161;147;129;48;2;89;76;61m▃[38;2;184;168;147;48;2;91;81;68m▅[38;2;154;141;124;48;2;83;71;56m▃[38;2;86;78;69;48;2;48;43;37m▖[0m [38;2;22;20;18m       [0m
 [38;2;0;0;0m   [0m [38;2;31;27;22m▗[38;2;38;32;26m▄[0m  [38;2;0;0;0m [0m [38;2;133;121;106;48;2;36;33;29m▗[38;2;195;179;157;48;2;112;103;90m▅[38;2;211;194;170;48;2;208;190;167m┈[38;2;213;195;171;48;2;210;193;169m▇[48;2;203;186;163m▇[48;2;211;194;170m┈[38;2;179;176;164;48;2;210;193;169m▂[38;2;211;194;171;48;2;200;184;161m▇[38;2;213;195;171;48;2;210;192;169m▇[48;2;203;186;163m▇[48;2;212;194;170m┈[38;2;177;174;162;48;2;206;189;166m▂[38;2;144;134;119;48;2;72;66;59m▋[0m[38;2;60;55;48m▖[0m [38;2;7;6;6m      [0m
 [38;2;0;0;0m   [7m[38;2;24;23;21m▌[0m[38;2;38;35;32;48;2;54;45;34m▏[38;2;67;49;26;48;2;62;47;29m╴[38;2;44;40;35;48;2;23;21;20m▌[0m [38;2;6;6;5m [0m [38;2;45;42;38;48;2;131;120;105m▌[38;2;165;151;132;48;2;205;187;164m▂[38;2;171;157;137;48;2;212;194;171m▂[38;2;178;163;143;48;2;212;195;171m▂[38;2;213;195;171;48;2;212;194;170m┈[38;2;210;193;169;48;2;178;171;155m▊[38;2;55;79;85;48;2;119;137;138m▗[38;2;78;67;52;48;2;177;167;150m▄[38;2;87;64;42;48;2;191;174;152m▄[38;2;116;71;58m▄[38;2;92;67;51;48;2;186;172;151m▄[38;2;71;87;89;48;2;116;140;144m▄[38;2;157;156;146;48;2;196;182;161m▍[38;2;142;130;114;48;2;48;45;40m▋[0m [38;2;22;21;19m      [0m
 [38;2;0;0;0m  [38;2;24;23;21m▗[38;2;85;77;66;48;2;31;26;21m▂[38;2;140;124;105;48;2;60;47;30m▂[38;2;121;108;92;48;2;63;48;29m▂[38;2;47;43;38;48;2;24;22;20m▌[0m [38;2;7;7;6m [0m [38;2;42;41;38;48;2;61;56;50m▇[38;2;118;111;100;48;2;65;64;58m▗[38;2;174;160;140;48;2;94;87;76m▅[38;2;185;169;148;48;2;119;110;96m▅[38;2;170;156;137;48;2;205;188;165m▁[38;2;209;191;168;48;2;196;179;157m▉[38;2;193;176;153;48;2;112;98;81m▅[38;2;155;138;119;48;2;85;67;44m▂[38;2;141;125;106;48;2;81;52;30m▂[38;2;125;61;54;48;2;149;86;79m╾[38;2;146;130;111;48;2;102;62;47m▂[38;2;181;164;142;48;2;94;80;63m▅[38;2;177;161;140;48;2;197;180;158m▘[38;2;135;124;108;48;2;45;42;38m▋[0m [38;2;20;19;18m      [0m
 [38;2;0;0;0m  [7m[38;2;26;25;22m▌[0m[38;2;61;57;51;48;2;153;140;123m▍[38;2;160;147;129;48;2;200;183;160m▗[38;2;62;57;50;48;2;158;144;126m▄[0m[38;2;55;51;45m▘[0m [38;2;4;4;4m [0m [38;2;63;75;76;48;2;40;46;45m▗[38;2;110;119;118;48;2;41;80;91m▂[38;2;46;73;80;48;2;121;112;100m▇[38;2;61;65;63;48;2;105;98;87m▋[38;2;107;98;86;48;2;169;155;136m▘[38;2;169;155;136;48;2;204;187;164m▁[48;2;210;192;169m▁[48;2;207;189;166m▁[48;2;206;189;165m▁▁[38;2;162;149;130;48;2;204;187;163m▁[38;2;88;81;71;48;2;185;169;148m▃[0m[7m[38;2;104;95;84m▄[0m  [38;2;0;0;0m [0m  [38;2;176;174;174m▗[38;2;134;132;132m▖ [0m
 [38;2;0;0;0m  [7m[38;2;26;25;22m▌[0m[38;2;62;58;51;48;2;156;143;125m▍[38;2;163;150;131;48;2;206;189;165m▝[38;2;174;159;140;48;2;69;64;56m▄[0m[38;2;77;71;62m▃[0m [38;2;49;45;39m▁[38;2;107;98;86m▄[38;2;77;71;63;48;2;179;165;144m▘[38;2;205;189;166;48;2;168;160;145m▆[38;2;179;170;153;48;2;74;103;109m▅[38;2;128;134;128;48;2;54;89;98m▂[38;2;115;125;122;48;2;60;79;82m▂[38;2;112;121;119;48;2;62;78;80m▂[38;2;62;79;81;48;2;134;123;108m▇[38;2;111;120;117;48;2;62;78;80m▂[38;2;115;125;122m▂[38;2;115;123;121;48;2;63;77;78m▂[38;2;134;126;112;48;2;66;66;61m▁[0m[38;2;51;47;41m▏[0m  [38;2;4;4;3m [0m [7m[38;2;179;176;176m▌[0m[38;2;119;118;118m▌[7m[38;2;194;192;192m▌[0m[38;2;148;146;146m▌[38;2;166;164;164m▗[0m
 [38;2;0;0;0m  [7m[38;2;25;23;21m▌[0m[38;2;59;55;49;48;2;150;138;120m▍[38;2;188;173;151;48;2;210;193;169m▁[38;2;212;194;170;48;2;203;186;163m▇[38;2;199;182;160;48;2;144;132;116m▇[38;2;188;172;151;48;2;61;56;50m▅[38;2;193;177;155;48;2;95;87;76m▅[38;2;209;191;168;48;2;176;161;141m▇[48;2;213;195;171m  [38;2;213;195;171;48;2;208;191;168m▇[38;2;211;194;170;48;2;178;168;152m▇[48;2;173;165;149m▇[38;2;209;191;166;48;2;169;159;142m▇[38;2;205;183;155;48;2;165;135;94m▅[38;2;211;191;166;48;2;181;166;145m▆[38;2;211;194;170;48;2;173;165;149m▇▇[38;2;208;190;167;48;2;167;155;136m▇[38;2;72;66;59;48;2;167;152;134m▝[38;2;129;114;99;48;2;57;48;38m▖[0m[38;2;46;39;31m▄[0m [38;2;154;152;152m▝[0m [38;2;150;148;148m▗[38;2;175;173;173m▝[38;2;131;129;129m▘[7m[38;2;180;178;178m▌[0m
 [38;2;0;0;0m  [0m [7m[38;2;67;61;54m▇[0m[38;2;72;66;59;48;2;153;140;123m▍[38;2;182;167;146;48;2;210;192;169m▁[38;2;193;177;155;48;2;213;195;171m▁         [38;2;189;174;152m▁[38;2;175;161;141;48;2;209;192;168m▁[38;2;97;89;78;48;2;197;181;158m▃[38;2;63;58;51;48;2;194;177;156m▃[38;2;62;57;51;48;2;192;176;155m▃[38;2;59;54;48;48;2;174;158;140m▃[38;2;133;118;103;48;2;61;52;41m▘[0m[7m[38;2;47;40;32m▄[0m [38;2;21;19;17m  [0m  [38;2;145;143;143m▝[38;2;128;126;126m▘[0m
 [38;2;0;0;0m   [0m [7m[38;2;56;51;45m▆[0m[38;2;49;45;41;48;2;133;121;106m▆[38;2;92;84;74;48;2;162;149;130m▌[38;2;195;178;156;48;2;212;194;170m▏[48;2;213;195;171m     [38;2;193;176;155m▁[38;2;176;161;141;48;2;209;191;167m▁[38;2;88;81;71;48;2;189;173;151m▃[0m[7m[38;2;112;102;90m▄[38;2;98;90;79m▅[38;2;50;46;41m▇[0m     [38;2;0;0;0m       [0m
 [38;2;0;0;0m   [0m [7m[38;2;25;23;20m▌[0m[38;2;139;127;111;48;2;68;61;52m▝[38;2;120;104;85;48;2;184;167;146m▖[38;2;177;162;142;48;2;207;190;166m▗[38;2;131;120;105;48;2;203;186;163m▃[38;2;179;161;141;48;2;209;191;167m▃[38;2;186;170;150;48;2;209;191;168m▂[38;2;174;159;139;48;2;207;189;166m▁[38;2;85;78;68;48;2;187;171;150m▃[0m[7m[38;2;113;104;91m▄[38;2;86;79;69m▄[38;2;44;41;36m▇[0m [38;2;0;0;0m              [0m
 [38;2;0;0;0m   [0m [38;2;51;43;33;48;2;35;30;24m▆[38;2;68;49;25;48;2;60;46;31m▇[38;2;71;54;32;48;2;104;87;67m▇[38;2;64;52;39;48;2;136;122;105m▆[38;2;68;55;39;48;2;94;85;74m▆[38;2;69;52;31;48;2;132;116;99m▆[38;2;36;31;25;48;2;89;76;61m▗[0m[7m[38;2;109;99;87m▅[38;2;39;36;32m▇[0m [38;2;0;0;0m                 [0m
 [38;2;0;0;0m   [0m [7m[38;2;28;24;20m▅[38;2;46;39;32m▃[38;2;46;40;33m▃[38;2;43;39;34m▃[38;2;47;40;33m▃[38;2;39;34;27m▃[0m  [38;2;0;0;0m                   [0m
 [38;2;0;0;0m                               [0m
 [38;2;0;0;0m                               [0m
[?25h