[?25l[0m [38;2;0;0;0m                               [0m
 [38;2;0;0;0m                               [0m
 [38;2;0;0;0m                               [0m
 [38;2;0;0;0m     [0m [38;2;116;116;20m▁[38;2;191;192;34m▃[38;2;251;252;46m▃[38;2;228;228;40m▄[38;2;21;20;3;48;2;80;80;14m┈[0m[38;2;141;140;23m▁[38;2;219;219;39m▂[38;2;229;229;41m▂[38;2;88;87;15m▂[0m   [38;2;0;0;0m             [0m
 [38;2;0;0;0m    [38;2;104;104;18m▁[38;2;235;236;42;48;2;55;54;9m▅[38;2;253;254;46;48;2;248;249;45m┈[48;2;253;254;46m [38;2;55;55;10;48;2;225;225;40m┏[38;2;106;105;18;48;2;179;179;32m╏[38;2;252;253;46;48;2;104;102;17m▆[38;2;253;254;46;48;2;252;253;46m┈[48;2;253;254;46m  [48;2;252;253;46m┈[38;2;246;247;45;48;2;74;74;12m▆[38;2;238;238;43;48;2;98;97;17m▃[38;2;175;175;30;48;2;0;0;0m▇[38;2;244;244;44m▆[38;2;237;237;43;48;2;2;2;0m▅[0m[38;2;246;247;44m▃[38;2;121;121;21m▃[0m [38;2;0;0;0m        [0m
 [38;2;0;0;0m   [0m [38;2;28;27;5;48;2;233;234;42m▎[48;2;253;254;46m   [38;2;72;71;12;48;2;238;239;43m▝[38;2;67;67;11;48;2;179;179;31m┒[38;2;61;61;9;48;2;189;189;34m╲[38;2;142;141;24;48;2;250;251;45m▂[48;2;253;254;46m  [38;2;147;146;25;48;2;252;253;46m▁[38;2;114;113;18;48;2;251;252;46m▃[38;2;53;51;6;48;2;231;232;42m╼[38;2;252;253;46;48;2;125;125;21m▄[48;2;253;254;46m    [38;2;248;249;45;48;2;108;108;18m▇[38;2;235;236;43;48;2;24;24;4m▅[0m[38;2;171;171;30m▃[0m [38;2;0;0;0m     [0m
 [38;2;0;0;0m  [0m [38;2;173;190;192;48;2;8;8;8m▃[38;2;178;198;203;48;2;105;105;17m▅[38;2;36;35;5;48;2;140;145;66m┍[38;2;249;250;45;48;2;253;254;46m┈  [38;2;248;249;45;48;2;167;167;29m▇[38;2;65;64;9;48;2;206;206;37m╺[38;2;4;4;1;48;2;206;207;36m─[38;2;35;35;4;48;2;240;241;43m╼[38;2;126;125;21;48;2;208;209;37m╸[38;2;251;251;45;48;2;96;96;15m▆[38;2;253;254;46;48;2;252;252;46m┈[48;2;253;254;46m         [38;2;75;75;13;48;2;240;240;43m▝[38;2;40;40;6;48;2;40;40;7m╴[0m [38;2;0;0;0m   [0m
 [38;2;0;0;0m  [0m [7m[38;2;44;49;51m┈[38;2;35;36;21m╴[0m[38;2;152;150;26;48;2;244;242;43m▎[48;2;253;254;46m  [38;2;253;254;46;48;2;251;252;46m┈[48;2;247;248;45m┈[48;2;253;254;46m                [38;2;243;243;44;48;2;164;160;28m▉[38;2;53;52;10;48;2;28;25;4m╴[0m[38;2;53;52;10m   [0m
 [38;2;0;0;0m     [0m [38;2;46;39;5;48;2;157;145;25m╴[38;2;107;90;14;48;2;237;226;40m▁[38;2;223;223;40;48;2;109;108;18m▚[38;2;253;254;46;48;2;252;253;46m┈[48;2;253;254;46m               [38;2;250;223;39;48;2;252;252;45m▗[38;2;251;241;43;48;2;248;210;36m▘[38;2;223;187;32;48;2;17;15;2m▋[0m [38;2;0;0;0m  [0m
 [38;2;0;0;0m      [0m [38;2;218;184;32;48;2;28;24;4m▗[38;2;248;209;36;48;2;250;239;43m▆[38;2;249;213;37;48;2;253;251;45m▄[38;2;250;227;40;48;2;253;253;46m▂[48;2;253;254;46m           [38;2;253;254;46;48;2;253;253;46m┈[38;2;249;219;38m▃[38;2;248;210;36;48;2;251;241;43m▅[48;2;248;208;36m  [38;2;242;203;35;48;2;4;4;1m▊[0m[38;2;0;0;0m╴  [0m
 [38;2;0;0;0m      [0m [38;2;6;5;1;48;2;242;204;35m▍[48;2;248;208;36m   [38;2;248;210;36;48;2;252;242;43m▇[38;2;248;209;36;48;2;253;250;45m▅[38;2;248;212;37;48;2;253;254;46m▄[38;2;249;215;37m▃[38;2;248;211;37m▂[38;2;249;219;38m▂[38;2;249;217;38m▂[38;2;248;209;36;48;2;253;253;46m▂[38;2;248;211;37m▃[38;2;248;210;36;48;2;253;252;45m▄[38;2;248;211;37m▆[38;2;248;208;36;48;2;250;227;40m▇[48;2;248;208;36m   [48;2;243;204;35m┈[38;2;150;127;21;48;2;77;65;11m╴[0m [38;2;0;0;0m  [0m
 [38;2;0;0;0m      [0m [38;2;18;15;3;48;2;206;174;30m▌[48;2;248;208;36m                [38;2;248;208;36;48;2;240;202;35m┈[48;2;157;132;22m╴[0m[7m[38;2;117;99;16m▅[0m [38;2;0;0;0m   [0m
 [38;2;0;0;0m       [0m [38;2;0;0;0;48;2;126;107;18m╴[38;2;107;91;14;48;2;241;202;35m▁[48;2;248;208;36m          [38;2;248;208;36;48;2;247;207;36m┈[38;2;48;41;5;48;2;239;201;34m▁[38;2;248;208;36;48;2;152;128;22m╴[38;2;0;0;0;48;2;95;80;13m╴[0m  [38;2;0;0;0m     [0m
 [38;2;0;0;0m         [0m  [7m[38;2;79;66;11m╴[0m[38;2;0;0;0;48;2;102;86;14m┈[48;2;121;102;17m┈[0m[7m[38;2;237;199;34m▄[0m[38;2;1;1;1;48;2;127;107;18m┈[38;2;0;0;0;48;2;125;105;18m┈[48;2;111;93;16m┈[48;2;88;74;12m╴[0m   [38;2;0;0;0m         [0m
 [38;2;0;0;0m                               [0m
 [38;2;0;0;0m                               [0m
[?25h