[?25l[0m [38;2;0;0;0m                               [0m
 [38;2;0;0;0m                               [0m
 [38;2;0;0;0m       [0m     [38;2;0;0;0m                   [0m
 [38;2;0;0;0m    [0m [38;2;168;168;29m▃[38;2;228;229;41;48;2;7;7;1m▅[38;2;250;251;45;48;2;38;38;5m▆[38;2;251;252;45;48;2;31;31;3m▇[38;2;253;254;46;48;2;96;95;11m▇[38;2;224;225;40;48;2;15;14;1m▇[38;2;249;250;45;48;2;84;85;14m━[38;2;223;224;39;48;2;20;20;3m▂[0m[38;2;244;245;44m▂[38;2;123;123;20m▃[38;2;235;236;41m▄[38;2;223;224;39m▄[38;2;239;240;43m▃[38;2;232;233;41m▂[0m  [38;2;0;0;0m          [0m
 [38;2;0;0;0m   [0m [38;2;41;41;7;48;2;229;230;41m▘[48;2;253;254;46m   [38;2;61;61;10;48;2;207;207;37m┏[38;2;214;215;38;48;2;111;111;18m▅[38;2;248;249;45;48;2;44;44;6m▇[38;2;253;254;46;48;2;251;252;46m┈[48;2;253;254;46m  [38;2;249;250;45;48;2;165;165;29m▇[38;2;55;55;8;48;2;203;204;36m╺[38;2;111;111;18;48;2;209;210;37m┒[38;2;253;254;46;48;2;247;248;45m┈[48;2;253;254;46m  [38;2;248;249;45;48;2;71;71;11m▇[48;2;35;35;6m▅[0m[38;2;199;200;35m▄[0m  [38;2;0;0;0m      [0m
 [38;2;0;0;0m  [0m [38;2;187;205;206;48;2;43;43;7m▃[38;2;73;80;76;48;2;217;229;133m━[38;2;48;54;56;48;2;179;186;84m▗[38;2;156;157;26;48;2;250;251;45m▏[48;2;253;254;46m [38;2;59;59;9;48;2;213;214;38m┗[38;2;201;202;36;48;2;95;95;16m▚[38;2;92;92;15;48;2;230;231;41m▖[48;2;253;254;46m   [38;2;103;103;16;48;2;250;250;45m▁[38;2;116;116;18;48;2;250;251;45m▃[38;2;56;55;7;48;2;217;218;39m╼[38;2;115;115;19;48;2;252;253;46m▘[48;2;253;254;46m     [38;2;253;254;46;48;2;248;249;45m┈[38;2;231;232;41;48;2;47;47;8m▅[0m[38;2;0;0;0m╴[0m [38;2;0;0;0m    [0m
 [38;2;0;0;0m  [0m [38;2;0;0;0;48;2;85;96;100m┈[38;2;185;193;98;48;2;78;84;56m▚[38;2;238;239;43;48;2;90;94;42m▆[38;2;86;86;13;48;2;212;213;38m┎[38;2;68;68;11;48;2;214;215;38m╸[38;2;253;254;46;48;2;247;248;45m┈[38;2;102;102;17;48;2;221;222;40m▝[38;2;54;53;6;48;2;198;198;35m─[38;2;50;49;5;48;2;224;225;40m─[38;2;86;86;13;48;2;239;240;43m━[38;2;143;143;24;48;2;209;210;37m╹[38;2;244;245;44;48;2;62;62;9m▇[48;2;253;254;46m          [38;2;244;240;43;48;2;167;167;29m▇[38;2;97;92;15;48;2;41;35;6m╴[0m[38;2;97;92;15m    [0m
 [38;2;0;0;0m    [0m [38;2;211;212;37;48;2;89;88;15m▚[38;2;253;254;46;48;2;241;242;44m┊[48;2;253;254;46m                [38;2;251;233;41;48;2;253;253;46m▂[38;2;248;212;37;48;2;252;247;44m▄[38;2;248;208;36;48;2;248;210;36m┈[38;2;242;203;35;48;2;42;36;6m▋[0m [38;2;0;0;0m   [0m
 [38;2;0;0;0m   [0m [38;2;234;197;34;48;2;34;28;4m▗[38;2;248;208;36;48;2;248;215;37m┈[38;2;248;211;37;48;2;252;248;45m▃[38;2;251;233;41;48;2;253;253;46m▁[48;2;253;254;46m           [38;2;252;242;43m▁[38;2;249;216;38;48;2;253;253;46m▂[38;2;249;213;37;48;2;253;252;45m▄[38;2;248;210;36;48;2;252;246;44m▆[48;2;248;208;36m   [38;2;218;183;31;48;2;19;17;2m▋[0m[38;2;10;10;1m▏   [0m
 [38;2;0;0;0m   [0m [38;2;30;26;3;48;2;243;204;35m▎[48;2;248;208;36m  [38;2;248;208;36;48;2;248;209;36m┈[38;2;248;209;36;48;2;252;247;44m▆[48;2;253;250;45m▄[48;2;253;252;45m▃[38;2;248;208;36;48;2;252;251;45m▂[48;2;253;253;46m▂[48;2;253;252;45m▂[38;2;248;212;37;48;2;253;254;46m▃[38;2;248;208;36;48;2;253;250;45m▃▄[48;2;252;247;44m▅[38;2;248;210;36;48;2;253;252;45m▇[38;2;248;208;36;48;2;248;209;36m┈[48;2;248;208;36m     [38;2;57;48;7;48;2;235;197;34m▗[0m[38;2;0;0;0m╴    [0m
 [38;2;0;0;0m   [0m [38;2;26;22;3;48;2;198;167;28m▍[48;2;248;208;36m                  [38;2;100;88;13;48;2;240;201;35m▂[38;2;59;50;6;48;2;97;81;14m╴[0m [38;2;0;0;0m     [0m
 [38;2;0;0;0m    [0m [38;2;0;0;0;48;2;102;86;14m╴[38;2;50;42;6;48;2;239;201;34m▂[38;2;248;208;36;48;2;245;205;35m┈[48;2;248;208;36m          [38;2;219;184;29m▁[38;2;5;5;1;48;2;235;197;34m▁[38;2;248;208;36;48;2;154;130;22m╴[38;2;38;38;6;48;2;203;183;31m╼[38;2;0;0;0;48;2;170;164;28m▁[38;2;253;254;46;48;2;131;131;23m╴[0m[38;2;0;0;0m╴      [0m
 [38;2;0;0;0m      [0m   [38;2;0;0;0;48;2;90;76;13m╴[38;2;22;19;2;48;2;213;192;33m╾[38;2;0;0;0;48;2;233;212;36m─[48;2;232;209;36m─[38;2;30;29;4;48;2;205;180;30m▗[38;2;0;0;0;48;2;118;99;16m┈[48;2;96;80;13m╴[0m[7m[38;2;70;59;10m┈[0m      [38;2;0;0;0m        [0m
 [38;2;0;0;0m          [0m     [38;2;0;0;0m                [0m
 [38;2;0;0;0m                               [0m
 [38;2;0;0;0m                               [0m
[?25h