[?25l[0m [38;2;0;0;0m                               [0m
 [38;2;0;0;0m                               [0m
 [38;2;0;0;0m      [0m  [38;2;68;67;9m▂[0m [38;2;106;105;17m▂[38;2;210;210;37m▃[38;2;227;227;40m▄[38;2;252;252;46;48;2;7;7;0m▄[38;2;253;254;46;48;2;20;20;1m▄[38;2;248;249;45;48;2;2;2;0m▄[0m[38;2;220;220;39m▄[38;2;209;210;37m▃[38;2;89;89;14m▃[0m [38;2;0;0;0m           [0m
 [38;2;0;0;0m    [0m [38;2;201;202;36m▄[38;2;240;241;43;48;2;31;31;5m▆[38;2;110;110;19;48;2;231;231;41m▗[38;2;92;92;15;48;2;196;196;35m┙[38;2;243;244;44;48;2;90;89;14m▆[38;2;253;254;46;48;2;252;253;46m┈[48;2;253;254;46m        [38;2;241;241;43;48;2;70;69;11m▇[38;2;227;228;41;48;2;28;28;4m▄[0m[38;2;0;0;0m╴[0m [38;2;0;0;0m        [0m
 [38;2;0;0;0m  [0m [38;2;180;179;31;48;2;4;3;0m▗[38;2;138;138;24;48;2;252;253;46m▘[48;2;253;254;46m [38;2;49;49;8;48;2;207;207;37m┏[38;2;79;78;13;48;2;240;241;43m▘[48;2;253;254;46m    [38;2;249;223;39;48;2;253;253;46m▁[38;2;249;215;37;48;2;253;254;46m▃[38;2;248;211;37;48;2;253;253;46m▄[38;2;248;210;36m▅[38;2;248;211;37;48;2;253;254;46m▆[38;2;248;208;36;48;2;252;247;44m▆[38;2;248;209;36;48;2;253;254;46m▇[38;2;248;208;36m▇▇[38;2;241;203;35;48;2;156;156;28m▇[38;2;176;148;25;48;2;76;64;11m╴[0m [38;2;0;0;0m       [0m
 [38;2;0;0;0m  [0m [38;2;30;29;4;48;2;188;189;37m▎[38;2;48;48;15;48;2;252;253;46m▂[38;2;39;38;6;48;2;222;222;40m▗[38;2;70;70;12;48;2;242;243;44m▘[48;2;253;254;46m   [38;2;249;219;38;48;2;253;252;45m▗[38;2;248;211;37;48;2;252;243;43m▆[48;2;248;208;36m          [38;2;248;208;36;48;2;247;207;36m┈[38;2;223;189;32;48;2;86;72;12m╴[0m [38;2;0;0;0m      [0m
 [38;2;0;0;0m [0m [38;2;0;0;0;48;2;138;154;158m▂[38;2;54;54;17;48;2;174;194;200m▃[38;2;34;33;5;48;2;179;189;104m╼[38;2;55;55;9;48;2;207;207;37m▊[48;2;253;254;46m   [38;2;248;212;37;48;2;252;249;45m▗[38;2;248;208;36;48;2;248;209;36m┈[48;2;248;208;36m            [48;2;239;201;35m┈[38;2;67;56;9;48;2;28;23;4m╴[0m[38;2;67;56;9m      [0m
 [38;2;0;0;0m  [0m  [38;2;12;12;2;48;2;210;210;37m▖[38;2;10;10;2;48;2;172;172;31m┃[48;2;253;254;46m  [38;2;253;253;46;48;2;251;238;42m▉[38;2;250;227;40;48;2;248;209;36m▏[48;2;248;208;36m              [38;2;229;193;33;48;2;17;15;2m▌[0m [38;2;0;0;0m     [0m
 [38;2;0;0;0m    [0m [38;2;0;0;0;48;2;41;40;7m┈[38;2;71;71;12;48;2;241;242;44m▖[48;2;253;254;46m [38;2;252;249;45;48;2;248;211;37m▋[48;2;248;208;36m               [38;2;248;208;36;48;2;28;24;3m▋[0m[38;2;0;0;0m╴     [0m
 [38;2;0;0;0m     [0m [7m[38;2;34;34;6m╴[0m[38;2;147;148;26;48;2;236;237;43m▁[38;2;253;252;45;48;2;248;209;36m▍[48;2;248;208;36m               [38;2;232;195;33;48;2;9;7;0m▋[0m [38;2;0;0;0m     [0m
 [38;2;0;0;0m      [0m [7m[38;2;33;33;6m╴[0m[38;2;84;73;12;48;2;245;213;37m▖[48;2;248;208;36m        [38;2;124;105;16;48;2;245;206;35m▁[38;2;248;208;36;48;2;153;128;22m╴[38;2;0;0;0;48;2;133;112;18m╴[38;2;248;208;36;48;2;240;201;35m┈[48;2;248;208;36m   [38;2;0;0;0;48;2;73;62;10m┊[0m[38;2;0;0;0m      [0m
 [38;2;0;0;0m        [0m [38;2;21;17;3;48;2;218;183;31m▖[48;2;248;208;36m    [38;2;67;57;10;48;2;146;123;21m┈[38;2;0;0;0;48;2;90;76;13m╴[0m    [7m[38;2;60;51;8m╴[0m[38;2;50;43;5;48;2;245;205;35m▂[38;2;0;0;0;48;2;240;202;34m▂[38;2;247;207;36;48;2;133;111;19m╴[0m[38;2;0;0;0m╴      [0m
 [38;2;0;0;0m         [0m [38;2;0;0;0;48;2;162;136;23m▖[38;2;248;208;36;48;2;246;207;36m┈[38;2;211;177;28;48;2;248;208;36m▁[38;2;21;18;2;48;2;243;204;35m▁[38;2;25;23;3;48;2;12;10;1m╴[0m[38;2;25;23;3m     [0m   [38;2;0;0;0m        [0m
 [38;2;0;0;0m          [0m     [38;2;0;0;0m                [0m
 [38;2;0;0;0m                      [0m [38;2;20;17;3m        [0m
 [38;2;0;0;0m                               [0m
[?25h