[?25l[0m [38;2;0;0;0m                               [0m
 [38;2;0;0;0m                               [0m
 [38;2;0;0;0m          [0m [38;2;27;23;20m▂[38;2;44;37;30m▅[38;2;47;40;32m▅[38;2;42;36;29m▅[38;2;24;21;18m▂[0m   [38;2;40;34;28m▅[38;2;47;40;32m▅[38;2;45;39;31m▅[38;2;30;26;21m▂[0m [38;2;7;7;6m       [0m
 [38;2;0;0;0m          [0m [38;2;32;30;28;48;2;50;43;35m▎[38;2;81;70;59;48;2;67;51;31m▁[38;2;134;122;106;48;2;65;51;34m▂[38;2;91;80;66;48;2;66;50;29m▂[38;2;129;117;102;48;2;47;41;35m▂[0m[38;2;52;48;43m▁[38;2;43;40;35m▁[38;2;125;114;100;48;2;43;38;34m▂[38;2;99;88;74;48;2;68;53;34m▁[38;2;133;120;105;48;2;65;51;33m▂[38;2;91;80;67;48;2;69;53;32m▁[38;2;53;44;35;48;2;37;35;32m▊[0m [38;2;21;20;18m       [0m
 [38;2;0;0;0m    [0m   [38;2;0;0;0m  [0m [38;2;55;50;44m▁[38;2;150;137;120;48;2;66;61;54m▗[38;2;195;178;156;48;2;108;99;86m▅[38;2;208;190;167;48;2;181;166;145m▆[38;2;203;186;163;48;2;128;117;102m▅[38;2;208;190;167;48;2;180;165;144m▆[38;2;201;184;162;48;2;104;96;84m▅[38;2;201;184;161;48;2;95;88;77m▅[38;2;205;188;164;48;2;168;154;135m▇[38;2;203;186;163;48;2;130;119;104m▅[38;2;204;187;164;48;2;170;155;136m▇[38;2;198;182;159;48;2;120;109;96m▅[38;2;147;135;118;48;2;61;56;50m▖[0m [38;2;22;20;18m       [0m
 [38;2;0;0;0m   [38;2;23;22;20m▗[38;2;50;42;33m▄[38;2;28;24;20;48;2;55;43;30m▝[0m[38;2;42;38;33m▖[0m [38;2;5;5;5m [0m [38;2;45;41;37;48;2;134;123;107m▌[38;2;183;167;147;48;2;209;192;168m▎[48;2;213;195;171m   [38;2;192;182;165;48;2;212;194;171m▗[38;2;111;139;145;48;2;189;182;166m▃[38;2;166;156;140;48;2;206;191;169m▂[38;2;179;163;142;48;2;213;195;171m▂▂[38;2;174;160;141;48;2;211;194;170m▂[38;2;121;144;147;48;2;196;184;165m▄[38;2;96;89;78;48;2;171;163;148m▝[0m[38;2;103;94;83m▄[0m [38;2;21;20;18m      [0m
 [38;2;0;0;0m  [0m [7m[38;2;28;25;22m▌[0m[38;2;44;40;35;48;2;58;46;33m▎[38;2;66;49;26;48;2;57;46;34m▋[38;2;45;41;36;48;2;24;22;20m▌[0m [38;2;7;7;6m [0m [38;2;127;116;102;48;2;48;45;40m▝[38;2;82;76;67;48;2;189;173;152m▄[38;2;112;103;90;48;2;197;180;158m▄[38;2;114;105;92;48;2;183;168;147m▖[38;2;194;178;156;48;2;210;192;168m▏[38;2;210;192;169;48;2;181;168;149m▊[38;2;144;138;125;48;2;81;87;83m▍[38;2;73;59;39;48;2;123;115;102m▇[38;2;82;54;33;48;2;133;117;99m▇[38;2;164;71;73;48;2;108;80;64m▅[38;2;98;60;46;48;2;130;116;100m▇[38;2;76;80;75;48;2;119;118;109m▊[38;2;163;153;137;48;2;199;183;161m▍[38;2;145;132;116;48;2;50;46;41m▋[0m[38;2;23;21;19m▌      [0m
 [38;2;0;0;0m  [7m[38;2;25;23;21m▌[0m[38;2;157;143;125;48;2;66;59;50m▗[38;2;187;170;148;48;2;80;63;43m▅[38;2;153;139;121;48;2;74;59;42m▅[0m[38;2;53;48;43m▌[0m [38;2;6;6;5m [0m [38;2;40;40;37;48;2;43;54;57m▋[38;2;118;111;99;48;2;47;70;76m▝[38;2;57;66;66;48;2;171;157;138m▃[38;2;69;65;59;48;2;180;165;144m▃[38;2;129;118;104;48;2;200;183;161m▄[38;2;193;177;155;48;2;209;191;168m▏[38;2;208;190;167;48;2;179;162;141m▇[38;2;195;178;155;48;2;109;92;71m▅[38;2;191;175;152;48;2;86;65;43m▅[48;2;109;69;56m▅[38;2;192;175;153;48;2;102;77;59m▅[38;2;195;178;156;48;2;165;148;128m▇[38;2;97;89;78;48;2;188;172;151m▃[0m[7m[38;2;97;89;78m▄[0m [38;2;19;18;16m   [0m  [38;2;34;33;33m [0m
 [38;2;0;0;0m  [7m[38;2;26;25;22m▌[0m[38;2;62;58;51;48;2;156;143;125m▍[38;2;198;182;159;48;2;155;142;124m▋[38;2;96;88;77;48;2;47;44;39m▍[0m    [38;2;138;128;113;48;2;57;58;56m▗[38;2;166;158;144;48;2;48;87;98m▅[38;2;110;122;121;48;2;47;84;94m▂[38;2;109;103;92;48;2;48;75;83m▝[38;2;60;70;70;48;2;171;158;139m▃[38;2;63;67;65;48;2;189;173;152m▃[48;2;190;174;153m▃▃▃[38;2;63;67;64m▃[38;2;60;58;53;48;2;185;169;148m▃[0m[7m[38;2;110;101;89m▄[38;2;51;47;41m▇[0m [38;2;0;0;0m [0m [38;2;172;170;170m▗[38;2;116;114;114m▖[7m[38;2;181;179;179m▌[0m[38;2;138;136;136m▌[0m [0m
 [38;2;0;0;0m  [7m[38;2;26;25;22m▌[0m[38;2;62;58;51;48;2;156;143;125m▍[38;2;210;193;169;48;2;199;182;160m▇[38;2;146;134;117;48;2;203;186;163m▝[38;2;170;155;136;48;2;58;53;47m▄[0m[38;2;71;66;58m▄[38;2;102;94;82m▄[38;2;184;169;148;48;2;84;77;68m▅[38;2;208;190;167;48;2;170;155;136m▇[38;2;212;194;171;48;2;203;187;165m▇[38;2;203;188;166;48;2;159;155;142m▇[38;2;198;183;163;48;2;88;110;114m▄[38;2;182;172;155;48;2;47;83;94m▅[38;2;178;166;148;48;2;47;82;92m▅[38;2;167;138;99;48;2;60;87;92m▄[38;2;177;164;145;48;2;47;82;92m▅[38;2;182;172;155;48;2;47;83;93m▅[38;2;182;172;154;48;2;48;81;90m▅[38;2;190;175;154;48;2;68;71;67m▄[0m[38;2;99;90;80m▄[38;2;44;40;35m▄[0m  [38;2;123;121;121m▄[38;2;184;182;182m▝[38;2;122;121;121m▘[7m[38;2;188;185;185m▌[0m[38;2;142;140;140m▌[7m[38;2;173;171;171m▌[0m
 [38;2;0;0;0m  [38;2;24;23;21m▝[7m[38;2;114;105;92m▄[0m[38;2;108;99;87;48;2;195;179;157m▖[38;2;206;189;166;48;2;213;195;171m▏[38;2;212;194;170;48;2;201;184;161m▇[38;2;213;195;171;48;2;179;163;143m▆[38;2;211;193;169;48;2;175;160;141m▇[48;2;213;195;171m      [38;2;213;195;171;48;2;213;194;170m┈[38;2;212;193;169;48;2;198;173;141m▇[38;2;213;195;171;48;2;212;194;170m┈[38;2;194;178;156;48;2;213;195;171m▁[38;2;190;174;153m▁[38;2;189;173;152;48;2;211;193;170m▁[38;2;186;169;150;48;2;159;144;128m▇[38;2;131;116;101;48;2;74;58;39m▌[38;2;56;48;40;48;2;40;36;31m▇[0m[7m[38;2;139;137;137m▃[0m [38;2;152;150;150m▗[7m[38;2;136;134;134m▚[0m[38;2;122;121;121m▘[38;2;146;144;144m▗[7m[38;2;154;152;152m▚[0m
 [38;2;0;0;0m   [38;2;24;22;20m▝[38;2;155;143;125;48;2;50;46;40m▝[38;2;80;74;65;48;2;197;180;158m▃[38;2;114;105;92;48;2;196;179;157m▖[38;2;204;187;164;48;2;212;194;171m▏[48;2;213;195;171m       [38;2;185;169;148;48;2;209;192;168m▁[38;2;105;96;85;48;2;202;184;162m▃[38;2;73;67;59;48;2;192;175;154m▃[0m[7m[38;2;123;113;99m▄[38;2;97;88;78m▄[38;2;96;88;78m▄[38;2;88;81;72m▄[38;2;59;53;46m▄[0m[38;2;28;24;20m▘[0m    [38;2;144;142;142m▝[38;2;126;125;125m▘[0m [0m
 [38;2;0;0;0m    [7m[38;2;24;22;20m▌[0m[38;2;135;124;109;48;2;53;50;45m▗[38;2;77;71;62;48;2;178;163;143m▘[38;2;200;183;161;48;2;212;194;170m▏[38;2;204;186;163;48;2;213;195;171m▁[38;2;209;191;168m▁[38;2;211;193;169m▁ [38;2;184;168;148;48;2;208;191;167m▁[38;2;106;97;85;48;2;203;186;163m▃[38;2;77;71;63;48;2;191;174;153m▃[0m[7m[38;2;114;104;92m▄[38;2;53;48;43m▇[0m  [38;2;0;0;0m            [0m
 [38;2;0;0;0m   [0m [38;2;45;38;30m▃[38;2;65;53;36;48;2;96;87;76m▇[38;2;94;76;55;48;2;162;146;126m▅[38;2;99;85;68;48;2;185;169;148m▃[38;2;91;81;70;48;2;161;147;129m▅[38;2;98;81;62;48;2;180;163;142m▃[38;2;99;84;67;48;2;190;173;153m▃[38;2;81;74;64;48;2;188;172;151m▃[0m[7m[38;2;110;101;89m▄[38;2;49;45;40m▇[0m  [38;2;0;0;0m               [0m
 [38;2;0;0;0m   [38;2;25;23;21m▝[7m[38;2;50;42;33m▃[0m[38;2;64;48;28;48;2;60;46;29m┊[38;2;49;43;37;48;2;64;48;28m▃[48;2;60;48;36m▅[38;2;50;43;36;48;2;67;51;34m▃[38;2;34;32;29;48;2;59;45;28m▁[0m[7m[38;2;43;36;28m▃[0m  [38;2;0;0;0m                  [0m
 [38;2;0;0;0m    [0m [7m[38;2;26;24;22m▆[38;2;27;25;23m▆▆▆[0m  [38;2;0;0;0m                    [0m
[?25h