[?25l[0m [38;2;0;0;0m                               [0m
 [38;2;0;0;0m                               [0m
 [38;2;0;0;0m      [0m     [38;2;0;0;0m                    [0m
 [38;2;0;0;0m      [0m [7m[38;2;172;172;172m▅[38;2;187;187;187m▅[0m[38;2;173;173;173m▋[0m [38;2;46;46;46m                    [0m
 [38;2;0;0;0m      [0m [38;2;165;165;165m▄[7m[38;2;137;137;137m▅[0m  [38;2;0;0;0m                    [0m
 [38;2;0;0;0m      [0m [7m[38;2;171;171;171m▄[38;2;169;169;169m▄[38;2;133;133;133m▄[0m [38;2;150;150;150m▅[38;2;172;172;172m▄[0m [38;2;48;48;48m                 [0m
 [38;2;0;0;0m          [0m [38;2;161;161;161m▄[7m▅[0m [38;2;38;38;38m                 [0m
 [38;2;0;0;0m          [0m [7m[38;2;173;173;173m▄[38;2;144;144;144m▄[0m      [38;2;0;0;0m  [0m     [38;2;5;5;4m     [0m
 [38;2;0;0;0m             [0m [38;2;38;34;29m▄[38;2;57;45;29;48;2;29;27;25m▆[38;2;57;46;31;48;2;28;26;24m▇[38;2;59;46;29;48;2;31;29;26m▆[0m[38;2;41;36;30m▄[0m  [38;2;31;29;25m▄[38;2;26;23;19;48;2;54;43;29m▘[38;2;58;46;31;48;2;28;26;24m▇[38;2;57;45;30;48;2;27;25;23m▇[0m[38;2;47;40;31m▄[0m [38;2;22;20;18m    [0m
 [38;2;0;0;0m             [0m [38;2;48;43;39;48;2;44;40;35m┊[38;2;117;106;92;48;2;68;55;40m▗[38;2;176;161;141;48;2;76;66;53m▄[38;2;119;108;94;48;2;71;56;37m▄[38;2;174;159;139;48;2;68;61;51m▄[0m[38;2;97;89;78m▄[38;2;87;80;71m▃[38;2;169;155;136;48;2;58;53;46m▄[38;2;146;133;116;48;2;81;68;52m▖[38;2;170;156;136;48;2;76;65;51m▄[38;2;152;139;121;48;2;77;64;48m▖[38;2;76;70;62;48;2;51;44;37m▁[0m[38;2;25;24;21m▌    [0m
 [38;2;0;0;0m            [0m [38;2;103;94;83m▗[38;2;184;168;147;48;2;84;78;68m▄[38;2;204;187;164;48;2;159;146;128m▇[38;2;212;194;170;48;2;202;185;163m▇[38;2;211;193;169;48;2;177;162;142m▇[38;2;212;194;170;48;2;202;185;162m▇[38;2;210;193;169;48;2;174;159;139m▇[38;2;213;195;171;48;2;179;164;144m▆[38;2;212;194;170;48;2;201;184;161m▇[38;2;211;193;169;48;2;179;164;143m▇[38;2;212;194;170;48;2;200;183;160m▇[38;2;208;191;167;48;2;177;162;142m▇[38;2;149;136;119;48;2;64;59;52m▋[0m  [38;2;3;3;3m   [0m
 [38;2;0;0;0m      [0m       [38;2;36;34;31;48;2;121;111;98m▌[38;2;175;160;141;48;2;207;190;166m▎[38;2;195;179;157;48;2;213;195;171m▁[38;2;197;181;158m▁[38;2;209;191;168m▁[38;2;199;182;160m▁[38;2;195;179;157m▁[38;2;196;179;156m▁▁▁[38;2;196;179;157m▁[38;2;196;180;157m▁[38;2;207;190;167;48;2;173;158;139m▇[38;2;145;133;116;48;2;57;52;46m▋[0m[38;2;24;22;20m▌   [0m
 [38;2;0;0;0m   [0m   [38;2;103;95;83m▃[38;2;164;150;132;48;2;29;27;25m▅[38;2;168;154;135;48;2;31;29;26m▅▅▅▅[38;2;172;157;138;48;2;48;45;40m▄[38;2;100;91;80;48;2;58;54;48m▖[38;2;72;67;60;48;2;142;131;114m▆[38;2;182;166;146;48;2;123;113;99m▃[38;2;185;169;148;48;2;133;122;107m▄[38;2;199;182;160;48;2;182;166;145m▉[38;2;77;61;43;48;2;137;123;106m▗[38;2;69;54;37;48;2;152;138;120m▆[38;2;80;55;35;48;2;154;139;120m▆[38;2;119;60;51;48;2;153;96;88m━[38;2;101;60;46;48;2;155;139;120m▆[38;2;78;63;45;48;2;153;138;120m▆[38;2;173;157;137;48;2;125;113;98m▃[38;2;173;158;138;48;2;202;185;162m▘[38;2;155;142;124;48;2;62;57;51m▋[0m[38;2;26;24;22m▌   [0m
    [38;2;104;95;84m▃[38;2;178;163;143;48;2;43;39;35m▄[48;2;80;73;64m▅[38;2;205;188;165;48;2;160;146;128m▇[38;2;213;195;171;48;2;212;194;171m┈[48;2;213;195;171m    [48;2;211;193;169m┈[38;2;197;182;162;48;2;154;143;127m▆[38;2;117;122;118;48;2;57;87;95m▍[38;2;48;73;79;48;2;147;137;121m▆[38;2;68;68;64;48;2;157;144;126m▆[38;2;114;105;92;48;2;161;147;129m┛[38;2;198;181;158;48;2;157;141;122m▆[38;2;187;170;148;48;2;105;88;67m▄[38;2;181;164;142;48;2;82;60;37m▄[48;2;121;68;59m▄[38;2;182;165;144;48;2;101;69;53m▄[38;2;195;178;155;48;2;145;130;110m▆[38;2;121;111;97;48;2;193;176;154m▂[38;2;48;44;39;48;2;148;135;119m▄[0m[7m[38;2;74;68;59m▆[0m [38;2;1;1;1m   [0m
 [38;2;43;35;27m▄[38;2;55;44;31m▆[38;2;60;46;29;48;2;34;28;23m▆[38;2;166;151;131;48;2;90;75;57m▝[38;2;75;68;60;48;2;179;164;143m▃[38;2;32;30;27;48;2;146;134;117m▅[38;2;63;58;52;48;2;152;139;122m▖[38;2;195;178;156;48;2;212;194;170m▏[48;2;213;195;171m     [38;2;213;195;171;48;2;211;193;170m┈[38;2;204;188;166;48;2;150;148;138m▆[38;2;172;164;149;48;2;71;101;107m▄[38;2;102;117;118;48;2;48;83;92m▖[38;2;53;76;82;48;2;151;140;124m▆[38;2;54;74;78;48;2;164;150;131m▆[38;2;53;73;77m▆[38;2;54;74;78m▆[38;2;51;73;77m▆[38;2;49;71;75m▆[38;2;24;32;33;48;2;140;128;112m▅[0m[7m[38;2;72;66;58m▆[0m [38;2;1;1;1m     [0m
 [7m[38;2;35;30;24m▅[38;2;50;42;33m▃▃[38;2;38;32;26m▃[0m  [7m[38;2;72;66;58m▆[0m[38;2;48;44;39;48;2;149;136;119m▄[38;2;79;73;64;48;2;195;179;157m▂[38;2;83;76;67;48;2;199;182;160m▂▂▂▂▂▂[48;2;196;180;158m▂[48;2;177;165;148m▂[48;2;172;162;146m▂[38;2;82;75;65;48;2;170;158;141m▂[38;2;74;62;48;48;2;145;121;87m▂[38;2;76;68;59;48;2;160;147;128m▂[0m[7m[38;2;83;88;85m▃[38;2;38;52;55m▃[0m [38;2;19;28;30m       [0m
[?25h