[?25l[0m [38;2;0;0;0m                   [0m
 [38;2;0;0;0m                   [0m
 [38;2;0;0;0m                   [0m
 [38;2;0;0;0m   [0m [38;2;100;99;99m▃[38;2;175;162;163m▅[38;2;17;17;17m╴[38;2;97;97;97m▗[38;2;171;159;160m▅[38;2;138;135;136m▃[0m [38;2;0;0;0m        [0m
 [38;2;0;0;0m   [0m [38;2;0;0;0;48;2;159;159;159m▎[38;2;198;158;161;48;2;205;190;191m┛[38;2;181;181;181;48;2;39;39;39m▋[38;2;29;29;29;48;2;165;165;165m▌[38;2;200;157;160;48;2;212;200;201m▝[38;2;191;188;188;48;2;77;77;77m▊[0m[38;2;0;0;0m╴        [0m
 [38;2;0;0;0m   [0m [7m[38;2;59;59;59m▋[0m[38;2;154;154;154;48;2;208;208;208m▎[38;2;194;194;194;48;2;215;215;215m▁[38;2;217;217;217;48;2;195;195;195m▇[48;2;204;204;204m▉[38;2;64;64;64;48;2;162;162;162m▝[0m[38;2;52;52;52m▁[0m [38;2;0;0;0m       [0m
 [38;2;0;0;0m [0m   [38;2;0;0;0;48;2;170;170;170m▎[38;2;218;218;218;48;2;217;217;217m┈[38;2;111;111;111;48;2;202;202;202m▝[38;2;184;184;184;48;2;209;205;205m▏[38;2;209;205;205;48;2;193;193;193m▉[38;2;108;108;108;48;2;192;192;192m▘[38;2;150;150;150;48;2;13;13;13m▌[0m [38;2;0;0;0m       [0m
 [38;2;77;77;77m▃[38;2;165;165;165m▄[38;2;200;200;200;48;2;0;0;0m▇▇[38;2;181;181;181;48;2;123;123;123m▇[38;2;186;186;186;48;2;205;205;205m▏[38;2;133;133;133;48;2;197;197;197m╺[38;2;100;100;100;48;2;170;170;170m━[38;2;0;0;0m▅[0m[7m[38;2;126;126;126m▅[0m [38;2;0;0;0m        [0m
[38;2;55;55;55m▝[38;2;0;0;0;48;2;143;143;143m▃[38;2;105;105;105;48;2;201;201;201m▎[38;2;218;218;218;48;2;217;217;217m▋[38;2;217;217;217;48;2;215;215;215m▆[38;2;106;106;106;48;2;207;207;207m▗[38;2;92;92;92;48;2;186;186;186m▂[38;2;20;20;20;48;2;159;159;159m▃[38;2;90;90;90;48;2;167;167;167m▂[0m[38;2;0;0;0m╴          [0m
  [38;2;189;189;189;48;2;140;140;140m┊[38;2;203;203;203;48;2;149;149;149m╴[0m[7m[38;2;166;166;166m▃[0m[38;2;87;87;87m▘[0m    [38;2;0;0;0m          [0m
[?25h