[?25l[0m [38;2;0;0;0m                               [0m
 [38;2;0;0;0m                               [0m
 [38;2;0;0;0m                               [0m
 [38;2;0;0;0m                               [0m
 [38;2;0;0;0m         [0m   [38;2;0;0;0m  [0m   [38;2;0;0;0m              [0m
 [38;2;0;0;0m       [0m [38;2;44;44;44m▁[38;2;105;103;103m▄[38;2;172;167;168;48;2;32;32;32m▅[0m[38;2;94;93;93m▃[38;2;22;22;22m▁[38;2;32;32;32m▁[38;2;91;90;90m▄[38;2;174;169;169;48;2;33;33;33m▅[0m[38;2;94;93;93m▄[38;2;36;36;36m▁[0m [38;2;0;0;0m            [0m
 [38;2;0;0;0m       [0m [38;2;0;0;0;48;2;121;121;121m▍[38;2;197;188;188;48;2;176;168;169m▇[38;2;197;153;157;48;2;204;177;179m▋[38;2;204;199;199;48;2;161;161;161m▊[38;2;106;106;106;48;2;0;0;0m▍[38;2;0;0;0;48;2;115;115;115m▌[38;2;175;175;175;48;2;207;200;200m▎[38;2;196;147;151;48;2;201;167;170m┃[38;2;207;199;200;48;2;179;179;179m▊[38;2;121;121;121;48;2;4;4;4m▌[0m [38;2;0;0;0m            [0m
 [38;2;0;0;0m       [0m [38;2;0;0;0;48;2;118;118;118m▍[38;2;169;169;169;48;2;198;192;192m▁[38;2;207;203;203;48;2;201;168;171m▄[38;2;212;210;210;48;2;176;176;176m▋[38;2;120;120;120;48;2;28;28;28m▍[38;2;28;28;28;48;2;127;127;127m▌[38;2;182;182;182;48;2;213;209;209m▎[38;2;215;211;211;48;2;203;170;173m▄[38;2;171;171;171;48;2;204;200;201m▁[38;2;119;119;119;48;2;4;4;4m▌[0m [38;2;0;0;0m            [0m
 [38;2;0;0;0m       [0m [7m[38;2;38;38;38m▇[0m[38;2;23;23;23;48;2;127;127;127m▍[38;2;184;184;184;48;2;208;208;208m▎[38;2;216;216;216;48;2;211;211;211m▇[48;2;180;180;180m▇[48;2;183;183;183m▇[38;2;218;218;218;48;2;217;217;217m┈[38;2;215;215;215;48;2;198;198;198m▉[38;2;91;91;91;48;2;180;180;180m▝[0m[38;2;77;77;77m▌[0m [38;2;0;0;0m            [0m
 [38;2;0;0;0m       [0m [38;2;127;127;127m▗[38;2;53;53;53;48;2;181;181;181m▘[38;2;200;200;200;48;2;215;215;215m▏[38;2;212;212;212;48;2;192;192;192m▉[38;2;113;113;113;48;2;194;194;194m▂[38;2;199;199;199;48;2;215;215;215m▏[48;2;218;218;218m [48;2;217;217;217m▗[38;2;123;123;123;48;2;194;194;194m▃[38;2;41;41;41;48;2;163;163;163m▝[0m[38;2;113;113;113m▖[0m [38;2;0;0;0m           [0m
 [38;2;0;0;0m   [0m     [38;2;0;0;0;48;2;132;132;132m▍[38;2;195;195;195;48;2;217;217;217m▎[38;2;217;217;217;48;2;218;218;218m▃[38;2;184;184;184;48;2;215;215;215m▝[38;2;192;192;192;48;2;109;109;109m▅[38;2;198;198;198;48;2;212;210;210m▘[38;2;181;155;157;48;2;212;208;208m▃[38;2;211;209;209;48;2;193;193;193m▉[38;2;191;191;191;48;2;110;110;110m▅[38;2;200;200;200;48;2;176;176;176m▉[38;2;128;128;128;48;2;11;11;11m▌[0m [38;2;0;0;0m           [0m
    [38;2;100;100;100m▄[38;2;173;173;173;48;2;0;0;0m▅[38;2;175;175;175m▅[38;2;173;173;173m▅[38;2;166;166;166m▅[38;2;41;41;41;48;2;160;160;160m▘[38;2;132;132;132;48;2;195;195;195m▃[38;2;200;200;200;48;2;212;212;212m▏[38;2;184;184;184;48;2;214;214;214m▗[38;2;105;105;105;48;2;205;205;205m▃[38;2;38;38;38;48;2;189;189;189m▂[38;2;29;29;29;48;2;185;181;181m▂[48;2;189;189;189m▂[38;2;26;26;26;48;2;181;181;181m▂[0m[7m[38;2;126;126;126m▅[38;2;43;43;43m▇[0m [38;2;0;0;0m           [0m
 [38;2;146;146;146m▗[38;2;132;132;132;48;2;0;0;0m▅[38;2;52;52;52;48;2;146;146;146m▍[38;2;213;213;213;48;2;173;173;173m▇[48;2;218;218;218m [38;2;216;216;216;48;2;217;217;217m▗[38;2;215;215;215;48;2;212;212;212m▌[38;2;212;212;212;48;2;207;207;207m▃[38;2;209;209;209;48;2;193;193;193m▇[48;2;172;172;172m▆[38;2;207;207;207;48;2;206;206;206m╴[38;2;205;205;205;48;2;196;196;196m▇[38;2;189;189;189;48;2;149;149;149m▆[38;2;105;105;105;48;2;15;15;15m▍[0m[38;2;43;43;43m▂[38;2;37;37;37m▂[0m    [38;2;0;0;0m           [0m
 [38;2;174;174;174;48;2;59;59;59m▝[38;2;35;35;35;48;2;154;154;154m▂[38;2;63;63;63;48;2;161;161;161m▍[38;2;207;207;207;48;2;218;218;218m▏ [48;2;217;217;217m [38;2;217;217;217;48;2;215;215;215m▅[38;2;216;216;216;48;2;214;214;214m▅[38;2;211;211;211;48;2;215;215;215m▁[38;2;215;215;215;48;2;216;216;216m▝[48;2;211;211;211m▇[38;2;180;180;180;48;2;207;207;207m▁[38;2;94;94;94;48;2;187;187;187m▁[38;2;207;207;207;48;2;164;164;164m▆[48;2;157;157;157m▆[38;2;197;197;197;48;2;139;139;139m▆[38;2;162;162;162;48;2;38;38;38m▅[38;2;171;171;171;48;2;19;19;19m▄[38;2;162;162;162;48;2;18;18;18m▄[0m[38;2;95;95;95m▖[0m [38;2;0;0;0m          [0m
   [38;2;44;44;44;48;2;153;153;153m▍[38;2;197;197;197;48;2;212;212;212m▏[38;2;216;216;216;48;2;217;217;217m▁[38;2;209;209;209;48;2;216;216;216m▁[38;2;174;174;174;48;2;207;207;207m▁[38;2;56;56;56;48;2;174;174;174m▂[38;2;60;60;60;48;2;165;165;165m▅[38;2;48;48;48;48;2;187;187;187m▂[38;2;41;41;41;48;2;174;174;174m▂[0m[7m[38;2;124;124;124m▅[38;2;62;62;62m▆[38;2;129;129;129m▅[38;2;135;135;135m▅[38;2;134;134;134m▅▅▅[38;2;126;126;126m▅[38;2;44;44;44m▆[0m [38;2;0;0;0m          [0m
 [38;2;0;0;0m [0m [38;2;160;160;160;48;2;54;54;54m▝[38;2;54;54;54;48;2;191;191;191m▂[38;2;64;64;64;48;2;180;180;180m▃[38;2;9;9;9;48;2;149;149;149m▅[0m[7m[38;2;121;121;121m▅[0m[38;2;26;26;26;48;2;2;2;2m▏[0m    [38;2;0;0;0m                   [0m
[?25h