[?25l[0m [38;2;0;0;0m                   [0m
 [38;2;0;0;0m                   [0m
 [38;2;0;0;0m                   [0m
 [38;2;0;0;0m   [0m [38;2;49;49;49m▁[38;2;140;138;138m▃[38;2;45;45;45m▁[0m [38;2;131;130;130m▃[38;2;76;75;75m▁[0m [38;2;0;0;0m        [0m
 [38;2;0;0;0m   [0m [38;2;0;0;0;48;2;157;156;156m▎[38;2;198;166;169;48;2;206;191;192m▊[38;2;172;172;172;48;2;24;24;24m▋[38;2;14;14;14;48;2;155;155;155m▌[38;2;208;199;199;48;2;201;165;168m▍[38;2;188;184;184;48;2;75;75;75m▊[0m[38;2;0;0;0m╴        [0m
 [38;2;0;0;0m   [0m [38;2;145;145;145;48;2;20;20;20m▝[38;2;165;164;164;48;2;206;205;205m▎[38;2;201;201;201;48;2;122;122;122m▇[38;2;209;209;209;48;2;105;105;105m▆[38;2;217;216;216;48;2;204;203;203m▉[0m[7m[38;2;148;148;148m╺[0m [38;2;0;0;0m        [0m
 [38;2;0;0;0m   [0m [38;2;25;25;25;48;2;149;149;149m▍[38;2;218;218;218;48;2;212;212;212m┈[38;2;105;105;105;48;2;187;187;187m╺[38;2;189;189;189;48;2;214;213;213m▎[38;2;214;213;213;48;2;191;191;191m▉[38;2;102;102;102;48;2;168;168;168m╸[38;2;125;125;125;48;2;11;11;11m▌[0m [38;2;0;0;0m       [0m
  [38;2;129;129;129m▂[38;2;176;176;176m▅[38;2;179;179;179m▅[38;2;71;71;71;48;2;175;175;175m▘[38;2;188;188;188;48;2;209;209;209m▏[38;2;140;140;140;48;2;208;208;208m▗[38;2;116;116;116;48;2;207;202;202m▄[38;2;20;20;20;48;2;194;189;190m▃[0m[7m[38;2;173;173;173m▃[0m[38;2;88;88;88m▘[0m [38;2;0;0;0m       [0m
[7m[38;2;80;80;80m▊[0m[38;2;140;140;140;48;2;70;70;70m▊[38;2;105;105;105;48;2;201;201;201m▎[38;2;218;218;218;48;2;217;217;217m▊[38;2;213;213;213;48;2;216;216;216m▝[38;2;215;215;215;48;2;209;209;209m▆▆[38;2;160;160;160;48;2;205;205;205m▁[38;2;98;98;98;48;2;186;186;186m▝[0m[38;2;156;156;156m▃[0m [38;2;0;0;0m         [0m
  [38;2;181;181;181;48;2;135;135;135m┊[38;2;0;0;0;48;2;203;203;203m▁[48;2;192;192;192m▁[0m[7m[38;2;140;140;140m▃[38;2;164;164;164m▃[38;2;116;116;116m▄[38;2;150;150;150m▆[38;2;146;146;146m▆[0m [38;2;0;0;0m         [0m
[?25h