[?25l[0m [38;2;0;0;0m                                           [0m
 [38;2;0;0;0m                                           [0m
 [38;2;0;0;0m                                           [0m
 [38;2;0;0;0m                                           [0m
 [38;2;0;0;0m                                           [0m
 [38;2;0;0;0m                                           [0m
 [38;2;0;0;0m             [0m   [38;2;0;0;0m    [0m   [38;2;0;0;0m                    [0m
 [38;2;0;0;0m          [0m  [38;2;46;46;46m▁[38;2;86;86;86m▄[38;2;171;170;170;48;2;53;53;53m▅[38;2;124;123;123;48;2;40;40;40m▄[0m[38;2;65;65;65m▁[0m  [38;2;44;44;44m▁[38;2;117;116;116m▗[38;2;169;168;168;48;2;52;52;52m▅[38;2;133;132;132;48;2;45;45;45m▄[0m[38;2;70;70;70m▁[0m  [38;2;0;0;0m                 [0m
 [38;2;0;0;0m          [0m [38;2;0;0;0;48;2;31;31;31m▊[38;2;143;143;143;48;2;92;92;92m▅[38;2;196;187;188;48;2;155;150;150m▆[38;2;197;155;158;48;2;198;177;179m▅[38;2;205;188;189;48;2;174;165;166m▆[38;2;178;178;178;48;2;122;122;122m▅[38;2;83;83;83;48;2;30;30;30m╴[38;2;0;0;0;48;2;37;37;37m▉[38;2;76;76;76;48;2;139;139;139m▘[38;2;205;197;198;48;2;157;152;152m▆[38;2;197;146;150;48;2;200;172;174m▗[38;2;204;185;186;48;2;177;168;168m▆[38;2;185;184;184;48;2;128;128;128m▅[38;2;84;84;84;48;2;0;0;0m▌[0m [38;2;0;0;0m                 [0m
 [38;2;0;0;0m          [0m [38;2;0;0;0;48;2;39;39;39m▊[38;2;112;112;112;48;2;166;166;166m▍[38;2;203;198;199;48;2;201;181;183m▋[38;2;199;166;169;48;2;197;149;153m▎[38;2;205;178;180;48;2;213;204;205m▌[38;2;204;204;204;48;2;160;160;160m▌[38;2;101;101;101;48;2;6;6;6m▍[38;2;0;0;0;48;2;46;46;46m▉[38;2;107;107;107;48;2;168;168;168m▍[38;2;212;210;210;48;2;210;193;195m▋[38;2;204;173;175;48;2;197;148;152m▍[38;2;204;174;176;48;2;212;201;201m▌[38;2;203;203;203;48;2;162;162;162m▋[38;2;102;102;102;48;2;0;0;0m▌[0m [38;2;0;0;0m                 [0m
 [38;2;0;0;0m          [0m [38;2;0;0;0;48;2;35;35;35m▊[38;2;104;104;104;48;2;156;156;156m▍[38;2;171;171;171;48;2;201;197;197m▁[38;2;204;201;201;48;2;201;174;176m▅[38;2;208;193;194;48;2;214;212;212m▘[38;2;205;205;205;48;2;165;165;165m▌[38;2;0;0;0;48;2;93;93;93m▝[38;2;130;130;130;48;2;14;14;14m▂[38;2;120;120;120;48;2;173;173;173m▍[38;2;203;203;203;48;2;216;213;213m▏[38;2;216;213;214;48;2;206;181;183m▅[38;2;194;194;194;48;2;212;206;206m▁[38;2;188;188;188;48;2;145;145;145m▊[38;2;94;94;94;48;2;0;0;0m▌[0m [38;2;0;0;0m                 [0m
 [38;2;0;0;0m          [0m  [7m[38;2;69;69;69m▆[0m[38;2;49;49;49;48;2;132;132;132m▍[38;2;177;177;177;48;2;204;204;204m▍[38;2;211;211;211;48;2;215;215;215m▌[38;2;216;216;216;48;2;205;205;205m▇[38;2;217;217;217;48;2;186;186;186m▆[48;2;183;183;183m▆[38;2;216;216;216;48;2;194;194;194m▇[48;2;218;218;218m [38;2;217;217;217;48;2;209;209;209m▉[38;2;145;145;145;48;2;189;189;189m▝[38;2;146;146;146;48;2;81;81;81m▃[0m[38;2;62;62;62m▖[0m [38;2;0;0;0m                 [0m
 [38;2;0;0;0m          [0m  [38;2;46;46;46m▂[38;2;37;37;37;48;2;131;131;131m▍[38;2;181;181;181;48;2;210;210;210m▍[38;2;217;217;217;48;2;213;213;213m▅[38;2;211;211;211;48;2;217;217;217m▁[38;2;198;198;198m▁[38;2;212;212;212;48;2;218;218;218m▁   [38;2;205;205;205;48;2;217;217;217m▁[48;2;167;167;167m▌[38;2;108;108;108;48;2;19;19;19m▌[0m  [38;2;0;0;0m                [0m
 [38;2;0;0;0m          [0m [38;2;1;1;1;48;2;61;61;61m▉[38;2;94;94;94;48;2;151;151;151m▘[38;2;213;213;213;48;2;173;173;173m▆[38;2;217;217;217;48;2;210;210;210m▇[48;2;218;218;218m [38;2;206;206;206;48;2;171;171;171m▌[38;2;57;57;57;48;2;133;133;133m╻[38;2;172;172;172;48;2;206;206;206m▍[48;2;218;218;218m  [38;2;217;217;217;48;2;205;205;205m▉[38;2;120;120;120;48;2;175;175;175m▗[38;2;80;80;80;48;2;149;149;149m▖[38;2;196;196;196;48;2;152;152;152m▆[38;2;133;133;133;48;2;55;55;55m▋[38;2;0;0;0;48;2;0;0;0m╴[0m [38;2;0;0;0m               [0m
 [38;2;0;0;0m     [0m      [38;2;2;2;2;48;2;72;72;72m▉[38;2;119;119;119;48;2;176;176;176m▍[38;2;207;207;207;48;2;218;218;218m▏[38;2;217;217;217m▄▖[38;2;170;170;170;48;2;209;209;209m▝[38;2;191;191;191;48;2;107;107;107m▅[38;2;175;175;175;48;2;211;211;211m▘[38;2;191;173;175;48;2;212;209;209m▗[38;2;182;156;158;48;2;212;208;209m▄[38;2;205;196;197;48;2;215;214;214m▖[38;2;137;137;137;48;2;198;198;198m▝[38;2;106;106;106;48;2;188;188;188m▘[38;2;208;208;208;48;2;192;192;192m▊[38;2;142;142;142;48;2;45;45;45m▊[38;2;0;0;0;48;2;0;0;0m╴[0m [38;2;0;0;0m               [0m
 [38;2;0;0;0m   [0m  [38;2;78;78;78m▃[38;2;125;125;125;48;2;0;0;0m▃▃▃[38;2;123;123;123m▃[38;2;119;119;119m▃[48;2;10;10;10m▃[38;2;124;124;124;48;2;165;165;165m▍[38;2;175;175;175;48;2;208;208;208m▂[38;2;205;205;205;48;2;215;215;215m▁[38;2;214;214;214;48;2;218;218;218m▂[38;2;201;201;201;48;2;217;217;217m▂[38;2;176;176;176;48;2;216;216;216m▂[38;2;172;172;172;48;2;215;215;215m▂[48;2;208;203;204m▂[38;2;160;160;160;48;2;199;191;191m▁[38;2;172;172;172;48;2;213;211;211m▂[48;2;215;215;215m▂[38;2;139;139;139;48;2;196;196;196m▗[38;2;46;46;46;48;2;153;153;153m▄[0m[7m[38;2;77;77;77m▅[0m  [38;2;0;0;0m               [0m
    [38;2;89;89;89m▗[38;2;144;144;144;48;2;23;23;23m▅[38;2;130;130;130;48;2;193;193;193m▘[38;2;217;217;217;48;2;192;192;192m▆[38;2;216;216;216;48;2;183;183;183m▇[38;2;215;215;215m▇[38;2;211;211;211;48;2;179;179;179m▇[38;2;205;205;205;48;2;173;173;173m▇[48;2;182;182;182m▆[38;2;137;137;137m▝[38;2;106;106;106;48;2;168;168;168m▘[38;2;186;186;186;48;2;203;203;203m▎[38;2;206;206;206;48;2;209;209;209m▆[38;2;164;164;164;48;2;195;195;195m▝[38;2;85;85;85;48;2;148;148;148m▝[38;2;91;91;91;48;2;47;47;47m▋[38;2;0;0;0;48;2;30;30;30m╴[48;2;112;112;112m▆▆▆[0m[7m[38;2;85;85;85m▆[0m  [38;2;0;0;0m                 [0m
 [38;2;92;92;92;48;2;13;13;13m▗[38;2;171;171;171;48;2;86;86;86m▅[38;2;157;157;157m▅[38;2;49;49;49;48;2;126;126;126m▌[38;2;176;176;176;48;2;211;211;211m▍[48;2;218;218;218m  [38;2;217;217;217m▇[38;2;216;216;216;48;2;215;215;215m▍[38;2;211;211;211;48;2;213;213;213m▝[38;2;213;213;213;48;2;209;209;209m▄[38;2;214;214;214m▅[38;2;215;215;215;48;2;210;210;210m▄[38;2;214;214;214;48;2;209;209;209m▄[38;2;210;210;210;48;2;207;207;207m▂[38;2;209;209;209;48;2;206;206;206m▂▂[38;2;206;206;206;48;2;184;184;184m▋[38;2;140;140;140;48;2;62;62;62m▋[38;2;111;111;111;48;2;0;0;0m▂[38;2;110;110;110m▂[38;2;104;104;104m▂[0m[38;2;53;53;53m▂[0m     [38;2;0;0;0m               [0m
 [38;2;97;97;97;48;2;18;18;18m▝[38;2;114;114;114;48;2;180;180;180m▃[38;2;111;111;111;48;2;163;163;163m▃[38;2;53;53;53;48;2;126;126;126m▌[38;2;176;176;176;48;2;211;211;211m▍[48;2;218;218;218m  [38;2;218;218;218;48;2;217;217;217m▎[38;2;217;217;217;48;2;216;216;216m▅[48;2;215;215;215m▄▃[38;2;216;216;216;48;2;214;214;214m▃[38;2;217;217;217;48;2;215;215;215m▃[48;2;216;216;216m▃[38;2;216;216;216;48;2;213;213;213m▆[38;2;214;214;214;48;2;211;211;211m▇[38;2;188;188;188m▗[38;2;150;150;150;48;2;204;204;204m▂[38;2;205;205;205;48;2;183;183;183m▆[38;2;212;212;212;48;2;171;171;171m▆[38;2;209;209;209;48;2;169;169;169m▆[38;2;203;203;203;48;2;161;161;161m▆[38;2;169;169;169;48;2;104;104;104m▅[38;2;145;145;145;48;2;14;14;14m▄[48;2;11;11;11m▄▄[0m[38;2;102;102;102m▄[0m  [38;2;0;0;0m              [0m
  [7m[38;2;47;47;47m▇[0m[38;2;0;0;0;48;2;24;24;24m▆[38;2;1;1;1;48;2;112;112;112m▍[38;2;170;170;170;48;2;205;205;205m▍[38;2;212;212;212;48;2;216;216;216m▖[38;2;217;217;217;48;2;218;218;218m▗[38;2;216;216;216;48;2;217;217;217m▄[38;2;217;217;217;48;2;218;218;218m▌[38;2;207;207;207;48;2;216;216;216m▁[38;2;183;183;183;48;2;210;210;210m▗[38;2;94;94;94;48;2;183;183;183m▂[38;2;136;136;136;48;2;196;196;196m▖[38;2;189;189;189;48;2;212;212;212m▁[38;2;185;185;185;48;2;209;209;209m▁[38;2;116;116;116;48;2;185;185;185m▗[38;2;26;26;26;48;2;139;139;139m▃[0m[7m[38;2;77;77;77m▄[0m[38;2;29;29;29;48;2;151;151;151m▃[38;2;8;8;8;48;2;165;165;165m▂[38;2;7;7;7;48;2;161;161;161m▂▂[48;2;160;160;160m▂▂▂▂[38;2;23;23;23;48;2;128;128;128m▃[0m[38;2;44;44;44m▘[0m [38;2;0;0;0m              [0m
 [38;2;0;0;0m [0m  [38;2;0;0;0;48;2;108;108;108m▍[38;2;166;166;166;48;2;200;200;200m▍[38;2;210;210;210;48;2;214;214;214m▌[38;2;197;197;197m▁[38;2;165;165;165;48;2;211;211;211m▂[38;2;154;154;154;48;2;207;207;207m▂[38;2;129;129;129;48;2;181;181;181m▃[38;2;24;24;24;48;2;127;127;127m▄[38;2;0;0;0;48;2;57;57;57m▄[48;2;90;90;90m▄[48;2;129;129;129m▄[48;2;125;125;125m▄[0m[7m[38;2;75;75;75m▅[0m            [38;2;0;0;0m               [0m
 [38;2;0;0;0m [0m  [38;2;109;109;109;48;2;20;20;20m▝[38;2;39;39;39;48;2;158;158;158m▂[38;2;47;47;47;48;2;178;178;178m▂[38;2;57;57;57;48;2;162;162;162m▃[0m[7m[38;2;73;73;73m▄[38;2;56;56;56m▅[38;2;43;43;43m▅[38;2;13;13;13m▇[0m     [38;2;0;0;0m                           [0m
[?25h