[?25l[0m [38;2;0;0;0m                                           [0m
 [38;2;0;0;0m                                           [0m
 [38;2;0;0;0m                                           [0m
 [38;2;0;0;0m                                           [0m
 [38;2;0;0;0m                                           [0m
 [38;2;0;0;0m                                           [0m
 [38;2;0;0;0m                                           [0m
 [38;2;0;0;0m          [0m  [38;2;49;49;49m▁[38;2;36;36;36m▂[0m  [38;2;0;0;0m  [0m [38;2;44;44;44m▁[38;2;37;37;37m▂[0m  [38;2;0;0;0m                    [0m
 [38;2;0;0;0m         [0m  [38;2;111;110;110;48;2;13;13;13m▃[38;2;165;158;159;48;2;98;98;98m▅[38;2;186;178;179;48;2;120;120;120m▆[38;2;133;130;130;48;2;43;43;43m▄[0m[38;2;70;70;70m▃[0m [38;2;31;31;31m▁[38;2;111;111;111m▃[38;2;161;155;156;48;2;90;90;90m▅[38;2;188;180;181;48;2;124;124;124m▆[38;2;15;15;15;48;2;121;119;119m▝[0m[38;2;77;77;77m▃[0m  [38;2;0;0;0m                  [0m
 [38;2;0;0;0m         [0m [38;2;10;10;10;48;2;104;104;104m▌[38;2;155;155;155;48;2;192;191;191m▍[38;2;200;186;187;48;2;198;164;167m▌[38;2;197;149;152;48;2;203;173;175m▌[38;2;209;203;204;48;2;188;183;183m▇[38;2;157;157;157;48;2;90;90;90m▋[38;2;0;0;0;48;2;0;0;0m┈[48;2;97;97;97m▌[38;2;156;156;156;48;2;199;198;198m▍[38;2;209;198;199;48;2;203;174;176m▌[38;2;198;151;155;48;2;203;172;175m▋[38;2;210;203;203;48;2;191;184;185m▇[38;2;164;164;164;48;2;104;104;104m▋[38;2;23;23;23;48;2;0;0;0m▎[0m [38;2;0;0;0m                  [0m
 [38;2;0;0;0m         [0m [38;2;10;10;10;48;2;108;108;108m▌[38;2;159;159;159;48;2;196;195;195m▍[38;2;203;189;190;48;2;199;168;170m▌[38;2;197;152;155;48;2;204;176;179m▌[38;2;210;196;197;48;2;210;207;208m▎[38;2;162;162;162;48;2;93;93;93m▋[48;2;0;0;0m [38;2;0;0;0;48;2;101;101;101m▌[38;2;161;161;161;48;2;203;203;203m▍[38;2;213;202;203;48;2;205;178;180m▌[38;2;199;155;159;48;2;205;177;179m▋[38;2;211;195;196;48;2;212;210;210m▍[38;2;169;169;169;48;2;108;108;108m▋[38;2;24;24;24;48;2;0;0;0m▎[0m [38;2;0;0;0m                  [0m
 [38;2;0;0;0m         [0m [38;2;105;105;105;48;2;23;23;23m▝[38;2;103;103;103;48;2;173;173;173m▃[38;2;165;165;165;48;2;198;196;196m▖[38;2;208;207;208;48;2;206;195;196m▆[38;2;215;215;215;48;2;206;206;206m▊[38;2;109;109;109;48;2;182;182;182m▝[38;2;166;166;166;48;2;20;20;20m▄[38;2;20;20;20;48;2;150;150;150m▘[38;2;169;169;169;48;2;206;206;206m▘[38;2;218;217;217;48;2;214;206;207m▇[38;2;212;209;209;48;2;203;201;201m▉[38;2;137;137;137;48;2;201;200;201m▂[38;2;59;59;59;48;2;130;130;130m▗[0m[38;2;34;34;34m▏[0m [38;2;0;0;0m                  [0m
 [38;2;0;0;0m          [0m [38;2;0;0;0;48;2;39;39;39m▊[38;2;113;113;113;48;2;167;167;167m▍[38;2;197;197;197;48;2;209;209;209m▏[38;2;214;214;214;48;2;217;217;217m▌[38;2;217;217;217;48;2;218;218;218m▅    [38;2;212;212;212;48;2;198;198;198m▉[38;2;191;191;191;48;2;102;102;102m▆[38;2;127;127;127;48;2;41;41;41m▅[0m[38;2;28;28;28m▏[0m [38;2;0;0;0m                  [0m
 [38;2;0;0;0m         [0m [38;2;53;53;53m▗[38;2;130;130;130;48;2;22;22;22m▃[38;2;126;126;126;48;2;182;182;182m▘[38;2;208;208;208;48;2;216;216;216m▏[38;2;218;218;218;48;2;217;217;217m╴[38;2;180;180;180;48;2;213;213;213m▂[38;2;175;175;175m▂[48;2;217;217;217m [48;2;218;218;218m  [38;2;207;207;207;48;2;216;216;216m▁[38;2;166;166;166;48;2;209;209;209m▂[38;2;117;117;117;48;2;164;164;164m▝[38;2;124;124;124;48;2;18;18;18m▃[0m[38;2;46;46;46m▖[0m [38;2;0;0;0m                 [0m
 [38;2;0;0;0m         [0m [38;2;11;11;11;48;2;113;113;113m▌[38;2;166;166;166;48;2;205;205;205m▍[38;2;218;218;218;48;2;210;210;210m▇[48;2;218;218;218m [38;2;217;217;217;48;2;202;202;202m▊[38;2;165;165;165;48;2;103;103;103m▋[38;2;80;80;80;48;2;155;155;155m▍[38;2;194;194;194;48;2;216;216;216m▎[38;2;215;214;214;48;2;218;218;218m▁[38;2;216;215;215m▁[38;2;212;212;212;48;2;180;180;180m▋[38;2;135;135;135;48;2;80;80;80m▌[38;2;137;137;137;48;2;184;184;184m▍[38;2;200;200;200;48;2;159;159;159m▋[38;2;100;100;100;48;2;0;0;0m▌[0m [38;2;0;0;0m                 [0m
 [38;2;0;0;0m    [0m      [38;2;11;11;11;48;2;114;114;114m▌[38;2;167;167;167;48;2;206;206;206m▍[38;2;215;215;215;48;2;217;217;217m▂[38;2;217;217;217;48;2;218;218;218m▆[48;2;213;213;213m▉[38;2;211;211;211;48;2;172;172;172m▆[38;2;210;210;210;48;2;165;165;165m▆[38;2;214;213;214;48;2;208;202;203m▊[38;2;171;135;138;48;2;195;179;181m╺[38;2;186;164;166;48;2;202;192;193m▖[38;2;214;213;213;48;2;204;204;204m▇[38;2;208;208;208;48;2;155;155;155m▆[38;2;202;202;202;48;2;181;181;181m▇[38;2;138;138;138;48;2;185;185;185m▗[38;2;91;91;91;48;2;0;0;0m▌[0m [38;2;0;0;0m                 [0m
 [38;2;0;0;0m   [0m  [38;2;121;121;121;48;2;20;20;20m▄[38;2;162;162;162;48;2;12;12;12m▅[38;2;163;163;163m▅▅[38;2;160;160;160m▅[38;2;40;40;40;48;2;147;147;147m▘[38;2;122;122;122;48;2;171;171;171m▂[38;2;159;159;159;48;2;202;202;202m▖[38;2;207;207;207;48;2;215;215;215m▂[38;2;213;213;213;48;2;207;207;207m▉[38;2;150;150;150;48;2;204;204;204m▂[38;2;113;113;113;48;2;205;205;205m▃[48;2;205;204;204m▃[38;2;94;94;94;48;2;193;191;191m▂[48;2;193;192;192m▂[38;2;113;113;113;48;2;205;205;205m▃[38;2;110;110;110;48;2;202;202;202m▃[38;2;58;58;58;48;2;141;141;141m▃[0m[7m[38;2;86;86;86m▆[0m  [38;2;0;0;0m                 [0m
  [38;2;83;83;83m▂[38;2;56;56;56m▃[38;2;120;120;120;48;2;29;29;29m▗[38;2;184;184;184;48;2;100;100;100m▅[38;2;171;171;171;48;2;210;210;210m▘[38;2;216;216;216;48;2;218;218;218m▏ [38;2;215;215;215;48;2;217;217;217m▗[38;2;214;214;214;48;2;211;211;211m▌[38;2;190;190;190;48;2;207;207;207m▝[38;2;192;192;192;48;2;129;129;129m▆[38;2;157;157;157;48;2;198;198;198m▘[38;2;203;203;203;48;2;206;206;206m▏[38;2;205;205;205;48;2;199;199;199m▉[38;2;189;189;189;48;2;139;139;139m▇[38;2;183;183;183;48;2;89;89;89m▆[38;2;169;169;169;48;2;84;84;84m▆[38;2;100;100;100;48;2;30;30;30m▋[38;2;0;0;0;48;2;0;0;0m╴[0m   [38;2;0;0;0m                    [0m
 [38;2;0;0;0;48;2;87;87;87m▌[38;2;137;137;137;48;2;183;183;183m▘[38;2;175;175;175;48;2;127;127;127m▋[38;2;57;57;57;48;2;126;126;126m▌[38;2;176;176;176;48;2;211;211;211m▍[48;2;218;218;218m [38;2;218;218;218;48;2;217;217;217m▉ [38;2;216;216;216;48;2;215;215;215m▂[38;2;215;215;215;48;2;213;213;213m▄[38;2;214;214;214;48;2;211;211;211m▅[48;2;212;212;212m▆[38;2;215;215;215m▆▅[38;2;213;213;213;48;2;208;208;208m▃[38;2;212;212;212;48;2;207;207;207m▃[38;2;167;167;167;48;2;195;195;195m▝[38;2;91;91;91;48;2;146;146;146m▝[38;2;160;160;160;48;2;62;62;62m▃[38;2;96;96;96;48;2;6;6;6m▄[0m  [38;2;0;0;0m                     [0m
 [38;2;79;79;79m▝[38;2;29;29;29;48;2;150;150;150m▃[38;2;5;5;5;48;2;129;129;129m▂[38;2;41;41;41;48;2;126;126;126m▌[38;2;175;175;175;48;2;211;211;211m▍[38;2;217;217;217;48;2;218;218;218m▁ [38;2;218;218;218;48;2;217;217;217m▎▃[48;2;216;216;216m▄[38;2;215;215;215;48;2;217;217;217m▁[38;2;205;205;205;48;2;216;216;216m▁[38;2;209;209;209m▁[38;2;217;217;217m▆[38;2;215;215;215;48;2;204;204;204m▉[38;2;125;125;125;48;2;193;193;193m▗[38;2;107;107;107;48;2;188;188;188m▖[38;2;192;192;192;48;2;211;211;211m▁[38;2;193;193;193;48;2;208;208;208m▁[38;2;149;149;149;48;2;192;192;192m▝[38;2;161;161;161;48;2;61;61;61m▅[0m[38;2;103;103;103m▖[0m  [38;2;0;0;0m                   [0m
   [7m[38;2;0;0;0m╴[0m[38;2;0;0;0;48;2;110;110;110m▍[38;2;168;168;168;48;2;202;202;202m▍[38;2;211;211;211;48;2;215;215;215m▖[38;2;218;218;218;48;2;217;217;217m▋[38;2;216;216;216m▆[38;2;214;214;214m▂[38;2;192;192;192;48;2;213;213;213m▂[38;2;155;155;155;48;2;201;201;201m▃[38;2;47;47;47;48;2;143;143;143m▗[38;2;99;99;99;48;2;167;167;167m▖[38;2;150;150;150;48;2;204;204;204m▂[38;2;146;146;146;48;2;200;200;200m▂[38;2;136;136;136;48;2;75;75;75m▋[38;2;0;0;0;48;2;71;71;71m▄[48;2;131;131;131m▄▄[48;2;130;130;130m▄[48;2;112;112;112m▄[0m[38;2;59;59;59m▘[0m [38;2;0;0;0m                    [0m
 [38;2;0;0;0m [0m  [38;2;109;109;109;48;2;20;20;20m▝[38;2;39;39;39;48;2;158;158;158m▂[38;2;48;48;48;48;2;184;184;184m▂[38;2;50;50;50;48;2;188;188;188m▂[38;2;49;49;49;48;2;186;186;186m▂[38;2;48;48;48;48;2;181;181;181m▂[38;2;50;50;50;48;2;149;149;149m▃[0m[7m[38;2;56;56;56m▄[38;2;22;22;22m▅[38;2;37;37;37m▅[38;2;54;54;54m▅[38;2;52;52;52m▅[38;2;48;48;48m▇[0m      [38;2;0;0;0m                     [0m
[?25h