[?25l[0m [38;2;0;0;0m                               [0m
 [38;2;0;0;0m                               [0m
 [38;2;0;0;0m                               [0m
 [38;2;0;0;0m                               [0m
 [38;2;0;0;0m        [0m   [38;2;0;0;0m  [0m   [38;2;0;0;0m               [0m
 [38;2;0;0;0m      [0m [38;2;48;48;48m▁[38;2;108;106;106m▄[38;2;171;166;167;48;2;32;32;32m▅[0m[38;2;91;90;90m▃[0m [38;2;35;35;35m▁[38;2;94;92;92m▄[38;2;174;169;169;48;2;33;33;33m▅[0m[38;2;91;90;90m▄[0m  [38;2;0;0;0m             [0m
 [38;2;0;0;0m      [0m [38;2;9;9;9;48;2;126;126;126m▍[38;2;198;188;188;48;2;178;169;170m▇[38;2;197;153;157;48;2;204;179;180m▋[38;2;202;198;199;48;2;157;157;157m▊[38;2;99;99;99;48;2;0;0;0m▍[38;2;3;3;3;48;2;120;120;120m▌[38;2;178;178;178;48;2;208;199;200m▎[38;2;197;147;151;48;2;201;167;170m┃[38;2;207;199;200;48;2;175;175;175m▊[38;2;115;115;115;48;2;0;0;0m▌[0m [38;2;0;0;0m             [0m
 [38;2;0;0;0m      [0m [38;2;9;9;9;48;2;123;123;123m▍[38;2;171;171;171;48;2;199;193;193m▁[38;2;207;203;203;48;2;201;169;171m▄[38;2;212;209;209;48;2;173;173;173m▋[38;2;114;114;114;48;2;28;28;28m▍[38;2;30;30;30;48;2;132;132;132m▌[38;2;185;185;185;48;2;213;209;210m▎[38;2;215;211;211;48;2;203;170;173m▄[38;2;207;203;203;48;2;172;172;172m▊[38;2;113;113;113;48;2;0;0;0m▌[0m [38;2;0;0;0m             [0m
 [38;2;0;0;0m      [0m [7m[38;2;42;42;42m▇[0m[38;2;24;24;24;48;2;132;132;132m▍[38;2;187;187;187;48;2;209;209;209m▎[38;2;216;216;216;48;2;210;210;210m▇[48;2;180;180;180m▇[48;2;183;183;183m▇[38;2;218;218;218;48;2;217;217;217m┈[38;2;214;214;214;48;2;197;197;197m▉[38;2;88;88;88;48;2;177;177;177m▝[0m[38;2;105;105;105m▖[0m [38;2;0;0;0m             [0m
 [38;2;0;0;0m      [0m [38;2;131;131;131m▗[38;2;56;56;56;48;2;183;183;183m▘[38;2;202;202;202;48;2;216;216;216m▏[38;2;186;186;186m▗[38;2;126;126;126;48;2;204;204;204m▃[38;2;201;201;201;48;2;216;216;216m▏[48;2;218;218;218m [38;2;196;196;196;48;2;217;217;217m▗[38;2;124;124;124;48;2;193;193;193m▃[38;2;38;38;38;48;2;161;161;161m▝[0m[38;2;108;108;108m▖[0m [38;2;0;0;0m            [0m
 [38;2;0;0;0m   [0m    [38;2;11;11;11;48;2;137;137;137m▍[38;2;198;198;198;48;2;217;217;217m▎[38;2;217;217;217;48;2;218;218;218m▃[38;2;180;180;180;48;2;215;215;215m▝[38;2;192;192;192;48;2;112;112;112m▅[38;2;197;197;197;48;2;211;209;209m▏[38;2;181;154;157;48;2;212;208;208m▃[38;2;193;193;193;48;2;213;211;211m▝[38;2;202;202;202;48;2;121;121;121m▄[38;2;201;201;201;48;2;180;180;180m▊[38;2;122;122;122;48;2;4;4;4m▌[0m [38;2;0;0;0m            [0m
    [38;2;100;100;100m▄[38;2;173;173;173;48;2;0;0;0m▅[38;2;175;175;175m▅[38;2;173;173;173m▅[38;2;48;48;48;48;2;160;160;160m▘[38;2;133;133;133;48;2;196;196;196m▃[38;2;201;201;201;48;2;212;212;212m▏[38;2;182;182;182;48;2;213;213;213m▗[38;2;107;107;107;48;2;204;204;204m▃[38;2;90;90;90;48;2;202;201;201m▃[38;2;38;38;38;48;2;185;181;181m▂[38;2;29;29;29;48;2;190;189;189m▂[38;2;25;25;25;48;2;179;179;179m▂[0m[7m[38;2;123;123;123m▅[38;2;39;39;39m▇[0m [38;2;0;0;0m            [0m
 [38;2;146;146;146m▗[38;2;132;132;132;48;2;0;0;0m▅[38;2;52;52;52;48;2;146;146;146m▍[38;2;213;213;213;48;2;173;173;173m▇[48;2;218;218;218m [38;2;216;216;216;48;2;217;217;217m▗[38;2;215;215;215;48;2;212;212;212m▌[38;2;207;207;207;48;2;193;193;193m▇[38;2;202;202;202;48;2;161;161;161m▇[38;2;206;206;206;48;2;205;205;205m┈[38;2;205;205;205;48;2;195;195;195m▇[48;2;162;162;162m▆[38;2;188;188;188;48;2;144;144;144m▆[38;2;103;103;103;48;2;5;5;5m▍[0m   [38;2;0;0;0m              [0m
 [38;2;174;174;174;48;2;59;59;59m▝[38;2;35;35;35;48;2;154;154;154m▂[38;2;63;63;63;48;2;161;161;161m▍[38;2;207;207;207;48;2;218;218;218m▏ [48;2;217;217;217m [38;2;217;217;217;48;2;215;215;215m▅[48;2;213;213;213m▅[38;2;216;216;216;48;2;211;211;211m▅▅[38;2;214;214;214;48;2;209;209;209m▅[48;2;207;207;207m▃[38;2;204;204;204;48;2;167;167;167m▋[38;2;110;110;110;48;2;6;6;6m▍[0m [38;2;0;0;0m                [0m
   [38;2;47;47;47;48;2;161;161;161m▍[38;2;207;207;207;48;2;218;218;218m▏[38;2;213;213;213;48;2;217;217;217m▁[38;2;206;206;206;48;2;215;215;215m▂[38;2;173;173;173;48;2;209;209;209m▁[38;2;128;128;128;48;2;206;206;206m▂[38;2;218;218;218;48;2;216;216;216m┊[38;2;213;213;213;48;2;175;175;175m▋[38;2;115;115;115;48;2;180;180;180m▆[38;2;193;193;193;48;2;214;214;214m▎[38;2;205;205;205;48;2;167;167;167m▋[38;2;110;110;110;48;2;6;6;6m▍[0m [38;2;0;0;0m                [0m
 [38;2;0;0;0m [0m [38;2;170;170;170;48;2;57;57;57m▝[38;2;56;56;56;48;2;199;199;199m▂[38;2;40;40;40;48;2;168;168;168m▂[38;2;9;9;9;48;2;145;145;145m▅[0m[7m[38;2;121;121;121m▅[0m[38;2;0;0;0;48;2;75;75;75m▅[38;2;51;51;51;48;2;165;165;165m▅[38;2;45;45;45;48;2;174;174;174m▂[0m[7m[38;2;64;64;64m▃[0m[38;2;40;40;40;48;2;156;156;156m▅[38;2;47;47;47;48;2;170;170;170m▂[38;2;83;83;83;48;2;4;4;4m▍[0m [38;2;0;0;0m                [0m
[?25h