[?25l[0m [38;2;0;0;0m                               [0m
 [38;2;0;0;0m                               [0m
 [38;2;0;0;0m                               [0m
 [38;2;0;0;0m                               [0m
 [38;2;0;0;0m                               [0m
 [38;2;0;0;0m       [0m [38;2;47;47;47m▁[38;2;104;104;104m▂[0m    [38;2;106;106;106m▂[0m  [38;2;0;0;0m              [0m
 [38;2;0;0;0m      [0m [38;2;131;131;131;48;2;21;21;21m▗[38;2;66;66;66;48;2;177;169;169m▘[38;2;195;172;174;48;2;155;155;155m▇[38;2;175;172;173;48;2;53;52;52m▅[38;2;56;56;56;48;2;19;19;19m╴[0m[38;2;115;115;115m▗[38;2;186;180;181;48;2;72;72;72m▅[38;2;196;173;175;48;2;158;158;158m▇[38;2;185;180;180;48;2;70;69;69m▅[0m[38;2;110;110;110m▖[0m [38;2;0;0;0m             [0m
 [38;2;0;0;0m      [0m [38;2;10;10;10;48;2;130;130;130m▍[38;2;198;193;194;48;2;200;175;177m▊[38;2;198;155;158;48;2;206;181;183m▋[38;2;211;206;207;48;2;170;170;170m▋[38;2;103;103;103;48;2;0;0;0m▍[38;2;3;3;3;48;2;125;125;125m▌[38;2;183;183;183;48;2;211;203;204m▎[38;2;207;185;187;48;2;201;162;165m▁[38;2;211;204;204;48;2;180;180;180m▊[38;2;119;119;119;48;2;0;0;0m▌[0m [38;2;0;0;0m             [0m
 [38;2;0;0;0m      [0m [38;2;129;129;129;48;2;20;20;20m▝[38;2;63;63;63;48;2;177;177;177m▖[38;2;195;193;193;48;2;209;206;207m▎[38;2;182;182;182;48;2;214;214;214m▝[38;2;192;192;192;48;2;58;58;58m▅[38;2;195;195;195;48;2;79;79;79m▅[38;2;199;199;199;48;2;217;216;216m▘[38;2;198;198;198;48;2;215;213;213m▗[38;2;88;88;88;48;2;179;178;178m▗[0m[38;2;108;108;108m▘[0m [38;2;0;0;0m             [0m
 [38;2;0;0;0m      [0m  [38;2;18;18;18;48;2;133;133;133m▍[38;2;191;191;191;48;2;212;212;212m▎[38;2;213;213;213;48;2;216;216;216m▁[38;2;197;197;197;48;2;217;217;217m▁[48;2;218;218;218m  [38;2;218;218;218;48;2;216;216;216m┈[38;2;200;200;200;48;2;163;163;163m▇[38;2;115;115;115;48;2;17;17;17m▌[0m  [38;2;0;0;0m            [0m
 [38;2;0;0;0m      [0m [38;2;10;10;10;48;2;128;128;128m▍[38;2;210;210;210;48;2;172;172;172m▇[38;2;218;218;218;48;2;217;217;217m┈[38;2;214;214;214;48;2;177;177;177m▋[38;2;92;92;92;48;2;142;142;142m┓[38;2;191;191;191;48;2;216;216;216m▎[38;2;209;203;204;48;2;218;218;218m▁[38;2;214;214;214;48;2;182;182;182m▊[38;2;92;92;92;48;2;139;139;139m┃[38;2;192;192;192;48;2;162;162;162m▆[38;2;116;116;116;48;2;4;4;4m▌[0m [38;2;0;0;0m            [0m
 [38;2;0;0;0m  [0m  [38;2;50;50;50m▂[38;2;51;51;51m▂[38;2;50;50;50m▂[38;2;21;21;21;48;2;136;136;136m▍[38;2;193;193;193;48;2;213;213;213m▎[48;2;217;217;217m [38;2;216;216;216;48;2;208;208;208m▇[38;2;212;212;212;48;2;174;174;174m▇[38;2;212;210;210;48;2;203;195;195m▉[38;2;177;146;149;48;2;197;186;186m╹[38;2;199;199;199;48;2;213;211;211m▁[38;2;206;206;206;48;2;174;174;174m▇[38;2;90;90;90;48;2;192;192;192m▃[0m[38;2;120;120;120m▘[0m [38;2;0;0;0m            [0m
  [38;2;34;34;34m▂[38;2;138;138;138m▗[38;2;56;56;56;48;2;178;178;178m▘[38;2;216;216;216;48;2;164;164;164m▆[48;2;166;166;166m▆[38;2;212;212;212;48;2;164;164;164m▆[38;2;197;197;197;48;2;161;161;161m▅[38;2;125;125;125;48;2;178;178;178m▘[38;2;197;197;197;48;2;207;207;207m▎[38;2;183;183;183;48;2;203;203;203m▝[38;2;191;191;191;48;2;129;129;129m▃[38;2;172;172;172;48;2;115;115;115m▃[38;2;39;39;39;48;2;151;151;151m▆[0m[7m[38;2;123;123;123m▅[38;2;111;111;111m▅[38;2;38;38;38m▇[0m [38;2;0;0;0m             [0m
 [38;2;51;51;51;48;2;150;150;150m▍[38;2;180;180;180;48;2;119;119;119m▋[38;2;68;68;68;48;2;161;161;161m▍[38;2;207;207;207;48;2;218;218;218m▏[38;2;217;217;217m╺[48;2;216;216;216m▍[38;2;213;213;213;48;2;215;215;215m▝[38;2;214;214;214;48;2;210;210;210m▆[38;2;215;215;215;48;2;211;211;211m▆[48;2;210;210;210m▆[38;2;213;213;213;48;2;207;207;207m▄[38;2;183;183;183;48;2;206;206;206m▝[38;2;197;197;197;48;2;123;123;123m▃[38;2;159;159;159;48;2;35;35;35m▄[0m[38;2;53;53;53m▃[0m [38;2;0;0;0m               [0m
 [7m[38;2;84;84;84m▆[0m[38;2;0;0;0;48;2;110;110;110m▅[38;2;50;50;50;48;2;158;158;158m▍[38;2;203;203;203;48;2;216;216;216m▏[38;2;217;217;217;48;2;218;218;218m▗[38;2;216;216;216;48;2;217;217;217m▖[38;2;213;213;213m▁[38;2;177;177;177;48;2;209;209;209m▁[38;2;101;101;101;48;2;195;195;195m▁[38;2;215;215;215;48;2;211;211;211m┊[38;2;208;208;208;48;2;173;173;173m▋[38;2;70;70;70;48;2;150;150;150m▄[38;2;49;49;49;48;2;190;190;190m▂[48;2;187;187;187m▂[38;2;43;43;43;48;2;154;154;154m▂[0m[38;2;75;75;75m▎[0m [38;2;0;0;0m              [0m
 [38;2;0;0;0m [0m [38;2;160;160;160;48;2;54;54;54m▝[38;2;55;55;55;48;2;194;194;194m▂[38;2;0;0;0;48;2;190;190;190m▁[38;2;56;56;56;48;2;199;199;199m▂[38;2;42;42;42;48;2;172;172;172m▂[38;2;11;11;11;48;2;127;127;127m▅[0m[7m[38;2;52;52;52m▄[38;2;138;138;138m▅[38;2;122;122;122m▅[0m     [38;2;0;0;0m               [0m
[?25h