[?25l[0m [38;2;0;0;0m                   [0m
 [38;2;0;0;0m                   [0m
 [38;2;0;0;0m                   [0m
 [38;2;0;0;0m    [0m [38;2;138;132;133m▄[38;2;154;144;145m▅[0m [38;2;137;135;135m▃[38;2;171;159;160m▅[38;2;97;97;97m▖[0m [38;2;0;0;0m       [0m
 [38;2;0;0;0m    [7m[38;2;42;42;42m▊[0m[38;2;139;139;139;48;2;196;186;187m▎[38;2;200;161;164;48;2;206;200;200m▘[38;2;131;131;131;48;2;16;16;16m▍[38;2;86;86;86;48;2;196;193;193m▎[38;2;200;157;161;48;2;210;199;200m▘[38;2;159;159;159;48;2;14;14;14m▌[0m [38;2;0;0;0m       [0m
 [38;2;0;0;0m    [0m [38;2;28;28;28;48;2;147;147;147m▌[38;2;204;204;204;48;2;214;214;214m▏[38;2;214;214;214;48;2;190;190;190m▇[38;2;218;218;218;48;2;207;207;207m▇[48;2;203;203;203m┈[38;2;127;127;127;48;2;28;28;28m▌[0m [38;2;0;0;0m       [0m
 [38;2;0;0;0m [0m   [7m[38;2;46;46;46m▊[0m[38;2;149;149;149;48;2;210;210;210m▎[38;2;217;217;217;48;2;202;202;202m▉[38;2;121;121;121;48;2;192;192;192m▘[38;2;190;171;173;48;2;214;212;212m▗[38;2;131;131;131;48;2;210;209;209m▝[38;2;150;150;150;48;2;183;183;183m▘[0m[38;2;87;87;87m▎       [0m
 [38;2;77;77;77m▃[38;2;165;165;165m▄[38;2;200;200;200;48;2;0;0;0m▇▇[38;2;193;193;193;48;2;11;11;11m▇[38;2;150;150;150;48;2;193;193;193m▘[38;2;200;200;200;48;2;208;208;208m╺[38;2;79;79;79;48;2;169;169;169m╺[38;2;0;0;0;48;2;170;170;170m▅[0m[7m[38;2;170;170;170m▅[0m[38;2;89;89;89m▘[0m [38;2;0;0;0m       [0m
[38;2;55;55;55m▝[38;2;0;0;0;48;2;143;143;143m▃[38;2;104;104;104;48;2;200;200;200m▎[38;2;217;217;217;48;2;218;218;218m▁[48;2;215;215;215m▆[38;2;161;161;161;48;2;212;212;212m▁[38;2;217;217;217;48;2;211;211;211m╴[38;2;141;141;141;48;2;205;205;205m▁[38;2;61;61;61;48;2;180;180;180m▂[38;2;176;176;176;48;2;78;78;78m▇[38;2;153;153;153;48;2;49;49;49m▇[38;2;146;146;146;48;2;0;0;0m▅[0m[38;2;142;142;142m▖[0m [38;2;0;0;0m      [0m
  [38;2;179;179;179;48;2;133;133;133m┊[38;2;202;202;202;48;2;150;150;150m╴[0m[7m[38;2;167;167;167m▃[38;2;60;60;60m▄[38;2;140;140;140m▆[38;2;79;79;79m▆[0m     [38;2;0;0;0m       [0m
[?25h