[?25l[0m [38;2;0;0;0m                               [0m
 [38;2;0;0;0m                               [0m
 [38;2;0;0;0m                               [0m
 [38;2;0;0;0m                               [0m
 [38;2;0;0;0m                               [0m
 [38;2;0;0;0m                               [0m
 [38;2;0;0;0m                               [0m
 [38;2;0;0;0m              [0m   [38;2;0;0;0m  [0m   [38;2;0;0;0m         [0m
 [38;2;0;0;0m            [0m  [38;2;90;88;89m▃[38;2;163;160;160;48;2;20;20;20m▅[0m[38;2;93;92;92m▃[0m  [38;2;73;73;73m▃[38;2;160;157;157;48;2;19;19;19m▅[0m[38;2;97;96;96m▄[0m  [38;2;0;0;0m       [0m
 [38;2;0;0;0m            [0m [38;2;0;0;0;48;2;108;108;108m▌[38;2;165;165;165;48;2;199;192;192m▎[38;2;197;149;153;48;2;200;167;169m┃[38;2;202;196;196;48;2;163;159;159m▇[38;2;118;118;118;48;2;4;4;4m▌[38;2;0;0;0;48;2;95;95;95m▋[38;2;152;152;152;48;2;198;195;195m▎[38;2;203;179;180;48;2;198;157;160m▍[38;2;206;196;197;48;2;173;166;167m▇[38;2;130;130;130;48;2;11;11;11m▋[0m [38;2;0;0;0m       [0m
 [38;2;0;0;0m            [0m [38;2;0;0;0;48;2;109;109;109m▌[38;2;166;166;166;48;2;199;195;195m▎[38;2;206;199;200;48;2;199;163;165m▄[38;2;212;207;208;48;2;185;185;185m▊[38;2;129;129;129;48;2;18;18;18m▌[38;2;14;14;14;48;2;107;107;107m▋[38;2;171;171;171;48;2;212;209;209m▍[38;2;215;209;209;48;2;202;167;170m▄[38;2;209;193;195;48;2;208;204;204m▏[38;2;135;135;135;48;2;12;12;12m▋[0m [38;2;0;0;0m       [0m
 [38;2;0;0;0m            [0m [7m[38;2;33;33;33m▇[0m[38;2;31;31;31;48;2;124;124;124m▌[38;2;179;179;179;48;2;213;213;213m▎[38;2;217;217;217;48;2;216;216;216m┈[38;2;214;214;214;48;2;167;167;167m▇[38;2;217;217;217;48;2;177;177;177m▆[48;2;208;208;208m▇[48;2;205;205;205m▉[38;2;106;106;106;48;2;185;185;185m▝[0m[38;2;91;91;91m▌[0m [38;2;0;0;0m       [0m
 [38;2;0;0;0m          [0m   [38;2;92;92;92m▗[38;2;19;19;19;48;2;159;159;159m▘[38;2;191;191;191;48;2;215;215;215m▘[38;2;206;206;206;48;2;218;218;218m▁[38;2;205;205;205m▁[38;2;216;216;216m▁  [48;2;201;201;201m▉[38;2;48;48;48;48;2;177;177;177m▝[0m[38;2;121;121;121m▖[0m [38;2;0;0;0m      [0m
 [38;2;0;0;0m      [0m   [38;2;34;34;34m▂[38;2;89;89;89m▂[38;2;174;174;174;48;2;19;19;19m▄[38;2;168;168;168;48;2;18;18;18m▄[38;2;49;49;49;48;2;133;133;133m▋[38;2;180;180;180;48;2;214;214;214m▎[38;2;214;214;214;48;2;196;196;196m▉[38;2;120;120;120;48;2;178;178;178m▝[38;2;125;125;125;48;2;177;177;177m┻[38;2;190;190;190;48;2;210;209;209m▏[38;2;184;160;162;48;2;214;212;212m▃[38;2;203;194;195;48;2;214;213;213m▖[38;2;125;125;125;48;2;185;185;185m▝[38;2;192;192;192;48;2;121;121;121m▃[38;2;97;97;97;48;2;11;11;11m▋[0m[38;2;0;0;0m╴      [0m
 [38;2;0;0;0m     [0m [38;2;113;113;113m▗[38;2;150;150;150;48;2;13;13;13m▄[38;2;17;17;17;48;2;113;113;113m▘[38;2;208;208;208;48;2;145;145;145m▆[38;2;215;215;215;48;2;167;167;167m▆[38;2;218;218;218;48;2;216;216;216m╴[38;2;211;211;211;48;2;183;183;183m▊[38;2;170;170;170;48;2;109;109;109m▄[38;2;123;123;123;48;2;192;192;192m▂[38;2;193;193;193;48;2;212;212;212m▁[38;2;212;212;212;48;2;201;201;201m▉[38;2;107;107;107;48;2;203;203;203m▂[38;2;76;76;76;48;2;199;199;199m▂[38;2;75;75;75;48;2;191;186;186m▂[38;2;58;58;58;48;2;198;196;196m▂[38;2;50;50;50;48;2;196;196;196m▂[0m[7m[38;2;142;142;142m▄[38;2;61;61;61m▆[0m [38;2;0;0;0m      [0m
 [38;2;0;0;0m     [0m [38;2;152;152;152;48;2;40;40;40m▝[38;2;0;0;0;48;2;179;179;179m▁[48;2;156;156;156m▁[38;2;49;49;49;48;2;148;148;149m▃[38;2;56;56;56;48;2;198;198;198m▂[38;2;57;57;57;48;2;201;201;201m▂[38;2;0;0;0;48;2;189;189;189m▁[48;2;185;185;185m▁[48;2;165;165;165m▁[48;2;178;178;178m▁[48;2;184;184;184m▁[48;2;168;168;168m▁[48;2;158;158;158m▁[48;2;151;151;151m▁[0m[7m[38;2;59;59;59m▗[0m  [38;2;0;0;0m        [0m
[?25h