[?25l[0m [38;2;0;0;0m                   [0m
 [38;2;0;0;0m      [0m  [38;2;0;0;0m [0m  [38;2;0;0;0m        [0m
 [38;2;0;0;0m    [0m [38;2;131;131;131m▗[38;2;187;168;169;48;2;90;90;90m▆[38;2;166;161;161;48;2;41;41;41m▅[0m[38;2;65;65;65m▗[38;2;56;56;56;48;2;182;169;170m▘[38;2;47;47;47;48;2;176;166;166m▝[0m[38;2;47;47;47m▖       [0m
 [38;2;0;0;0m    [0m [38;2;135;135;135;48;2;23;23;23m▝[38;2;205;205;205;48;2;187;176;177m┈[38;2;205;202;202;48;2;145;145;145m▊[38;2;187;187;187;48;2;33;33;33m▃[38;2;206;179;181;48;2;209;209;209m▝[38;2;126;126;126;48;2;197;190;190m▗[0m[38;2;75;75;75m▎       [0m
 [38;2;0;0;0m    [0m [38;2;101;101;101m▗[38;2;103;103;103;48;2;193;193;193m▎[38;2;218;218;218;48;2;206;206;206m╴[38;2;214;214;214;48;2;203;203;203m┊[48;2;218;218;218m [38;2;145;145;145;48;2;192;192;192m▂[38;2;157;157;157;48;2;35;35;35m▖[0m [38;2;0;0;0m      [0m
 [38;2;0;0;0m [0m [38;2;71;71;71m▁[38;2;160;160;160m▄[38;2;182;182;182m▄[38;2;0;0;0;48;2;134;134;134m▘[38;2;190;190;190;48;2;215;215;215m▁[38;2;218;218;218;48;2;204;204;204m┈[48;2;194;193;193m╴[38;2;181;154;156;48;2;204;201;201m╸[38;2;195;195;195;48;2;143;143;143m▆[0m[7m[38;2;133;133;133m▂[0m [38;2;0;0;0m      [0m
  [38;2;145;145;145;48;2;37;37;37m▆[38;2;83;83;83;48;2;186;186;186m▌[38;2;218;218;218;48;2;217;217;217m┈[38;2;215;215;215;48;2;216;216;216m▝[38;2;209;209;209;48;2;177;177;177m▇[38;2;202;202;202;48;2;165;165;165m▇[38;2;209;209;209;48;2;201;201;201m╴[38;2;192;192;192;48;2;98;98;98m▆[38;2;105;105;105;48;2;14;14;14m▎[0m[7m[38;2;43;43;43m▆[0m [38;2;0;0;0m       [0m
 [38;2;0;0;0m [7m[38;2;22;22;22m▇[0m[38;2;21;21;21;48;2;174;174;174m▍[38;2;218;218;218;48;2;214;214;214m╴[38;2;117;117;117;48;2;208;208;208m▁[38;2;107;107;107;48;2;209;209;209m▃[38;2;175;175;175;48;2;212;212;212m▁[38;2;95;95;95;48;2;169;169;169m┓[38;2;204;204;204;48;2;175;175;175m▊[38;2;119;119;119;48;2;3;3;3m▎[0m[38;2;119;119;119m         [0m
 [38;2;0;0;0m [0m [7m[38;2;92;92;92m▆[38;2;125;125;125m▅[0m  [7m[38;2;95;95;95m▅[0m [7m[38;2;99;99;99m▅[0m[38;2;31;31;31m▘         [0m
 [38;2;0;0;0m                   [0m
[?25h