[?25l[0m [38;2;0;0;0m                   [0m
 [38;2;0;0;0m     [0m [38;2;114;114;114m▂[38;2;43;43;43m▁[0m [38;2;84;84;84m▗[38;2;82;82;82m▁[0m [38;2;0;0;0m       [0m
 [38;2;0;0;0m    [0m [38;2;0;0;0;48;2;121;121;121m▌[38;2;198;172;174;48;2;169;162;162m▇[38;2;187;180;181;48;2;102;102;102m▊[38;2;2;2;2;48;2;111;111;111m▊[38;2;198;181;182;48;2;149;144;144m▇[38;2;194;181;182;48;2;138;134;134m▇[0m[38;2;85;85;85m▎       [0m
 [38;2;0;0;0m    [0m [38;2;114;114;114m▝[38;2;88;88;88;48;2;196;193;193m▖[38;2;207;206;206;48;2;171;171;171m▉[38;2;209;209;209;48;2;61;61;61m▅[38;2;215;215;215;48;2;205;195;196m▇[38;2;73;73;73;48;2;187;186;186m╺[0m[38;2;67;67;67m▎       [0m
 [38;2;0;0;0m    [0m [38;2;143;143;143m▗[38;2;216;216;216;48;2;192;192;192m┈[38;2;210;210;210;48;2;162;162;162m▊[38;2;145;145;145;48;2;205;205;205m▎[38;2;209;204;204;48;2;218;218;218m▁[38;2;124;124;124;48;2;183;183;183m┏[0m[7m[38;2;130;130;130m▝[0m [38;2;0;0;0m      [0m
 [38;2;0;0;0m [0m [38;2;71;71;71m▁[38;2;160;160;160m▄[38;2;184;184;184m▄[38;2;0;0;0;48;2;159;159;159m▘[38;2;187;187;187;48;2;197;197;197m╴[38;2;207;207;207;48;2;180;180;180m▉[38;2;91;91;91;48;2;196;195;195m▂[38;2;13;13;13;48;2;187;179;180m▂[38;2;0;0;0;48;2;188;188;188m▂[0m[7m[38;2;114;114;114m▄[0m [38;2;0;0;0m      [0m
  [38;2;145;145;145;48;2;37;37;37m▆[38;2;83;83;83;48;2;186;186;186m▌[38;2;218;218;218;48;2;217;217;217m┈[38;2;215;215;215;48;2;216;216;216m▝[38;2;213;213;213;48;2;204;204;204m▇[38;2;210;210;210;48;2;199;199;199m▇[38;2;209;209;209;48;2;202;202;202m▇[38;2;204;204;204;48;2;173;173;173m▊[38;2;118;118;118;48;2;3;3;3m▎[0m [38;2;0;0;0m        [0m
 [38;2;0;0;0m [7m[38;2;22;22;22m▇[0m[38;2;21;21;21;48;2;174;174;174m▍[38;2;218;218;218;48;2;214;214;214m╴[38;2;117;117;117;48;2;208;208;208m▁[38;2;107;107;107;48;2;209;209;209m▃[38;2;175;175;175;48;2;212;212;212m▁[38;2;95;95;95;48;2;169;169;169m┓[38;2;204;204;204;48;2;175;175;175m▊[38;2;119;119;119;48;2;3;3;3m▎[0m[38;2;119;119;119m         [0m
 [38;2;0;0;0m [0m [7m[38;2;92;92;92m▆[38;2;125;125;125m▅[0m  [7m[38;2;95;95;95m▅[0m [7m[38;2;99;99;99m▅[0m[38;2;31;31;31m▘         [0m
 [38;2;0;0;0m                   [0m
[?25h