[?25l[0m [38;2;0;0;0m                               [0m
 [38;2;0;0;0m                               [0m
 [38;2;0;0;0m                               [0m
 [38;2;0;0;0m         [0m [38;2;48;48;48m▁[38;2;96;96;96m▃[38;2;26;26;26m▁[0m  [38;2;32;32;32m▁[38;2;97;97;97m▃[38;2;41;41;41m▁[0m [38;2;0;0;0m            [0m
 [38;2;0;0;0m        [0m [38;2;127;127;127;48;2;20;20;20m▗[38;2;78;77;77;48;2;178;170;171m▘[38;2;197;154;158;48;2;192;176;177m▖[38;2;185;182;182;48;2;74;74;74m▅[38;2;78;78;78;48;2;26;26;26m╴[38;2;106;106;106;48;2;10;10;10m▗[38;2;188;183;184;48;2;82;81;81m▅[38;2;197;148;152;48;2;194;175;176m╻[38;2;193;186;187;48;2;92;91;91m▅[0m[38;2;125;125;125m▖[0m [38;2;0;0;0m           [0m
 [38;2;0;0;0m        [0m [38;2;0;0;0;48;2;119;119;119m▍[38;2;182;182;182;48;2;202;191;192m▎[38;2;198;159;162;48;2;206;183;185m▊[38;2;209;204;204;48;2;169;169;169m▊[38;2;117;117;117;48;2;7;7;7m▍[38;2;0;0;0;48;2;112;112;112m▌[38;2;176;176;176;48;2;210;204;205m▎[38;2;198;152;156;48;2;204;173;175m┡[38;2;212;203;204;48;2;187;187;187m▊[38;2;131;131;131;48;2;12;12;12m▌[0m [38;2;0;0;0m           [0m
 [38;2;0;0;0m        [0m [38;2;115;115;115m▝[38;2;47;47;47;48;2;169;169;169m▖[38;2;192;190;190;48;2;208;206;207m▎[38;2;190;190;190;48;2;215;215;215m▝[38;2;199;199;199;48;2;72;72;72m▅[38;2;200;200;200;48;2;79;79;79m▅[38;2;195;195;195;48;2;217;217;217m▘[38;2;215;213;213;48;2;199;198;198m▉[38;2;93;93;93;48;2;180;180;180m▗[0m[38;2;80;80;80m▌[0m [38;2;0;0;0m           [0m
 [38;2;0;0;0m        [0m  [38;2;36;36;36;48;2;139;139;139m▌[38;2;186;186;186;48;2;212;212;212m▎[38;2;213;213;213;48;2;216;216;216m▁[38;2;189;189;189m▁[38;2;218;218;218;48;2;217;217;217m┈[48;2;218;218;218m [48;2;217;217;217m┈[38;2;204;204;204;48;2;171;171;171m▉[38;2;130;130;130;48;2;33;33;33m▌[0m  [38;2;0;0;0m          [0m
 [38;2;0;0;0m     [0m    [38;2;0;0;0;48;2;120;120;120m▍[38;2;209;209;209;48;2;177;177;177m▇[38;2;218;218;218;48;2;217;217;217m┈[38;2;216;216;216;48;2;183;183;183m▋[38;2;92;92;92;48;2;141;141;141m┃[38;2;185;185;185;48;2;214;214;214m▎[38;2;205;197;197;48;2;218;217;217m▁[38;2;215;215;215;48;2;188;188;188m▊[38;2;85;85;85;48;2;137;137;137m╽[38;2;168;168;168;48;2;193;193;193m▎[38;2;129;129;129;48;2;14;14;14m▌[0m [38;2;0;0;0m          [0m
 [38;2;0;0;0m  [0m  [38;2;44;44;44m▁[38;2;104;104;104m▄[38;2;182;182;182;48;2;19;19;19m▅[38;2;185;185;185;48;2;20;20;20m▅[38;2;165;165;165;48;2;17;17;17m▅[38;2;29;29;29;48;2;123;123;123m▘[38;2;185;185;185;48;2;210;210;210m▎[38;2;218;218;218;48;2;216;216;216m┊┈[38;2;212;212;212;48;2;183;183;183m▇[38;2;188;188;188;48;2;213;211;211m▁[38;2;203;199;199;48;2;185;162;164m▄[38;2;188;188;188;48;2;213;210;210m▁[38;2;178;178;178;48;2;207;207;207m▁[38;2;82;82;82;48;2;191;191;191m▃[0m[38;2;126;126;126m▘[0m [38;2;0;0;0m          [0m
 [38;2;0;0;0m [0m [38;2;147;147;147m▗[38;2;146;146;146;48;2;5;5;5m▅[38;2;42;42;42;48;2;142;142;142m▍[38;2;213;213;213;48;2;178;178;178m▇[48;2;218;218;218m [38;2;216;216;216;48;2;217;217;217m▗[38;2;213;213;213;48;2;204;204;204m▇[38;2;163;163;163;48;2;201;201;201m▝[38;2;122;122;122;48;2;179;179;179m▘[38;2;192;192;192;48;2;205;205;205m▏[38;2;202;202;202;48;2;183;183;183m▉[38;2;100;100;100;48;2;170;170;170m▝[38;2;95;95;95;48;2;149;149;149m▝[38;2;36;36;36;48;2;134;134;134m▆[0m[7m[38;2;134;134;134m▆[38;2;124;124;124m▆[38;2;39;39;39m▇[0m [38;2;0;0;0m           [0m
 [38;2;0;0;0m [0m [38;2;164;164;164;48;2;46;46;46m▝[38;2;22;22;22;48;2;154;154;154m▂[38;2;50;50;50;48;2;152;152;152m▍[38;2;201;201;201;48;2;217;217;217m▏[38;2;217;217;217;48;2;218;218;218m▁[38;2;216;216;216;48;2;217;217;217m▁[38;2;212;212;212m▁[38;2;204;204;204;48;2;215;215;215m▁[38;2;216;216;216;48;2;212;212;212m▅▅[38;2;204;204;204;48;2;213;213;213m▁[38;2;214;214;214;48;2;207;207;207m▄[38;2;206;206;206;48;2;173;173;173m▋[38;2;106;106;106;48;2;0;0;0m▌[0m [38;2;0;0;0m              [0m
 [38;2;0;0;0m  [0m  [38;2;25;25;25;48;2;150;150;150m▍[38;2;198;198;198;48;2;214;214;214m▁[38;2;167;167;167;48;2;210;210;210m▗[38;2;50;50;50;48;2;186;186;186m▂[38;2;31;31;31;48;2;168;168;168m▂[38;2;45;45;45;48;2;142;142;142m▄[38;2;91;91;91;48;2;194;194;194m▂[38;2;205;205;205;48;2;170;170;170m▊[38;2;73;73;73;48;2;155;155;155m▅[38;2;75;75;75;48;2;188;188;188m▂[38;2;195;195;195;48;2;165;165;165m▊[38;2;105;105;105;48;2;0;0;0m▌[0m [38;2;0;0;0m              [0m
 [38;2;0;0;0m   [0m [7m[38;2;63;63;63m▆[38;2;128;128;128m▅[38;2;99;99;99m▅[0m   [7m[38;2;44;44;44m▅[38;2;110;110;110m▅[0m [38;2;49;49;49m▝[7m[38;2;110;110;110m▅[0m[38;2;46;46;46m▘[0m [38;2;0;0;0m              [0m
 [38;2;0;0;0m                               [0m
 [38;2;0;0;0m                               [0m
[?25h