[?25l[0m [38;2;0;0;0m                               [0m
 [38;2;0;0;0m                               [0m
 [38;2;0;0;0m         [0m [38;2;51;51;51m▁[38;2;106;106;106m▃[38;2;27;27;27m▁[0m  [38;2;34;34;34m▁[38;2;107;107;107m▃[38;2;44;44;44m▁[0m [38;2;0;0;0m            [0m
 [38;2;0;0;0m        [0m [38;2;128;128;128;48;2;22;22;22m▗[38;2;85;85;85;48;2;180;172;172m▘[38;2;197;153;157;48;2;193;176;177m▖[38;2;187;184;184;48;2;81;80;81m▅[38;2;82;82;82;48;2;27;27;27m╴[38;2;108;108;108;48;2;12;12;12m▗[38;2;190;185;186;48;2;89;87;88m▅[38;2;204;193;194;48;2;194;168;170m╹[38;2;195;188;189;48;2;99;97;98m▅[38;2;127;127;127;48;2;19;19;19m▖[0m [38;2;0;0;0m           [0m
 [38;2;0;0;0m        [0m [38;2;0;0;0;48;2;119;119;119m▍[38;2;205;200;200;48;2;195;185;186m┃[38;2;198;160;163;48;2;206;184;185m▊[38;2;209;204;205;48;2;169;169;169m▊[38;2;117;117;117;48;2;7;7;7m▍[38;2;0;0;0;48;2;112;112;112m▌[38;2;176;176;176;48;2;210;204;205m▎[38;2;208;186;188;48;2;200;161;164m▂[38;2;212;203;204;48;2;187;187;187m▊[38;2;131;131;131;48;2;12;12;12m▌[0m [38;2;0;0;0m           [0m
 [38;2;0;0;0m        [0m [38;2;113;113;113m▝[38;2;40;40;40;48;2;167;166;166m▖[38;2;191;190;190;48;2;208;207;207m▎[38;2;212;212;212;48;2;194;194;194m▉[38;2;190;190;190;48;2;51;51;51m▆[38;2;191;191;191;48;2;59;59;59m▆[38;2;197;197;197;48;2;214;214;214m▏[38;2;215;214;214;48;2;199;198;198m▉[38;2;89;89;89;48;2;179;178;178m▗[0m[38;2;111;111;111m▘[0m [38;2;0;0;0m           [0m
 [38;2;0;0;0m        [0m [38;2;41;41;41m▁[38;2;38;38;38;48;2;140;140;140m▌[38;2;187;187;187;48;2;212;212;212m▎[38;2;217;217;217;48;2;215;215;215m┈[38;2;185;185;185;48;2;216;216;216m▁[38;2;218;218;218;48;2;217;217;217m┈[48;2;218;218;218m [48;2;217;217;217m┈[38;2;207;207;207;48;2;178;178;178m▊[38;2;131;131;131;48;2;35;35;35m▌[0m[38;2;39;39;39m▁[0m [38;2;0;0;0m          [0m
 [38;2;0;0;0m        [0m [38;2;0;0;0;48;2;121;121;121m▍[38;2;210;210;210;48;2;181;181;181m▇[48;2;218;218;218m [38;2;216;216;216;48;2;183;183;183m▋[38;2;92;92;92;48;2;141;141;141m┃[38;2;185;185;185;48;2;214;214;214m▎[38;2;203;193;194;48;2;217;217;217m▁[38;2;215;214;215;48;2;188;188;188m▊[38;2;91;91;91;48;2;140;140;140m┞[38;2;169;169;169;48;2;194;194;194m▎[38;2;130;130;130;48;2;14;14;14m▌[0m [38;2;0;0;0m          [0m
 [38;2;0;0;0m    [0m [38;2;46;46;46m▁[38;2;97;97;97m▂[38;2;67;67;67m▃[38;2;99;99;99m▂[38;2;38;38;38;48;2;139;139;139m▌[38;2;184;184;184;48;2;209;209;209m▎[38;2;217;217;217;48;2;216;216;216m┊[38;2;210;210;210;48;2;217;217;217m▁[38;2;187;187;187;48;2;211;211;211m▁[38;2;183;183;183;48;2;213;210;211m▁[38;2;199;193;193;48;2;183;159;161m▅[38;2;183;183;183;48;2;212;210;210m▁[38;2;172;172;172;48;2;207;207;207m▁[38;2;78;78;78;48;2;188;188;188m▃[0m[38;2;124;124;124m▘[0m [38;2;0;0;0m          [0m
 [38;2;0;0;0m [0m [38;2;50;50;50m▁[38;2;44;44;44m▃[38;2;143;143;143m▗[38;2;67;67;67;48;2;184;184;184m▘[38;2;214;214;214;48;2;166;166;166m▇[38;2;215;215;215;48;2;170;170;170m▇[38;2;211;211;211;48;2;168;168;168m▇[38;2;164;164;164;48;2;199;199;199m▝[38;2;194;194;194;48;2;138;138;138m▄[38;2;195;195;195;48;2;206;206;206m▎[38;2;185;185;185;48;2;205;205;205m▝[38;2;191;191;191;48;2;121;121;121m▄[38;2;177;177;177;48;2;103;103;103m▄[38;2;39;39;39;48;2;125;125;125m▆[0m[7m[38;2;125;125;125m▆[38;2;115;115;115m▆[0m  [38;2;0;0;0m           [0m
 [38;2;0;0;0m [0m [38;2;41;41;41;48;2;147;147;147m▍[38;2;187;187;187;48;2;131;131;131m▋[38;2;73;73;73;48;2;162;162;162m▌[38;2;201;201;201;48;2;217;217;217m▏[38;2;218;218;218m▊[38;2;217;217;217;48;2;216;216;216m▍[38;2;216;216;216;48;2;214;214;214m▄[38;2;214;214;214;48;2;211;211;211m▄[38;2;213;213;213;48;2;207;207;207m▄▃[38;2;211;211;211;48;2;206;206;206m▄[38;2;209;209;209m▁[38;2;202;202;202;48;2;167;167;167m▊[38;2;106;106;106;48;2;0;0;0m▌[0m [38;2;0;0;0m              [0m
 [38;2;0;0;0m [0m [7m[38;2;62;62;62m▆[0m[38;2;5;5;5;48;2;114;114;114m▆[38;2;31;31;31;48;2;152;152;152m▍[38;2;201;201;201;48;2;217;217;217m▏[38;2;217;217;217;48;2;218;218;218m▁[38;2;215;215;215;48;2;217;217;217m▁[38;2;212;212;212;48;2;218;218;218m▁[38;2;204;204;204m▁[38;2;218;218;218;48;2;217;217;217m┈[38;2;212;212;212;48;2;194;194;194m▉[38;2;105;105;105;48;2;187;187;187m▁[38;2;200;200;200;48;2;213;213;213m▏[38;2;207;207;207;48;2;173;173;173m▋[38;2;106;106;106;48;2;0;0;0m▌[0m [38;2;0;0;0m              [0m
 [38;2;0;0;0m   [0m [38;2;25;25;25;48;2;150;150;150m▍[38;2;198;198;198;48;2;214;214;214m▁[38;2;167;167;167;48;2;210;210;210m▗[38;2;50;50;50;48;2;186;186;186m▂[38;2;31;31;31;48;2;168;168;168m▂[38;2;45;45;45;48;2;142;142;142m▄[38;2;91;91;91;48;2;194;194;194m▂[38;2;204;204;204;48;2;163;163;163m▊[38;2;32;32;32;48;2;103;103;103m┃[38;2;75;75;75;48;2;186;186;186m▂[38;2;195;195;195;48;2;165;165;165m▊[38;2;105;105;105;48;2;0;0;0m▌[0m [38;2;0;0;0m              [0m
 [38;2;0;0;0m   [0m [7m[38;2;63;63;63m▆[38;2;128;128;128m▅[38;2;99;99;99m▅[0m   [7m[38;2;44;44;44m▅[38;2;110;110;110m▅[0m [38;2;49;49;49m▝[7m[38;2;110;110;110m▅[0m[38;2;46;46;46m▘[0m [38;2;0;0;0m              [0m
 [38;2;0;0;0m                               [0m
 [38;2;0;0;0m                               [0m
[?25h