[?25l[0m [38;2;0;0;0m                                           [0m
 [38;2;0;0;0m                                           [0m
 [38;2;0;0;0m                                           [0m
 [38;2;0;0;0m                                           [0m
 [38;2;0;0;0m              [0m    [38;2;0;0;0m   [0m    [38;2;0;0;0m                  [0m
 [38;2;0;0;0m            [0m  [38;2;75;75;75m▃[38;2;161;158;158;48;2;75;75;75m▅[38;2;169;166;166;48;2;81;81;81m▅[0m[38;2;88;87;87m▃[0m   [38;2;98;97;97m▂[38;2;155;152;152;48;2;69;69;69m▅[38;2;174;171;171;48;2;85;85;85m▅[0m[38;2;82;81;81m▄[0m   [38;2;0;0;0m               [0m
 [38;2;0;0;0m           [0m  [38;2;17;17;17;48;2;110;110;110m▍[38;2;189;187;187;48;2;148;147;147m▆[38;2;196;177;178;48;2;197;160;163m▌[38;2;199;158;162;48;2;202;180;182m▌[38;2;203;200;200;48;2;162;160;160m▆[38;2;129;129;129;48;2;40;40;40m▋[38;2;0;0;0;48;2;0;0;0m┈[38;2;5;5;5;48;2;106;106;106m▍[38;2;196;194;194;48;2;151;150;150m▆[38;2;202;187;188;48;2;200;167;169m▌[38;2;197;148;152;48;2;200;173;175m▖[38;2;206;201;202;48;2;167;163;164m▆[38;2;137;137;137;48;2;57;57;57m▋[38;2;0;0;0;48;2;0;0;0m╴[0m [38;2;0;0;0m               [0m
 [38;2;0;0;0m           [0m [7m[38;2;0;0;0m╴[0m[38;2;19;19;19;48;2;122;122;122m▍[38;2;174;174;174;48;2;202;198;199m▍[38;2;202;180;182;48;2;197;155;159m▌[38;2;198;152;156;48;2;207;183;185m▌[38;2;212;208;208;48;2;187;187;187m▊[38;2;143;143;143;48;2;46;46;46m▋[48;2;0;0;0m [38;2;5;5;5;48;2;118;118;118m▍[38;2;177;177;177;48;2;211;209;209m▍[38;2;210;193;194;48;2;201;164;167m▌[38;2;197;150;154;48;2;205;179;181m▌[38;2;213;207;208;48;2;194;194;194m▊[38;2;143;143;143;48;2;46;46;46m▊[38;2;0;0;0;48;2;0;0;0m╴[0m [38;2;0;0;0m               [0m
 [38;2;0;0;0m           [0m  [38;2;16;16;16;48;2;106;106;106m▍[38;2;139;139;139;48;2;187;187;187m▂[38;2;184;184;184;48;2;201;194;195m▁[38;2;209;207;207;48;2;206;187;189m▆[38;2;213;213;213;48;2;192;192;192m▊[38;2;62;62;62;48;2;153;153;153m▝[38;2;141;141;141;48;2;10;10;10m▃[38;2;23;23;23;48;2;138;138;138m▘[38;2;184;184;184;48;2;213;212;212m▍[38;2;217;215;215;48;2;211;196;197m▆[38;2;211;209;209;48;2;209;189;191m▆[38;2;159;159;159;48;2;205;204;204m▂[38;2;133;133;133;48;2;55;55;55m▋[38;2;0;0;0;48;2;0;0;0m╴[0m [38;2;0;0;0m               [0m
 [38;2;0;0;0m            [0m  [38;2;16;16;16;48;2;83;83;83m▋[38;2;144;144;144;48;2;186;186;186m▌[38;2;208;208;208;48;2;212;212;212m▌[38;2;215;215;215;48;2;216;216;216m▎[38;2;217;217;217;48;2;200;200;200m▇[48;2;192;192;192m▇[48;2;197;197;197m▇[38;2;218;218;218;48;2;214;214;214m▇[48;2;218;218;218m [38;2;178;178;178;48;2;210;210;210m▝[38;2;182;182;182;48;2;107;107;107m▄[38;2;126;126;126;48;2;43;43;43m▖[0m  [38;2;0;0;0m               [0m
 [38;2;0;0;0m            [0m  [38;2;119;119;119;48;2;34;34;34m▂[38;2;154;154;154;48;2;195;195;195m▌[38;2;217;217;217;48;2;212;212;212m▅[38;2;218;218;218;48;2;216;216;216m┈[38;2;195;195;195;48;2;217;217;217m▂[48;2;216;216;216m▁[48;2;218;218;218m   [38;2;207;207;207;48;2;217;217;217m▁[38;2;185;185;185;48;2;210;210;210m▂[38;2;146;146;146;48;2;71;71;71m▊[38;2;87;87;87;48;2;6;6;6m▂[0m  [38;2;0;0;0m              [0m
 [38;2;0;0;0m           [0m  [38;2;18;18;18;48;2;120;120;120m▍[38;2;202;202;202;48;2;167;167;167m▆[38;2;216;216;216;48;2;202;202;202m▇[48;2;218;218;218m [38;2;217;217;217;48;2;195;195;195m▋[38;2;153;153;153;48;2;90;90;90m▋[38;2;124;124;124;48;2;175;175;175m▍[38;2;204;204;204;48;2;217;217;217m▏[48;2;218;218;218m  [38;2;209;209;209;48;2;174;174;174m▌[38;2;53;53;53;48;2;120;120;120m╻[38;2;161;161;161;48;2;196;196;196m▌[38;2;186;186;186;48;2;139;139;139m▌[38;2;74;74;74;48;2;0;0;0m▍[0m [38;2;0;0;0m              [0m
 [38;2;0;0;0m      [0m  [38;2;60;60;60m▂[38;2;87;87;87m▂▂▂[38;2;60;60;60;48;2;0;0;0m▂[38;2;22;22;22;48;2;129;129;129m▍[38;2;184;184;184;48;2;214;214;214m▍[38;2;217;217;217;48;2;218;218;218m▄▄[38;2;215;215;215;48;2;204;204;204m▉[38;2;198;198;198;48;2;128;128;128m▆[38;2;151;151;151;48;2;204;204;204m▘[38;2;204;195;196;48;2;214;213;213m▗[38;2;180;152;154;48;2;206;199;200m▄[38;2;189;170;171;48;2;210;205;205m▖[38;2;183;183;183;48;2;214;213;213m▝[38;2;194;194;194;48;2;111;111;111m▆[38;2;177;177;177;48;2;209;209;209m▘[38;2;192;192;192;48;2;145;145;145m▌[38;2;77;77;77;48;2;0;0;0m▍[0m [38;2;0;0;0m              [0m
 [38;2;0;0;0m   [0m   [38;2;75;75;75m▗[38;2;134;134;134;48;2;26;26;26m▄[38;2;192;192;192;48;2;131;131;131m▅[38;2;213;213;213;48;2;161;161;161m▆▆[38;2;212;212;212;48;2;160;160;160m▆[38;2;108;108;108;48;2;171;171;171m▝[38;2;58;58;58;48;2;139;139;139m▘[38;2;155;155;155;48;2;193;193;193m▃[38;2;187;187;187;48;2;211;211;211m▂[38;2;212;212;212;48;2;217;217;217m▂[38;2;204;204;204;48;2;215;215;215m▁[38;2;168;168;168;48;2;212;212;212m▂[38;2;148;148;148;48;2;210;210;210m▂[48;2;208;207;207m▂[48;2;201;196;196m▂[48;2;206;203;203m▂[48;2;210;210;210m▂[38;2;139;139;139;48;2;204;204;204m▂[38;2;80;80;80;48;2;161;161;161m▄[0m[7m[38;2;98;98;98m▅[0m  [38;2;0;0;0m              [0m
 [38;2;0;0;0m  [0m [38;2;104;104;104m▗[38;2;160;160;160;48;2;33;33;33m▅[38;2;124;124;124;48;2;26;26;26m▅[38;2;50;50;50;48;2;137;137;137m▍[38;2;183;183;183;48;2;212;212;212m▎[38;2;218;218;218;48;2;213;213;213m▇[38;2;217;217;217;48;2;218;218;218m▗▆[38;2;216;216;216;48;2;215;215;215m▏[38;2;212;212;212;48;2;203;203;203m▇[38;2;172;172;172;48;2;204;204;204m▝[38;2;182;182;182;48;2;112;112;112m▅[38;2;156;156;156;48;2;195;195;195m▘[38;2;206;206;206;48;2;208;208;208m▇[38;2;191;191;191;48;2;205;205;205m▝[38;2;108;108;108;48;2;180;180;180m▝[38;2;174;174;174;48;2;70;70;70m▅[38;2;158;158;158;48;2;66;66;66m▅[38;2;109;109;109;48;2;35;35;35m▖[38;2;0;0;0;48;2;94;94;94m▇[0m[7m[38;2;47;47;47m▆[38;2;44;44;44m▆[0m  [38;2;0;0;0m                [0m
 [38;2;0;0;0m [0m  [38;2;0;0;0;48;2;103;103;103m▍[38;2;147;147;147;48;2;192;192;192m▂[38;2;160;160;160;48;2;103;103;103m▋[38;2;58;58;58;48;2;140;140;140m▍[38;2;191;191;191;48;2;216;216;216m▍[48;2;218;218;218m [38;2;217;217;217m▝[38;2;216;216;216;48;2;217;217;217m▝[38;2;217;217;217;48;2;216;216;216m▃[38;2;216;216;216;48;2;215;215;215m▄[48;2;213;213;213m▄[38;2;214;214;214;48;2;210;210;210m▅[38;2;215;215;215m▄▄[38;2;213;213;213;48;2;209;209;209m▄[38;2;211;211;211;48;2;207;207;207m▃[38;2;210;210;210;48;2;206;206;206m▁[38;2;200;200;200;48;2;168;168;168m▋[38;2;112;112;112;48;2;6;6;6m▋[0m[38;2;0;0;0m╴[0m [38;2;0;0;0m                   [0m
 [38;2;0;0;0m  [0m  [7m[38;2;92;92;92m▆[0m[38;2;0;0;0;48;2;73;73;73m▆[38;2;42;42;42;48;2;140;140;140m▍[38;2;191;191;191;48;2;216;216;216m▍[48;2;218;218;218m [38;2;214;214;214;48;2;217;217;217m▗[38;2;210;210;210;48;2;216;216;216m▃[38;2;207;207;207;48;2;215;215;215m▂[38;2;164;164;164;48;2;206;206;206m▗[38;2;135;135;135;48;2;201;201;201m▂[38;2;203;203;203;48;2;214;214;214m▏[38;2;218;218;218;48;2;217;217;217m▇[38;2;183;183;183;48;2;213;213;213m▗[38;2;140;140;140;48;2;207;207;207m▃[38;2;187;187;187;48;2;214;214;214m▖[38;2;214;214;214;48;2;210;210;210m▋[38;2;201;201;201;48;2;168;168;168m▋[38;2;112;112;112;48;2;6;6;6m▋[0m[38;2;0;0;0m╴[0m [38;2;0;0;0m                   [0m
 [38;2;0;0;0m    [0m [7m[38;2;0;0;0m╴[0m[38;2;38;38;38;48;2;133;133;133m▍[38;2;169;169;169;48;2;204;204;204m▁[38;2;186;186;186;48;2;214;214;214m▂[38;2;134;134;134;48;2;190;190;190m▗[38;2;32;32;32;48;2;158;158;158m▃[38;2;10;10;10;48;2;153;153;153m▃[38;2;5;5;5;48;2;109;109;109m▃[38;2;112;112;112;48;2;25;25;25m▝[38;2;33;33;33;48;2;154;154;154m▃[38;2;145;145;145;48;2;198;198;198m▖[38;2;197;197;197;48;2;152;152;152m▌[38;2;12;12;12;48;2;79;79;79m▗[48;2;139;139;139m▃[38;2;111;111;111;48;2;180;180;180m▖[38;2;192;192;192;48;2;163;163;163m▋[38;2;108;108;108;48;2;6;6;6m▋[0m[38;2;0;0;0m╴[0m [38;2;0;0;0m                   [0m
 [38;2;0;0;0m    [0m  [7m[38;2;51;51;51m▆[0m[38;2;0;0;0;48;2;114;114;114m▅[48;2;121;121;121m▅[0m[7m[38;2;81;81;81m▅[0m    [38;2;22;22;22;48;2;0;0;0m▝[38;2;0;0;0;48;2;98;98;98m▅[0m[7m[38;2;92;92;92m▅[0m [38;2;0;0;0;48;2;6;6;6m▉[48;2;76;76;76m▅[48;2;106;106;106m▅[48;2;29;29;29m▄[0m  [38;2;0;0;0m                   [0m
 [38;2;0;0;0m      [0m    [38;2;0;0;0m   [0m    [38;2;0;0;0m [0m     [38;2;0;0;0m                    [0m
 [38;2;0;0;0m                                           [0m
 [38;2;0;0;0m                                           [0m
[?25h