[?25l[0m [38;2;0;0;0m                   [0m
 [38;2;0;0;0m                   [0m
 [38;2;0;0;0m    [0m [38;2;68;68;68m▁[38;2;154;144;145m▅[38;2;141;137;138m▃[0m [38;2;154;146;146m▄[38;2;145;139;139m▄[0m [38;2;31;31;31m       [0m
 [38;2;0;0;0m    [0m [38;2;0;0;0;48;2;133;133;133m▌[38;2;198;155;158;48;2;201;190;191m▝[38;2;201;196;196;48;2;119;119;119m▊[38;2;14;14;14;48;2;128;128;128m▊[38;2;203;168;171;48;2;204;198;198m▝[38;2;208;195;196;48;2;168;168;168m▊[0m[38;2;95;95;95m▎       [0m
 [38;2;0;0;0m    [0m  [38;2;66;66;66;48;2;183;183;183m▎[38;2;215;215;215;48;2;214;214;214m┈[38;2;216;216;216;48;2;172;172;172m▇[48;2;218;218;218m [38;2;110;110;110;48;2;196;196;196m▝[0m[38;2;67;67;67m▖[0m [38;2;0;0;0m      [0m
 [38;2;0;0;0m  [0m [38;2;80;80;80m▂[38;2;100;100;100m▂[38;2;13;13;13;48;2;138;138;138m▌[38;2;216;216;216;48;2;203;203;203m▇[38;2;210;210;210;48;2;162;162;162m▊[38;2;130;130;130;48;2;198;197;197m▏[38;2;197;183;184;48;2;209;203;203m╷[38;2;122;122;122;48;2;189;189;189m▝[38;2;172;172;172;48;2;36;36;36m▊[0m [38;2;0;0;0m      [0m
  [38;2;144;144;144m▄[38;2;136;136;136;48;2;47;47;47m▅[38;2;218;218;218;48;2;208;208;208m┈[38;2;216;216;216;48;2;199;199;199m▇[38;2;190;190;190;48;2;126;126;126m▇[38;2;131;131;131;48;2;201;201;201m╸[38;2;156;156;156;48;2;206;206;206m╺[38;2;72;72;72;48;2;188;188;188m━[38;2;23;23;23;48;2;183;182;182m▅[0m[7m[38;2;171;171;171m▅[38;2;65;65;65m▇[0m [38;2;0;0;0m      [0m
  [7m[38;2;123;123;123m▅[0m[38;2;41;41;41;48;2;174;174;174m▍[38;2;218;218;218;48;2;214;214;214m╴[38;2;117;117;117;48;2;208;208;208m▁[38;2;107;107;107;48;2;207;207;207m▃[38;2;175;175;175;48;2;213;213;213m▁[38;2;109;109;109;48;2;196;196;196m▂[38;2;203;203;203;48;2;175;175;175m▊[38;2;119;119;119;48;2;3;3;3m▎[0m[38;2;119;119;119m         [0m
 [38;2;0;0;0m [0m [7m[38;2;92;92;92m▆[38;2;125;125;125m▅[0m  [7m[38;2;95;95;95m▅[0m [7m[38;2;99;99;99m▅[0m[38;2;31;31;31m▘         [0m
 [38;2;0;0;0m                   [0m
[?25h