[?25l[0m [38;2;0;0;0m                               [0m
 [38;2;0;0;0m                               [0m
 [38;2;0;0;0m          [0m   [38;2;0;0;0m  [0m   [38;2;0;0;0m             [0m
 [38;2;0;0;0m        [0m [38;2;48;48;48m▁[38;2;116;113;113m▄[38;2;167;161;161;48;2;28;28;28m▆[0m[38;2;118;116;116m▃[38;2;30;30;30m▁[38;2;35;35;35m▁[38;2;123;121;121m▃[38;2;168;162;162;48;2;29;29;29m▆[0m[38;2;132;129;129m▃[38;2;46;46;46m▁[0m [38;2;0;0;0m           [0m
 [38;2;0;0;0m        [0m [38;2;0;0;0;48;2;117;117;117m▍[38;2;172;172;172;48;2;198;188;189m▏[38;2;197;153;156;48;2;203;175;177m▋[38;2;207;201;202;48;2;166;166;166m▊[38;2;114;114;114;48;2;6;6;6m▍[38;2;0;0;0;48;2;109;109;109m▌[38;2;173;173;173;48;2;208;201;202m▎[38;2;196;146;149;48;2;201;167;170m┃[38;2;209;200;201;48;2;184;184;184m▊[38;2;129;129;129;48;2;11;11;11m▌[0m [38;2;0;0;0m           [0m
 [38;2;0;0;0m        [0m [38;2;15;15;15;48;2;123;123;123m▌[38;2;158;158;158;48;2;195;191;191m▁[38;2;206;200;201;48;2;200;165;168m▅[38;2;210;208;208;48;2;174;174;174m▊[38;2;128;128;128;48;2;38;38;38m▍[38;2;43;43;43;48;2;137;137;137m▋[38;2;180;180;180;48;2;212;209;210m▎[38;2;214;209;209;48;2;202;167;169m▅[38;2;163;163;163;48;2;204;201;201m▁[38;2;122;122;122;48;2;10;10;10m▌[0m [38;2;0;0;0m           [0m
 [38;2;0;0;0m        [0m  [38;2;29;29;29;48;2;133;133;133m▌[38;2;181;181;181;48;2;208;208;208m▎[38;2;216;216;216;48;2;213;213;213m▇[38;2;217;217;217;48;2;191;191;191m▇[48;2;192;192;192m▇[38;2;218;218;218;48;2;217;217;217m┈[38;2;215;215;215;48;2;201;201;201m▉[38;2;91;91;91;48;2;185;185;185m▝[0m[38;2;83;83;83m▌[0m [38;2;0;0;0m           [0m
 [38;2;0;0;0m        [0m [38;2;128;128;128m▗[38;2;61;61;61;48;2;183;183;183m▘[38;2;200;200;200;48;2;215;215;215m▏[38;2;189;189;189;48;2;216;216;216m▗[38;2;120;120;120;48;2;199;199;199m▃[38;2;196;196;196;48;2;214;214;214m▏[48;2;218;218;218m [38;2;200;200;200;48;2;217;217;217m▗[38;2;119;119;119;48;2;191;191;191m▃[38;2;58;58;58;48;2;168;168;168m▝[0m[38;2;123;123;123m▖[0m [38;2;0;0;0m          [0m
 [38;2;0;0;0m    [0m [38;2;46;46;46m▁[38;2;97;97;97m▂[38;2;67;67;67m▃[38;2;88;88;88m▂[38;2;24;24;24;48;2;140;140;140m▌[38;2;192;192;192;48;2;216;216;216m▎[38;2;217;217;217;48;2;218;218;218m▄[38;2;188;188;188;48;2;216;216;216m▝[38;2;198;198;198;48;2;116;116;116m▅[38;2;196;196;196;48;2;213;210;211m▘[38;2;185;162;164;48;2;213;211;211m▄[38;2;211;209;209;48;2;197;197;197m▉[38;2;197;197;197;48;2;115;115;115m▅[38;2;180;180;180;48;2;198;198;198m▁[38;2;131;131;131;48;2;14;14;14m▌[0m [38;2;0;0;0m          [0m
 [38;2;0;0;0m [0m [38;2;50;50;50m▁[38;2;44;44;44m▃[38;2;143;143;143m▗[38;2;67;67;67;48;2;184;184;184m▘[38;2;214;214;214;48;2;166;166;166m▇[38;2;215;215;215;48;2;170;170;170m▇[38;2;161;161;161;48;2;206;206;206m▝[38;2;94;94;94;48;2;164;164;164m▘[38;2;131;131;131;48;2;189;189;189m▃[38;2;197;197;197;48;2;211;211;211m▏[38;2;185;185;185;48;2;213;213;213m▗[38;2;106;106;106;48;2;199;199;199m▃[38;2;84;84;84;48;2;196;196;196m▃[38;2;47;47;47;48;2;192;189;189m▃[38;2;0;0;0;48;2;181;181;181m▂[38;2;33;33;33;48;2;189;189;189m▃[0m[7m[38;2;99;99;99m▄[38;2;39;39;39m▇[0m [38;2;0;0;0m          [0m
 [38;2;0;0;0m [0m [38;2;41;41;41;48;2;147;147;147m▍[38;2;187;187;187;48;2;131;131;131m▋[38;2;73;73;73;48;2;162;162;162m▌[38;2;201;201;201;48;2;217;217;217m▏[38;2;218;218;218m▊[38;2;217;217;217;48;2;216;216;216m▍[38;2;216;216;216;48;2;214;214;214m▄[38;2;212;212;212;48;2;200;200;200m▇[38;2;211;211;211;48;2;180;180;180m▆[38;2;210;210;210;48;2;203;203;203m▇[38;2;209;209;209;48;2;199;199;199m▇[38;2;207;207;207;48;2;173;173;173m▆[38;2;193;193;193;48;2;158;158;158m▆[38;2;101;101;101;48;2;0;0;0m▌[0m   [38;2;0;0;0m            [0m
 [38;2;0;0;0m [0m [7m[38;2;62;62;62m▆[0m[38;2;5;5;5;48;2;114;114;114m▆[38;2;31;31;31;48;2;152;152;152m▍[38;2;201;201;201;48;2;217;217;217m▏[38;2;217;217;217;48;2;218;218;218m▁[38;2;215;215;215;48;2;217;217;217m▁[38;2;212;212;212;48;2;218;218;218m▁[38;2;204;204;204m▁[38;2;218;218;218;48;2;217;217;217m┈[38;2;212;212;212;48;2;194;194;194m▉[38;2;105;105;105;48;2;187;187;187m▁[38;2;200;200;200;48;2;213;213;213m▏[38;2;207;207;207;48;2;173;173;173m▋[38;2;106;106;106;48;2;0;0;0m▌[0m [38;2;0;0;0m              [0m
 [38;2;0;0;0m   [0m [38;2;25;25;25;48;2;150;150;150m▍[38;2;198;198;198;48;2;214;214;214m▁[38;2;167;167;167;48;2;210;210;210m▗[38;2;50;50;50;48;2;186;186;186m▂[38;2;31;31;31;48;2;168;168;168m▂[38;2;45;45;45;48;2;142;142;142m▄[38;2;91;91;91;48;2;194;194;194m▂[38;2;204;204;204;48;2;163;163;163m▊[38;2;32;32;32;48;2;103;103;103m┃[38;2;75;75;75;48;2;186;186;186m▂[38;2;195;195;195;48;2;165;165;165m▊[38;2;105;105;105;48;2;0;0;0m▌[0m [38;2;0;0;0m              [0m
 [38;2;0;0;0m   [0m [7m[38;2;63;63;63m▆[38;2;128;128;128m▅[38;2;99;99;99m▅[0m   [7m[38;2;44;44;44m▅[38;2;110;110;110m▅[0m [38;2;49;49;49m▝[7m[38;2;110;110;110m▅[0m[38;2;46;46;46m▘[0m [38;2;0;0;0m              [0m
 [38;2;0;0;0m                               [0m
 [38;2;0;0;0m                               [0m
[?25h