[?25l[0m [38;2;0;0;0m                                           [0m
 [38;2;0;0;0m                                           [0m
 [38;2;0;0;0m                                           [0m
 [38;2;0;0;0m              [0m    [38;2;0;0;0m   [0m    [38;2;0;0;0m                  [0m
 [38;2;0;0;0m             [0m  [38;2;129;129;129;48;2;21;21;21m▄[38;2;125;125;125;48;2;6;6;6m▅[0m[38;2;55;55;55m▖[0m [38;2;0;0;0m [0m  [38;2;122;122;122;48;2;19;19;19m▄[38;2;130;130;130;48;2;6;6;6m▅[0m[38;2;69;69;69m▖[0m [38;2;0;0;0m                 [0m
 [38;2;0;0;0m           [0m  [38;2;125;125;125;48;2;35;35;35m▗[38;2;179;177;177;48;2;101;100;100m▅[38;2;183;159;161;48;2;198;181;182m▚[38;2;203;184;186;48;2;188;162;164m▚[38;2;193;190;190;48;2;114;112;112m▅[38;2;127;127;127;48;2;70;70;70m╴[38;2;0;0;0;48;2;0;0;0m┈[38;2;122;122;122;48;2;28;28;28m▗[38;2;184;183;183;48;2;100;99;99m▅[38;2;168;161;161;48;2;200;178;180m▘[38;2;203;183;185;48;2;190;162;164m▚[38;2;196;192;192;48;2;120;118;118m▅[38;2;94;94;94;48;2;10;10;10m▉[0m[38;2;0;0;0m╴[0m [38;2;0;0;0m               [0m
 [38;2;0;0;0m           [0m [7m[38;2;0;0;0m╴[0m[38;2;19;19;19;48;2;122;122;122m▍[38;2;174;174;174;48;2;202;198;199m▍[38;2;202;180;181;48;2;197;154;158m▌[38;2;198;151;155;48;2;207;183;185m▌[38;2;212;208;208;48;2;187;187;187m▊[38;2;143;143;143;48;2;46;46;46m▋[48;2;0;0;0m [38;2;5;5;5;48;2;118;118;118m▍[38;2;177;177;177;48;2;211;209;209m▍[38;2;210;192;194;48;2;201;163;166m▌[38;2;197;148;152;48;2;205;178;180m▌[38;2;213;207;208;48;2;194;194;194m▊[38;2;143;143;143;48;2;46;46;46m▊[38;2;0;0;0;48;2;0;0;0m╴[0m [38;2;0;0;0m               [0m
 [38;2;0;0;0m           [0m  [38;2;19;19;19;48;2;120;120;120m▍[38;2;172;172;172;48;2;200;199;199m▍[38;2;199;166;169;48;2;203;195;195m▝[38;2;200;164;167;48;2;208;199;200m▘[38;2;213;211;211;48;2;188;188;188m▊[38;2;144;144;144;48;2;53;53;53m▋[38;2;93;93;93;48;2;0;0;0m▁[38;2;16;16;16;48;2;121;121;121m▍[38;2;178;178;178;48;2;212;211;211m▍[38;2;205;176;178;48;2;214;208;208m▝[38;2;214;206;207;48;2;203;171;174m▅[38;2;213;210;210;48;2;191;191;191m▊[38;2;141;141;141;48;2;45;45;45m▊[38;2;0;0;0;48;2;0;0;0m╴[0m [38;2;0;0;0m               [0m
 [38;2;0;0;0m           [0m  [38;2;65;65;65m▝[38;2;38;38;38;48;2;135;135;135m▅[38;2;141;141;141;48;2;183;183;183m▖[38;2;208;208;208;48;2;212;212;212m▌[38;2;217;217;217;48;2;215;215;215m┈[38;2;212;212;212;48;2;170;170;170m▆[38;2;210;210;210;48;2;148;148;148m▆[38;2;212;212;212;48;2;162;162;162m▆[38;2;216;216;216;48;2;206;206;206m▇[48;2;218;218;218m [38;2;206;206;206;48;2;180;180;180m▊[38;2;57;57;57;48;2;145;145;145m╺[0m[38;2;76;76;76m▌[0m  [38;2;0;0;0m               [0m
 [38;2;0;0;0m             [0m [38;2;0;0;0;48;2;76;76;76m▋[38;2;144;144;144;48;2;190;190;190m▌[38;2;216;216;216;48;2;210;210;210m▄[38;2;215;215;215;48;2;217;217;217m▘[38;2;218;218;218m▃[48;2;218;218;218m    [48;2;212;212;212m▇[38;2;212;212;212;48;2;189;189;189m▊[38;2;139;139;139;48;2;44;44;44m▊[38;2;0;0;0;48;2;0;0;0m╴[0m [38;2;0;0;0m               [0m
 [38;2;0;0;0m           [0m  [38;2;135;135;135;48;2;43;43;43m▗[38;2;194;194;194;48;2;122;122;122m▅[38;2;183;183;183;48;2;213;213;213m▘[48;2;218;218;218m [38;2;215;215;215;48;2;197;197;197m▊[38;2;90;90;90;48;2;174;174;174m▗[38;2;125;125;125;48;2;187;187;187m▖[38;2;207;207;207;48;2;217;217;217m▏[48;2;218;218;218m  [38;2;171;171;171;48;2;207;207;207m▗[38;2;105;105;105;48;2;173;173;173m▄[38;2;176;176;176;48;2;145;145;145m▆[38;2;163;163;163;48;2;90;90;90m▅[38;2;59;59;59;48;2;9;9;9m▖[0m [38;2;0;0;0m              [0m
 [38;2;0;0;0m       [0m     [38;2;0;0;0;48;2;0;0;0m╴[38;2;20;20;20;48;2;129;129;129m▍[38;2;184;184;184;48;2;214;214;214m▍[38;2;217;217;217;48;2;218;218;218m▁▖[38;2;215;215;215;48;2;197;197;197m▊[38;2;84;84;84;48;2;173;173;173m▝[38;2;122;122;122;48;2;186;186;186m▘[38;2;210;205;206;48;2;214;213;213m▁[38;2;184;160;162;48;2;211;208;208m▂[38;2;199;187;188;48;2;215;213;213m▖[38;2;170;170;170;48;2;206;206;206m▝[38;2;177;177;177;48;2;100;100;100m▄[38;2;162;162;162;48;2;203;203;203m▘[38;2;197;197;197;48;2;150;150;150m▌[38;2;80;80;80;48;2;0;0;0m▍[0m [38;2;0;0;0m              [0m
 [38;2;0;0;0m   [0m    [38;2;73;73;73m▃[38;2;162;162;162;48;2;57;57;57m▅[38;2;188;188;188;48;2;52;52;52m▆▆[38;2;187;187;187m▆[38;2;139;139;139;48;2;36;36;36m▆[38;2;65;65;65;48;2;136;136;136m▌[38;2;176;176;176;48;2;205;205;205m▍[38;2;203;203;203;48;2;215;215;215m▁[38;2;215;215;215;48;2;217;217;217m▁[38;2;213;213;213;48;2;218;218;218m▁[38;2;199;199;199;48;2;217;217;217m▁[38;2;193;193;193m▁[48;2;213;210;210m▁[38;2;204;200;200;48;2;180;151;154m▅[38;2;192;176;177;48;2;208;205;205m▘[38;2;193;193;193;48;2;217;217;217m▁[38;2;184;184;184;48;2;213;213;213m▁[38;2;97;97;97;48;2;184;184;184m▗[38;2;16;16;16;48;2;129;129;129m▃[0m[38;2;45;45;45m▘[0m [38;2;0;0;0m              [0m
 [38;2;0;0;0m  [0m [38;2;60;60;60m▗[38;2;116;116;116;48;2;0;0;0m▄[38;2;104;104;104;48;2;11;11;11m▃[38;2;39;39;39;48;2;122;122;122m▍[38;2;202;202;202;48;2;152;152;152m▆[38;2;215;215;215;48;2;198;198;198m▇[48;2;218;218;218m [38;2;217;217;217m▗[38;2;216;216;216;48;2;214;214;214m▊[38;2;207;207;207;48;2;183;183;183m▇[38;2;192;192;192;48;2;159;159;159m▅[38;2;108;108;108;48;2;152;152;152m━[38;2;148;148;148;48;2;186;186;186m╸[38;2;206;206;206;48;2;211;211;211m▅[48;2;190;190;190m▊[38;2;91;91;91;48;2;163;163;163m╺[38;2;65;65;65;48;2;144;144;144m━[38;2;61;61;61;48;2;138;138;138m━[38;2;45;45;45;48;2;142;142;142m▅[38;2;10;10;10m▅▅[38;2;9;9;9;48;2;134;134;134m▅[0m[38;2;70;70;70m▘[0m  [38;2;0;0;0m               [0m
 [38;2;0;0;0m [0m  [38;2;0;0;0;48;2;112;112;112m▍[38;2;172;172;172;48;2;204;204;204m▍[38;2;168;168;168;48;2;109;109;109m▋[38;2;59;59;59;48;2;140;140;140m▍[38;2;191;191;191;48;2;216;216;216m▍[48;2;218;218;218m [38;2;217;217;217m▝[38;2;216;216;216;48;2;217;217;217m▝[48;2;215;215;215m▄[38;2;215;215;215;48;2;213;213;213m▅[38;2;213;213;213;48;2;207;207;207m▇[38;2;211;211;211;48;2;195;195;195m▇[48;2;203;203;203m▆[38;2;212;212;212;48;2;207;207;207m▄[38;2;210;210;210;48;2;206;206;206m▅[38;2;207;207;207;48;2;195;195;195m▇[38;2;206;206;206;48;2;191;191;191m▇[38;2;199;199;199;48;2;166;166;166m▋[38;2;111;111;111;48;2;6;6;6m▋[0m[38;2;0;0;0m╴[0m   [38;2;0;0;0m                 [0m
 [38;2;0;0;0m  [0m [38;2;70;70;70m▝[38;2;9;9;9;48;2;130;130;130m▄[38;2;6;6;6;48;2;102;102;102m▄[38;2;46;46;46;48;2;140;140;140m▍[38;2;191;191;191;48;2;216;216;216m▍[48;2;218;218;218m  [48;2;217;217;217m [38;2;218;218;218m▅▅[48;2;216;216;216m▆▅▅[38;2;202;202;202;48;2;215;215;215m▁[38;2;181;181;181;48;2;214;214;214m▂[38;2;204;204;204;48;2;213;213;213m▁[38;2;215;215;215;48;2;210;210;210m▖[38;2;201;201;201;48;2;168;168;168m▋[38;2;112;112;112;48;2;6;6;6m▋[0m[38;2;0;0;0m╴[0m [38;2;0;0;0m                   [0m
 [38;2;0;0;0m   [0m  [7m[38;2;0;0;0m╴[0m[38;2;41;41;41;48;2;140;140;140m▍[38;2;191;191;191;48;2;216;216;216m▍[48;2;218;218;218m [38;2;214;214;214;48;2;217;217;217m▗[38;2;210;210;210;48;2;216;216;216m▄[38;2;207;207;207;48;2;215;215;215m▂[38;2;164;164;164;48;2;207;207;207m▗[38;2;135;135;135;48;2;201;201;201m▂[38;2;203;203;203;48;2;214;214;214m▏[48;2;218;218;218m [38;2;204;204;204;48;2;164;164;164m▌[38;2;64;64;64;48;2;116;116;116m┃[38;2;171;171;171;48;2;208;208;208m▌[38;2;215;215;215;48;2;210;210;210m▋[38;2;201;201;201;48;2;168;168;168m▋[38;2;112;112;112;48;2;6;6;6m▋[0m[38;2;0;0;0m╴[0m [38;2;0;0;0m                   [0m
 [38;2;0;0;0m    [0m [7m[38;2;0;0;0m╴[0m[38;2;38;38;38;48;2;133;133;133m▍[38;2;169;169;169;48;2;204;204;204m▁[38;2;186;186;186;48;2;214;214;214m▂[38;2;134;134;134;48;2;190;190;190m▗[38;2;32;32;32;48;2;158;158;158m▃[38;2;10;10;10;48;2;153;153;153m▃[38;2;5;5;5;48;2;109;109;109m▃[38;2;112;112;112;48;2;25;25;25m▝[38;2;33;33;33;48;2;154;154;154m▃[38;2;145;145;145;48;2;198;198;198m▖[38;2;197;197;197;48;2;152;152;152m▌[38;2;12;12;12;48;2;79;79;79m▗[48;2;139;139;139m▃[38;2;111;111;111;48;2;180;180;180m▖[38;2;192;192;192;48;2;163;163;163m▋[38;2;108;108;108;48;2;6;6;6m▋[0m[38;2;0;0;0m╴[0m [38;2;0;0;0m                   [0m
 [38;2;0;0;0m    [0m  [7m[38;2;51;51;51m▆[0m[38;2;0;0;0;48;2;114;114;114m▅[48;2;121;121;121m▅[0m[7m[38;2;81;81;81m▅[0m    [38;2;22;22;22;48;2;0;0;0m▝[38;2;0;0;0;48;2;98;98;98m▅[0m[7m[38;2;92;92;92m▅[0m [38;2;0;0;0;48;2;6;6;6m▉[48;2;76;76;76m▅[48;2;106;106;106m▅[48;2;29;29;29m▄[0m  [38;2;0;0;0m                   [0m
 [38;2;0;0;0m      [0m    [38;2;0;0;0m   [0m    [38;2;0;0;0m [0m     [38;2;0;0;0m                    [0m
 [38;2;0;0;0m                                           [0m
 [38;2;0;0;0m                                           [0m
[?25h