[?25l[0m [38;2;0;0;0m                   [0m
 [38;2;0;0;0m                   [0m
 [38;2;0;0;0m                   [0m
 [38;2;0;0;0m                   [0m
 [38;2;0;0;0m        [0m  [38;2;0;0;0m  [0m [38;2;0;0;0m      [0m
 [38;2;0;0;0m       [0m [38;2;137;134;135m▄[38;2;171;157;158m▆[38;2;72;72;72m╴[38;2;158;158;158m▗[38;2;175;160;161;48;2;21;21;21m▆[0m[38;2;167;165;165m▖[0m [38;2;0;0;0m    [0m
 [38;2;0;0;0m       [0m [38;2;66;66;66;48;2;175;172;173m▎[38;2;197;155;158;48;2;209;201;201m▘[38;2;169;169;169;48;2;46;46;46m▌[38;2;54;54;54;48;2;183;183;183m▍[38;2;212;206;207;48;2;204;173;176m▄[38;2;163;162;162;48;2;0;0;0m▊[0m [38;2;0;0;0m    [0m
 [38;2;0;0;0m       [0m [38;2;23;23;23;48;2;112;112;112m▋[38;2;179;179;179;48;2;215;215;215m▏[38;2;218;218;218;48;2;217;217;217m▄▇[48;2;213;213;213m┈[38;2;36;36;36;48;2;151;151;151m▝[0m[38;2;44;44;44m▁    [0m
 [38;2;0;0;0m   [0m  [38;2;123;123;123m▃[38;2;171;171;171m▄[38;2;159;159;159;48;2;0;0;0m▅[38;2;77;77;77;48;2;196;196;196m▎[38;2;216;216;216;48;2;204;204;204m╴[38;2;141;141;141;48;2;195;195;195m▘[38;2;189;170;171;48;2;210;206;206m╶[38;2;210;207;208;48;2;195;195;195m▉[38;2;138;138;138;48;2;172;172;172m▝[38;2;93;93;93;48;2;3;3;3m▍[0m [38;2;0;0;0m   [0m
 [38;2;0;0;0m  [0m [7m[38;2;95;95;95m▋[0m[38;2;0;0;0;48;2;154;154;154m▁[38;2;46;46;46;48;2;176;176;176m▂[38;2;0;0;0;48;2;203;203;203m▁[48;2;196;196;196m▁[48;2;165;165;165m▁[48;2;194;194;194m▁[48;2;166;166;166m▁[48;2;145;145;145m▁[38;2;35;35;35;48;2;165;165;165m▆[0m[7m[38;2;91;91;91m▆[0m [38;2;0;0;0m    [0m
[?25h