[?25l[0m [38;2;0;0;0m                               [0m
 [38;2;0;0;0m                               [0m
 [38;2;0;0;0m                               [0m
 [38;2;0;0;0m                               [0m
 [38;2;0;0;0m                               [0m
 [38;2;0;0;0m                               [0m
 [38;2;0;0;0m                               [0m
 [38;2;0;0;0m                               [0m
 [38;2;0;0;0m             [0m  [38;2;79;79;79m▂[0m    [38;2;76;76;76m▂[0m  [38;2;0;0;0m        [0m
 [38;2;0;0;0m            [0m [38;2;101;101;101m▗[38;2;174;170;170;48;2;55;55;55m▅[38;2;193;173;174;48;2;140;140;140m▇[38;2;177;172;172;48;2;59;58;59m▅[38;2;78;78;78;48;2;29;29;29m╴[0m[38;2;66;66;66m▗[38;2;165;162;163;48;2;39;39;39m▅[38;2;192;172;174;48;2;137;137;137m▇[38;2;53;53;53;48;2;175;168;169m▝[0m[38;2;131;131;131m▖[0m [38;2;0;0;0m       [0m
 [38;2;0;0;0m            [0m [38;2;0;0;0;48;2;112;112;112m▌[38;2;170;170;170;48;2;202;194;194m▎[38;2;195;145;149;48;2;200;166;168m┃[38;2;211;203;203;48;2;184;184;184m▊[38;2;126;126;126;48;2;4;4;4m▌[38;2;0;0;0;48;2;102;102;102m▋[38;2;169;169;169;48;2;211;206;207m▍[38;2;206;181;183;48;2;199;155;158m▍[48;2;209;204;204m▎[38;2;139;139;139;48;2;12;12;12m▋[0m [38;2;0;0;0m       [0m
 [38;2;0;0;0m            [0m [38;2;107;107;107m▝[38;2;67;67;67;48;2;172;172;172m▖[38;2;193;190;191;48;2;209;205;206m▎[38;2;198;198;198;48;2;215;214;214m▝[38;2;30;30;30;48;2;175;175;175m▝[38;2;179;179;179;48;2;38;38;38m▅[48;2;214;214;214m▘[38;2;215;213;213;48;2;210;192;193m▇[38;2;109;109;109;48;2;195;194;194m▗[0m[7m[38;2;78;78;78m▗[0m [38;2;0;0;0m       [0m
 [38;2;0;0;0m          [0m    [38;2;9;9;9;48;2;115;115;115m▌[38;2;177;177;177;48;2;213;213;213m▎[38;2;218;218;218;48;2;217;217;217m▂[38;2;217;217;217;48;2;218;218;218m▘  [38;2;218;218;218;48;2;217;217;217m┈[38;2;208;208;208;48;2;162;162;162m▇[38;2;127;127;127;48;2;19;19;19m▋[0m  [38;2;0;0;0m      [0m
 [38;2;0;0;0m      [0m   [38;2;34;34;34m▂[38;2;89;89;89m▂[38;2;174;174;174;48;2;19;19;19m▄[38;2;168;168;168;48;2;18;18;18m▄[38;2;47;47;47;48;2;118;118;118m▋[38;2;199;199;199;48;2;140;140;140m▇[38;2;213;213;213;48;2;203;203;203m▉[38;2;125;125;125;48;2;209;209;209m▃[38;2;117;117;117m▃[38;2;198;198;198;48;2;213;213;213m▏[38;2;215;213;213;48;2;218;218;218m▁[38;2;217;217;217;48;2;208;208;208m▉[38;2;137;137;137;48;2;209;209;209m▃[38;2;80;80;80;48;2;177;177;177m▂[38;2;94;94;94;48;2;10;10;10m▋[0m[38;2;0;0;0m╴      [0m
 [38;2;0;0;0m     [0m [38;2;113;113;113m▗[38;2;150;150;150;48;2;13;13;13m▄[38;2;17;17;17;48;2;113;113;113m▘[38;2;208;208;208;48;2;145;145;145m▆[38;2;215;215;215;48;2;167;167;167m▆[38;2;218;218;218;48;2;216;216;216m╴[38;2;213;213;213;48;2;174;174;174m▋[38;2;56;56;56;48;2;124;124;124m┃[38;2;179;179;179;48;2;213;213;213m▎[38;2;217;217;217;48;2;215;215;215m┈[38;2;215;215;215;48;2;163;163;163m▆[38;2;214;214;214;48;2;159;159;159m▆[38;2;214;213;213;48;2;205;204;204m▇[38;2;182;156;158;48;2;201;191;192m┗[38;2;200;189;190;48;2;212;210;210m╸[38;2;213;213;213;48;2;169;169;169m▆[38;2;88;88;88;48;2;170;170;170m▁[0m[7m[38;2;73;73;73m▗[0m [38;2;0;0;0m      [0m
 [38;2;0;0;0m     [0m [38;2;152;152;152;48;2;40;40;40m▝[38;2;0;0;0;48;2;179;179;179m▁[48;2;156;156;156m▁[38;2;49;49;49;48;2;148;148;149m▃[38;2;56;56;56;48;2;198;198;198m▂[38;2;57;57;57;48;2;201;201;201m▂[38;2;0;0;0;48;2;185;185;185m▁[48;2;155;155;155m▁[38;2;62;62;62;48;2;161;161;161m▅[38;2;51;51;51;48;2;185;185;185m▂[38;2;52;52;52;48;2;188;188;188m▂[38;2;37;37;37;48;2;162;162;162m▅[38;2;0;0;0;48;2;151;151;151m▅▅▅[0m[7m[38;2;145;145;145m▅[0m[38;2;65;65;65m▘[0m [38;2;0;0;0m       [0m
[?25h