[?25l[0m [38;2;0;0;0m                                           [0m
 [38;2;0;0;0m                                           [0m
 [38;2;0;0;0m                                           [0m
 [38;2;0;0;0m                                           [0m
 [38;2;0;0;0m                                           [0m
 [38;2;0;0;0m                                           [0m
 [38;2;0;0;0m                                           [0m
 [38;2;0;0;0m                                           [0m
 [38;2;0;0;0m                                           [0m
 [38;2;0;0;0m                                           [0m
 [38;2;0;0;0m                    [0m   [38;2;0;0;0m    [0m   [38;2;0;0;0m             [0m
 [38;2;0;0;0m                   [0m [38;2;81;81;81m▗[38;2;141;141;141;48;2;16;16;16m▄[0m[38;2;96;96;96m▄[0m  [38;2;0;0;0m [0m [38;2;73;73;73m▗[38;2;138;138;138;48;2;16;16;16m▄[0m[38;2;104;104;104m▄[0m  [38;2;0;0;0m           [0m
 [38;2;0;0;0m                 [0m [7m[38;2;26;26;26m▉[0m[38;2;126;126;126;48;2;40;40;40m▅[38;2;188;181;182;48;2;101;100;100m▆[38;2;199;161;165;48;2;197;187;188m▄[38;2;149;145;145;48;2;196;181;182m▝[38;2;167;167;167;48;2;64;64;64m▅[38;2;76;76;76;48;2;28;28;28m╴[38;2;0;0;0;48;2;0;0;0m┈[0m[38;2;116;116;116m▅[38;2;185;180;181;48;2;92;91;91m▆[38;2;206;194;195;48;2;194;167;169m▝[38;2;155;150;151;48;2;198;180;181m▝[38;2;173;173;173;48;2;70;69;69m▅[38;2;106;106;106;48;2;17;17;17m▖[0m [38;2;0;0;0m          [0m
 [38;2;0;0;0m                 [0m [38;2;0;0;0;48;2;21;21;21m▊[38;2;102;102;102;48;2;161;161;161m▍[38;2;203;200;200;48;2;203;186;187m▋[38;2;200;168;170;48;2;196;147;151m▍[38;2;204;174;176;48;2;212;201;201m▌[38;2;203;203;203;48;2;162;162;162m▋[38;2;102;102;102;48;2;0;0;0m▌ [38;2;92;92;92;48;2;161;161;161m▍[38;2;210;207;207;48;2;210;194;195m▊[38;2;204;173;176;48;2;197;146;150m▌[38;2;203;169;171;48;2;211;197;198m▌[38;2;207;206;206;48;2;169;169;169m▋[38;2;116;116;116;48;2;12;12;12m▌[0m[38;2;0;0;0m╴          [0m
 [38;2;0;0;0m                 [0m [38;2;0;0;0;48;2;21;21;21m▊[38;2;100;100;100;48;2;158;158;158m▍[38;2;189;189;189;48;2;203;198;199m▏[38;2;205;197;197;48;2;199;163;166m▄[38;2;205;179;181;48;2;212;206;207m▘[38;2;208;208;208;48;2;168;168;168m▌[38;2;104;104;104;48;2;8;8;8m▌[38;2;66;66;66;48;2;0;0;0m▁[38;2;94;94;94;48;2;161;161;161m▍[38;2;200;200;200;48;2;215;211;211m▎[38;2;215;208;208;48;2;203;169;172m▄[38;2;205;177;179;48;2;214;207;207m▘[38;2;206;206;206;48;2;168;168;168m▋[38;2;115;115;115;48;2;11;11;11m▌[0m[38;2;0;0;0m╴          [0m
 [38;2;0;0;0m                 [0m  [7m[38;2;91;91;91m▅[0m[38;2;30;30;30;48;2;147;147;147m▖[38;2;184;184;184;48;2;211;211;211m▍[38;2;215;215;215;48;2;217;217;217m▘[38;2;213;213;213;48;2;197;197;197m▇[48;2;156;156;156m▅[48;2;147;147;147m▅[38;2;211;211;211;48;2;172;172;172m▆[38;2;213;213;213;48;2;217;217;217m▏[38;2;218;218;218;48;2;212;212;212m▉[38;2;144;144;144;48;2;187;187;187m╺[38;2;50;50;50;48;2;122;122;122m╼[0m[38;2;56;56;56m▍[0m [38;2;0;0;0m          [0m
 [38;2;0;0;0m                  [0m  [38;2;5;5;5;48;2;118;118;118m▍[38;2;177;177;177;48;2;212;212;212m▍[38;2;218;218;218;48;2;217;217;217m▂[48;2;216;216;216m▃[38;2;217;217;217;48;2;218;218;218m▘    [48;2;201;201;201m▇[38;2;196;196;196;48;2;156;156;156m▊[38;2;109;109;109;48;2;11;11;11m▌[0m[38;2;0;0;0m╴          [0m
 [38;2;0;0;0m              [0m    [7m[38;2;30;30;30m▉[0m[38;2;132;132;132;48;2;58;58;58m▅[38;2;197;197;197;48;2;123;123;123m▆[38;2;213;213;213;48;2;201;201;201m▇[38;2;199;199;199;48;2;217;217;217m▁[38;2;183;183;183;48;2;216;216;216m▁[38;2;195;195;195;48;2;218;218;218m▂[38;2;208;208;208;48;2;217;217;217m▁[48;2;218;218;218m   [38;2;201;201;201;48;2;217;217;217m▁[38;2;184;184;184;48;2;207;207;207m▁[38;2;185;185;185;48;2;115;115;115m▆[0m[38;2;100;100;100m▇[38;2;0;0;0m╴[0m [38;2;0;0;0m        [0m
 [38;2;0;0;0m           [0m    [38;2;108;108;108m▄[38;2;153;153;153;48;2;12;12;12m▄[38;2;145;145;145;48;2;11;11;11m▄[38;2;104;104;104;48;2;24;24;24m▖[38;2;107;107;107;48;2;168;168;168m▍[38;2;207;207;207;48;2;218;218;218m▎[38;2;217;217;217;48;2;207;207;207m▉[38;2;135;135;135;48;2;183;183;183m╺[38;2;79;79;79;48;2;147;147;147m━[38;2;95;95;95;48;2;153;153;153m━[38;2;176;176;176;48;2;202;202;202m▘[38;2;203;195;195;48;2;216;215;215m▗[38;2;192;175;176m▃[38;2;209;204;204;48;2;215;214;214m▁[38;2;144;144;144;48;2;187;187;187m╺[38;2;81;81;81;48;2;148;148;148m━[38;2;75;75;75;48;2;143;143;143m━[38;2;116;116;116;48;2;63;63;63m▖[38;2;0;0;0;48;2;0;0;0m╴[0m [38;2;0;0;0m        [0m
 [38;2;0;0;0m        [0m  [38;2;41;41;41m▂[38;2;52;52;52m▁[38;2;129;129;129;48;2;35;35;35m▅[38;2;179;179;179;48;2;37;37;37m▆[38;2;194;194;194;48;2;81;81;81m▅[38;2;164;164;164;48;2;208;208;208m▘[38;2;217;217;217;48;2;210;210;210m▇[38;2;214;214;214;48;2;190;190;190m▋[38;2;142;142;142;48;2;66;66;66m▋[38;2;109;109;109;48;2;167;167;167m▍[38;2;204;204;204;48;2;215;215;215m▎[38;2;213;213;213;48;2;217;217;217m▁[38;2;218;218;218;48;2;213;213;213m▇[38;2;217;217;217;48;2;210;210;210m▇[38;2;203;203;203;48;2;217;217;217m▁[38;2;202;202;202;48;2;218;218;218m▁[38;2;194;178;179;48;2;211;208;208m▝[38;2;205;199;199;48;2;177;147;150m▅[38;2;202;192;193;48;2;213;212;212m▘[38;2;202;202;202;48;2;217;217;217m▁[38;2;177;177;177;48;2;210;210;210m▗[38;2;81;81;81;48;2;182;182;182m▃[0m[7m[38;2;110;110;110m▄[0m  [38;2;0;0;0m        [0m
 [38;2;0;0;0m       [0m [38;2;0;0;0;48;2;0;0;0m┈[38;2;63;63;63;48;2;126;126;126m▘[38;2;198;198;198;48;2;142;142;142m▅[38;2;165;165;165;48;2;98;98;98m▃[38;2;137;137;137;48;2;173;173;173m▍[38;2;177;177;178;48;2;213;213;213m▂[38;2;210;210;210;48;2;217;217;217m▁[38;2;218;218;218m▘[38;2;217;217;217;48;2;216;216;216m▘[38;2;213;213;213;48;2;207;207;207m▉[38;2;205;205;205;48;2;164;164;164m▆[38;2;191;191;191;48;2;157;157;157m▖[38;2;90;90;90;48;2;156;156;156m╸[38;2;185;185;185;48;2;205;205;205m▍[38;2;208;208;208;48;2;213;213;213m▆[38;2;164;164;164;48;2;197;197;197m╺[38;2;81;81;81;48;2;153;153;153m╼[38;2;67;67;67;48;2;146;146;146m━[48;2;145;145;145m━[38;2;65;65;65;48;2;140;140;140m━[38;2;51;51;51;48;2;155;155;155m▅[38;2;0;0;0;48;2;137;137;137m▄[48;2;113;113;113m▄[0m[38;2;54;54;54m▘[0m [38;2;0;0;0m          [0m
 [38;2;0;0;0m       [0m  [7m[38;2;113;113;113m▃[0m[38;2;47;47;47;48;2;180;180;180m▂[38;2;49;49;49;48;2;181;181;181m▂[38;2;35;35;35;48;2;138;138;138m▂[38;2;39;39;39;48;2;114;114;114m▃[38;2;46;46;46;48;2;177;177;177m▂[38;2;49;49;49;48;2;187;187;187m▂▂[38;2;50;50;50;48;2;188;188;188m▂▂[38;2;48;48;48;48;2;182;182;182m▂[38;2;47;47;47;48;2;174;174;174m▂[48;2;177;177;177m▂[38;2;48;48;48;48;2;183;183;183m▂[38;2;49;49;49;48;2;185;185;185m▂[48;2;181;181;181m▂[38;2;48;48;48;48;2;176;176;176m▂[38;2;47;47;47;48;2;173;173;173m▂[38;2;41;41;41;48;2;158;158;158m▂[0m[7m[38;2;64;64;64m▂[0m   [38;2;0;0;0m           [0m
[?25h