[?25l[0m [38;2;0;0;0m                   [0m
 [38;2;0;0;0m                   [0m
 [38;2;0;0;0m                   [0m
 [38;2;0;0;0m                   [0m
 [38;2;0;0;0m                   [0m
 [38;2;0;0;0m       [0m [38;2;79;78;78m▗[38;2;136;132;133m▄[38;2;52;52;52m▁[38;2;75;75;75m▁[38;2;143;139;139m▄[38;2;83;82;82m▁[0m [38;2;0;0;0m    [0m
 [38;2;0;0;0m       [0m [38;2;72;72;72;48;2;185;181;181m▎[38;2;200;165;167;48;2;211;202;203m▋[38;2;161;161;161;48;2;15;15;15m▌[38;2;25;25;25;48;2;177;176;176m▍[38;2;199;157;160;48;2;207;185;187m┃[38;2;171;170;170;48;2;0;0;0m▊[0m [38;2;0;0;0m    [0m
 [38;2;0;0;0m       [0m [38;2;34;34;34;48;2;121;121;121m▋[38;2;181;181;181;48;2;214;214;214m▏[38;2;207;207;207;48;2;89;89;89m▇[38;2;210;210;210;48;2;122;122;122m▇[38;2;218;218;218;48;2;212;212;212m╴[38;2;150;150;150;48;2;24;24;24m▋[0m [38;2;0;0;0m    [0m
 [38;2;0;0;0m   [0m  [38;2;123;123;123m▃[38;2;171;171;171m▄[38;2;159;159;159;48;2;0;0;0m▅[38;2;85;85;85;48;2;185;185;185m▍[38;2;165;165;165;48;2;205;205;205m╶[38;2;136;136;136;48;2;190;190;190m┒[38;2;196;181;182;48;2;215;214;214m▁[38;2;212;211;211;48;2;195;195;195m▉[38;2;134;134;134;48;2;167;167;167m┬[38;2;91;91;91;48;2;3;3;3m▍[0m [38;2;0;0;0m   [0m
 [38;2;0;0;0m  [0m [7m[38;2;95;95;95m▋[0m[38;2;0;0;0;48;2;154;154;154m▁[38;2;46;46;46;48;2;176;176;176m▂[38;2;0;0;0;48;2;203;203;203m▁[48;2;183;183;183m▁[38;2;41;41;41;48;2;153;153;153m▂[38;2;0;0;0;48;2;196;196;196m▁[38;2;43;43;43;48;2;194;194;194m▃[38;2;25;25;25;48;2;199;194;195m▄[38;2;0;0;0;48;2;181;180;180m▃[0m[7m[38;2;150;150;150m▄[38;2;46;46;46m▇[0m[38;2;4;4;4m    [0m
[?25h