[?25l[0m [38;2;0;0;0m                               [0m
 [38;2;0;0;0m           [0m  [38;2;24;23;21m▂[0m  [38;2;0;0;0m  [0m  [38;2;24;23;21m▂[38;2;23;21;20m▂[0m [38;2;7;7;6m        [0m
 [38;2;0;0;0m          [0m [38;2;120;98;93;48;2;34;30;28m▗[38;2;168;136;129;48;2;61;53;49m▆[38;2;171;134;129;48;2;67;57;54m▆[38;2;177;143;135;48;2;79;67;62m▅[0m[38;2;109;90;83m▖[0m  [38;2;87;73;68m▗[38;2;175;142;133;48;2;76;65;60m▅[38;2;172;134;129;48;2;68;57;53m▆[38;2;178;146;136;48;2;65;56;52m▆[0m[38;2;94;79;73m▅[0m [38;2;21;19;18m       [0m
 [38;2;0;0;0m          [0m [38;2;109;84;81;48;2;45;42;38m▝[38;2;74;66;62;48;2;153;117;113m▄[38;2;94;83;77;48;2;130;101;97m▇[38;2;79;71;66;48;2;163;126;119m▄[38;2;49;46;43;48;2;93;83;78m▝[0m[38;2;57;54;50m▅[38;2;55;52;48m▅[38;2;44;41;38;48;2;86;78;73m▘[38;2;79;71;66;48;2;157;121;117m▄[38;2;128;100;96;48;2;90;81;76m▘[38;2;77;71;65;48;2;158;132;122m▄[38;2;128;107;99;48;2;52;48;44m▘[0m [38;2;22;20;18m       [0m
 [38;2;0;0;0m    [0m [38;2;49;43;37m▂[38;2;73;65;56m▃[0m   [38;2;47;45;41m▅[38;2;51;48;44;48;2;82;78;72m▘[38;2;91;87;80;48;2;84;80;74m▇[38;2;92;88;81;48;2;91;86;80m▇[48;2;88;83;77m▇[38;2;98;98;84;48;2;92;89;81m▁[38;2;117;134;96;48;2;91;88;80m▂[38;2;100;102;85;48;2;92;88;81m▁[38;2;92;88;81;48;2;91;86;80m▇[48;2;88;83;77m▇[48;2;92;89;81m┊[38;2;116;132;94;48;2;90;86;79m▂[38;2;85;90;72;48;2;57;54;49m▖[0m[38;2;33;31;28m▎[0m [38;2;6;6;5m      [0m
 [38;2;0;0;0m    [7m[38;2;23;22;19m▌[0m[38;2;50;46;43;48;2;132;124;115m▍[38;2;131;119;105;48;2;172;163;153m▝[38;2;74;69;64;48;2;27;25;23m▍[0m  [38;2;34;32;29;48;2;59;55;51m▎[38;2;77;73;68;48;2;89;85;79m▂[38;2;80;76;70;48;2;92;88;81m▂[38;2;81;77;72m▂ [38;2;93;89;82;48;2;114;127;94m▋[38;2;136;162;108;48;2;154;182;123m▍[38;2;182;178;160;48;2;115;119;98m▅[38;2;187;176;166;48;2;105;100;93m▅[38;2;188;169;160m▅[38;2;185;176;163;48;2;109;108;95m▅[38;2;173;184;147;48;2;147;175;116m▖[38;2;124;143;100;48;2;92;91;80m▌[38;2;64;61;56;48;2;38;35;33m▊[0m [38;2;22;21;19m      [0m
 [38;2;0;0;0m  [0m [38;2;31;29;26m▗[38;2;106;101;95m▄[38;2;101;96;90;48;2;183;175;167m▘[38;2;186;179;171;48;2;135;131;125m▊[38;2;75;72;68;48;2;25;24;22m▍[0m  [38;2;52;54;43;48;2;42;40;36m▗[38;2;74;85;60;48;2;53;50;46m▂[38;2;82;78;72;48;2;60;56;52m▄[48;2;63;59;55m▅[38;2;79;75;69;48;2;89;85;79m▁[38;2;120;115;106;48;2;93;88;82m▝[38;2;115;110;102;48;2;174;168;155m▄[38;2;165;157;147;48;2;194;184;173m▂[48;2;198;184;174m▁[38;2;192;170;161;48;2;210;138;136m▅[38;2;162;154;144;48;2;197;178;168m▁[38;2;128;121;114;48;2;183;176;163m▄[38;2;141;137;126;48;2;92;87;82m▘[38;2;40;37;34;48;2;58;55;50m▁[0m [38;2;21;20;18m      [0m
 [38;2;0;0;0m  [7m[38;2;25;23;21m▌[0m[38;2;45;42;38;48;2;70;66;61m▍[38;2;84;79;74;48;2;100;95;89m▆[38;2;29;27;25;48;2;81;77;72m▗[0m[7m[38;2;65;62;59m▅[0m   [38;2;37;35;31;48;2;73;85;57m▍[38;2;108;134;83;48;2;96;118;74m▆[38;2;104;130;80;48;2;69;77;56m▄[38;2;79;92;63;48;2;57;57;48m▂[38;2;82;78;72;48;2;65;61;56m▄[38;2;79;74;69;48;2;89;85;79m▁[38;2;90;85;79;48;2;98;93;87m▇[38;2;91;87;80;48;2;134;127;119m▇[38;2;92;87;81;48;2;140;133;125m▇▇[38;2;90;86;80;48;2;138;131;123m▇[38;2;39;37;34;48;2;78;74;68m▁[0m[7m[38;2;56;53;48m▄[38;2;28;26;24m▇[0m [38;2;0;0;0m      [0m
 [38;2;0;0;0m  [7m[38;2;26;25;22m▌[0m[38;2;47;44;40;48;2;73;69;64m▍[38;2;74;70;65;48;2;90;85;79m▝[38;2;29;27;25;48;2;68;65;60m▝[0m[38;2;41;39;36m▃[0m  [38;2;53;50;46m▄[38;2;47;44;40;48;2;81;78;71m▘[38;2;102;114;84;48;2;92;90;80m▝[38;2;99;105;83;48;2;112;137;87m▄[38;2;110;136;85;48;2;96;117;74m▇[38;2;108;133;83;48;2;72;80;58m▄[38;2;110;133;84;48;2;66;69;54m▄[38;2;122;142;90m▄[38;2;111;134;84m▄[38;2;107;132;83m▄[38;2;104;128;81;48;2;65;68;53m▄[38;2;79;92;63;48;2;52;51;44m▖[0m[38;2;28;26;24m▍[0m  [38;2;4;3;3m       [0m
 [38;2;0;0;0m  [7m[38;2;25;23;21m▌[0m[38;2;45;43;39;48;2;71;67;62m▍[38;2;92;88;81;48;2;90;86;80m┊[48;2;88;84;78m▇[38;2;69;65;60;48;2;89;84;78m▝[38;2;77;73;68;48;2;34;32;29m▆[38;2;80;76;71;48;2;44;41;38m▆[38;2;90;86;80;48;2;77;73;68m▇[48;2;92;88;81m  [38;2;92;88;81;48;2;94;93;82m▇[48;2;99;107;83m▆[48;2;100;110;84m▆[38;2;133;130;100;48;2;96;94;83m▝[38;2;104;99;87;48;2;185;174;127m▃[38;2;145;140;106;48;2;98;95;83m▘[38;2;92;88;81;48;2;100;110;84m▆[48;2;99;108;83m▆[38;2;105;98;90;48;2;89;86;78m▗[38;2;150;136;123;48;2;54;50;46m▅[38;2;175;165;154;48;2;43;41;37m▅[0m[38;2;95;91;85m▄[0m [38;2;19;18;16m      [0m
 [38;2;0;0;0m  [0m [7m[38;2;34;32;30m▊[0m[38;2;49;46;42;48;2;72;68;63m▍[38;2;83;79;73;48;2;91;87;80m▁[38;2;87;82;76;48;2;92;88;81m▁         [38;2;85;81;75m▁[38;2;80;76;71;48;2;91;87;80m▁[38;2;45;42;38;48;2;80;76;70m▁[38;2;41;38;35;48;2;82;78;72m▂[38;2;49;46;42;48;2;94;88;81m▃[38;2;61;57;51;48;2;160;146;132m▃[38;2;66;62;57;48;2;189;178;167m▃[0m[7m[38;2;96;91;86m▃[0m [38;2;21;20;18m      [0m
 [38;2;0;0;0m   [0m [7m[38;2;35;33;30m▊[0m[38;2;45;43;39;48;2;67;63;59m▆[38;2;56;53;48;48;2;75;71;66m▌[38;2;86;81;75;48;2;92;87;81m▏[48;2;92;88;81m     [38;2;87;82;76m▁[38;2;80;76;71;48;2;91;86;80m▁[38;2;40;38;34;48;2;76;72;67m▁[0m[7m[38;2;61;58;53m▄[38;2;51;48;44m▄[38;2;27;25;23m▆[0m     [38;2;0;0;0m       [0m
 [38;2;0;0;0m   [0m  [38;2;133;123;112;48;2;63;59;54m▗[38;2;155;144;132;48;2;89;84;78m▄[38;2;115;109;101;48;2;93;88;81m▁[38;2;124;114;101;48;2;91;86;79m▗[38;2;162;147;130;48;2;97;92;84m▄[38;2;157;143;129;48;2;97;92;85m▄[38;2;107;100;92;48;2;89;84;78m▖[38;2;44;41;38;48;2;80;76;70m▂[0m[7m[38;2;56;53;49m▃[38;2;52;49;45m▄[38;2;30;28;25m▇[0m [38;2;0;0;0m              [0m
 [38;2;0;0;0m   [0m [38;2;48;46;42;48;2;136;130;122m▍[38;2;206;196;185;48;2;159;151;141m▇[38;2;201;191;180;48;2;179;170;160m▉[38;2;127;121;113;48;2;166;158;149m▂[38;2;188;179;169;48;2;125;117;109m▄[38;2;197;186;174;48;2;176;163;149m▉[38;2;69;61;52;48;2;148;133;118m▗[0m[7m[38;2;60;55;50m▃[38;2;28;27;24m▇[0m [38;2;0;0;0m                 [0m
 [38;2;0;0;0m   [0m [7m[38;2;75;71;67m▆[38;2;142;135;128m▅[38;2;105;100;94m▄[38;2;75;71;66m▄[38;2;142;135;127m▅[38;2;122;116;110m▅[38;2;40;38;35m▇[0m [38;2;0;0;0m                   [0m
 [38;2;0;0;0m                               [0m
[?25h