[?25l[0m [38;2;0;0;0m                                           [0m
 [38;2;0;0;0m                                           [0m
 [38;2;0;0;0m                                           [0m
 [38;2;0;0;0m                                           [0m
 [38;2;0;0;0m                                           [0m
 [38;2;0;0;0m                                           [0m
 [38;2;0;0;0m                                           [0m
 [38;2;0;0;0m                                           [0m
 [38;2;0;0;0m                                           [0m
 [38;2;0;0;0m                                           [0m
 [38;2;0;0;0m                                           [0m
 [38;2;0;0;0m   [0m [38;2;23;21;19m▃[0m  [38;2;0;0;0m          [0m  [38;2;29;27;25m▃▃[38;2;29;27;24m▃[0m  [38;2;0;0;0m   [0m [38;2;23;21;19m▃[38;2;29;27;25m▃▃[38;2;28;26;24m▃[0m [38;2;14;13;12m          [0m
 [38;2;0;0;0m [0m [38;2;24;23;21m▗[38;2;99;89;77;48;2;33;30;26m▗[38;2;143;127;109;48;2;67;60;52m▅[38;2;108;96;83;48;2;43;38;33m▅[0m[38;2;41;38;34m▖[0m [38;2;8;8;7m        [0m [38;2;91;76;72m▗[38;2;152;126;119;48;2;69;59;55m▅[38;2;181;145;139;48;2;92;77;72m▅[38;2;174;136;131;48;2;74;62;59m▆[38;2;180;146;138;48;2;90;76;70m▅[38;2;120;99;92;48;2;46;40;37m▅[0m[38;2;41;37;34m▖[0m [38;2;7;7;6m [38;2;23;21;19m▗[38;2;108;89;83;48;2;32;28;26m▗[38;2;166;137;128;48;2;76;65;60m▅[38;2;185;147;140;48;2;94;78;73m▅[38;2;175;136;130;48;2;75;62;58m▆[38;2;183;150;140;48;2;90;76;71m▅[0m[38;2;114;96;88m▅[38;2;35;32;29m▖[0m [38;2;6;5;5m        [0m
 [38;2;0;0;0m [0m [7m[38;2;27;25;23m▌[0m[38;2;51;48;44;48;2;121;116;110m▌[38;2;162;156;148;48;2;189;182;173m▍[38;2;158;152;144;48;2;108;104;98m▋[38;2;50;47;44;48;2;28;26;23m▍[0m [38;2;11;11;10m        [0m [38;2;39;36;33;48;2;92;73;70m▌[38;2;129;98;95;48;2;168;130;126m▃[38;2;127;100;96;48;2;169;132;127m▄[38;2;100;83;78;48;2;154;120;115m▅[38;2;145;112;106;48;2;190;147;140m▃[38;2;149;117;111;48;2;106;86;81m▋[38;2;65;60;56;48;2;39;36;33m▖[0m[38;2;27;25;23m▃[0m [38;2;42;39;36m▃[38;2;56;51;47;48;2;111;89;85m▌[38;2;139;107;104;48;2;180;140;134m▃[38;2;126;99;95;48;2;169;131;126m▄[38;2;103;89;83;48;2;157;124;118m▅[38;2;143;120;111;48;2;190;157;146m▃[38;2;139;116;108;48;2;87;74;68m▋[0m[38;2;38;36;33m▌[0m [38;2;10;9;8m        [0m
  [38;2;36;34;31m▗[38;2;119;115;111;48;2;41;40;38m▄[38;2;177;173;166;48;2;97;93;87m▅[38;2;167;160;151;48;2;193;187;178m▘[38;2;156;150;143;48;2;107;103;97m▋[38;2;55;52;48;48;2;30;27;25m▎[0m [38;2;11;11;10m       [0m  [38;2;39;37;33;48;2;54;50;46m▌[38;2;79;75;69;48;2;63;57;53m▃[38;2;81;76;71;48;2;84;78;73m╴[38;2;89;84;79;48;2;86;80;75m▉[38;2;71;63;59;48;2;83;78;72m▝[38;2;79;72;67;48;2;88;83;77m▘[38;2;88;83;77;48;2;75;71;66m▇[38;2;83;78;73;48;2;53;50;46m▅[38;2;81;77;72;48;2;48;45;41m▅[38;2;86;81;76;48;2;67;63;58m▅[38;2;90;85;79;48;2;86;80;75m▆[38;2;70;63;58;48;2;84;79;73m▝[38;2;77;70;65;48;2;87;82;77m▘[38;2;89;84;78;48;2;85;80;74m▉[38;2;84;80;74;48;2;71;65;60m▄[38;2;70;67;62;48;2;55;51;47m▖[0m[38;2;38;36;33m▌[0m [38;2;10;9;8m        [0m
 [38;2;46;43;39m▅[38;2;51;49;45;48;2;77;73;68m▘[38;2;134;130;124;48;2;94;90;84m▝[38;2;79;75;69;48;2;156;152;146m▄[38;2;47;45;41;48;2;149;145;139m▄[0m[7m[38;2;88;86;82m▄[38;2;27;26;23m▇[0m [38;2;4;3;3m      [0m [38;2;36;33;30m▗[38;2;61;58;53;48;2;36;34;31m▅[38;2;88;83;77;48;2;69;65;60m▅[38;2;85;80;75;48;2;91;87;81m▘[48;2;92;88;81m    [38;2;104;111;88;48;2;94;91;82m▁[38;2;120;139;97m▂[38;2;104;110;88;48;2;93;89;81m▂[48;2;92;88;81m    [38;2;102;107;87;48;2;93;91;82m▁[38;2;119;137;96;48;2;92;90;80m▂[38;2;94;104;78;48;2;69;66;60m▂[38;2;49;47;42;48;2;33;31;28m▎[0m  [38;2;5;5;4m       [0m
 [38;2;36;34;30;48;2;55;52;48m▍[38;2;75;71;66;48;2;88;84;78m▌[38;2;84;80;74;48;2;70;67;61m▌[38;2;50;47;43;48;2;32;30;28m▋[0m  [38;2;0;0;0m        [0m [7m[38;2;36;34;30m▌[0m[38;2;52;49;45;48;2;71;67;62m▍[38;2;84;80;74;48;2;91;87;80m▎[48;2;92;88;81m     [38;2;100;103;85;48;2;122;143;98m▌[38;2;136;167;106;48;2;148;181;114m▎[38;2;164;171;141;48;2;120;134;99m▄[38;2;170;162;152;48;2;102;97;90m▄▄▄▄[38;2;166;168;144;48;2;115;123;97m▄[38;2;148;181;116;48;2;134;161;105m▇[38;2;128;154;101;48;2;105;115;88m▌[38;2;87;83;77;48;2;77;72;67m╴[38;2;47;44;40;48;2;30;28;25m▊[0m [38;2;18;17;15m       [0m
 [38;2;36;34;30;48;2;55;52;48m▍[38;2;75;71;66;48;2;88;84;78m▌[38;2;78;74;68;48;2;90;85;79m▝[38;2;51;48;44;48;2;79;75;69m▝[0m[38;2;54;51;47m▅[38;2;33;32;29m▖[0m       [38;2;7;7;6m [0m [7m[38;2;34;31;28m▌[0m[38;2;38;36;32;48;2;55;52;47m▂[38;2;49;47;42;48;2;77;73;67m▄[38;2;58;54;50;48;2;83;78;73m▅[38;2;59;56;51m▅[38;2;66;62;57;48;2;85;80;74m▅[38;2;83;78;73;48;2;90;86;80m▖[48;2;92;88;81m [38;2;104;101;91;48;2;137;139;119m▌[38;2;180;175;159;48;2;158;177;130m▅[38;2;183;187;160;48;2;195;187;174m▘[48;2;199;189;178m [38;2;203;173;165;48;2;200;186;176m▗[38;2;212;122;124;48;2;205;161;155m▗[38;2;209;144;141;48;2;203;174;165m▖[38;2;187;187;164;48;2;197;187;175m▝[38;2;184;179;163;48;2;163;181;136m▅[38;2;146;149;126;48;2;115;114;100m▌[38;2;87;83;77;48;2;73;69;64m▌[38;2;52;49;45;48;2;34;31;28m▋[0m [38;2;19;18;17m       [0m
 [38;2;36;34;30;48;2;55;52;48m▍[38;2;75;71;66;48;2;88;84;78m▌[48;2;92;88;81m [38;2;92;88;81;48;2;89;85;79m▇[38;2;90;85;79;48;2;76;72;67m▇[38;2;77;73;68;48;2;51;48;44m▆[38;2;67;64;59;48;2;31;29;26m▅[38;2;67;64;58m▅▅▅▅[38;2;66;63;58;48;2;31;28;26m▅[0m[38;2;48;45;42m▄[38;2;27;25;23m▃[38;2;26;24;22m▃[38;2;30;28;26m▂[38;2;55;64;43m▂[38;2;87;105;67;48;2;52;52;44m▃[38;2;73;71;63;48;2;81;83;69m▚[38;2;66;62;57;48;2;83;78;73m▂[48;2;84;79;74m▂[38;2;70;67;61;48;2;89;85;79m▃[38;2;82;77;72;48;2;91;86;80m▖[38;2;95;91;84;48;2;113;107;101m▇[38;2;103;98;91;48;2;147;140;131m▆[38;2;134;127;119;48;2;175;166;157m▃[38;2;150;142;133;48;2;195;186;175m▃[48;2;196;184;173m▃[38;2;141;134;125;48;2;193;172;163m▂[38;2;150;142;133;48;2;197;179;169m▃[38;2;139;132;124;48;2;182;172;162m▃[38;2;105;99;93;48;2;145;138;129m▅[38;2;83;79;73;48;2;111;106;99m▅[38;2;49;46;43;48;2;75;71;66m▗[0m[7m[38;2;43;40;37m▃[0m [38;2;19;18;16m       [0m
 [7m[38;2;39;36;33m▄[0m[38;2;32;30;28;48;2;65;61;56m▖[38;2;66;63;58;48;2;85;81;75m▖[38;2;89;85;79;48;2;92;88;81m▏ [38;2;92;88;81;48;2;91;86;80m▇[48;2;90;85;79m▇▇▇▇▇[48;2;92;87;81m┈[38;2;71;67;62;48;2;87;83;77m▝[38;2;84;80;74;48;2;53;50;46m▅[48;2;53;49;45m▅▅[38;2;68;74;57;48;2;95;107;77m▘[38;2;112;139;86;48;2;106;133;81m▆[38;2;108;135;82;48;2;79;94;62m▅[38;2;85;104;66;48;2;56;58;46m▅[38;2;71;78;58;48;2;53;52;45m▁[38;2;81;77;71;48;2;59;55;51m▄[38;2;74;70;65;48;2;88;83;77m▘[38;2;87;82;76;48;2;92;88;81m▁▁[38;2;91;87;80;48;2;102;96;90m▇[48;2;106;100;94m▇▇▇▇[38;2;78;74;69;48;2;92;87;81m▗[38;2;44;41;38;48;2;74;70;65m▁[0m[7m[38;2;57;54;50m▄[38;2;28;26;24m▅[0m  [38;2;0;0;0m       [0m
  [38;2;41;38;35;48;2;23;21;19m▝[38;2;35;32;30;48;2;66;62;57m▂[38;2;50;48;44;48;2;87;83;77m▂[38;2;65;61;56;48;2;88;83;77m▁[38;2;85;80;74;48;2;91;87;80m▂[48;2;92;88;81m          [38;2;93;91;81;48;2;98;103;83m▇[38;2;95;95;82;48;2;105;121;85m▅[38;2;104;117;85;48;2;112;137;87m▃[38;2;111;138;86;48;2;102;126;78m▇[38;2;109;136;83;48;2;88;106;69m▅[38;2;94;117;72;48;2;74;80;61m▂[38;2;89;109;69;48;2;66;65;56m▂▂▂▂▂▂[38;2;88;108;68;48;2;65;65;56m▂[38;2;46;45;38;48;2;62;64;52m╶[0m[7m[38;2;52;49;45m▃[38;2;28;26;24m▅[0m [38;2;9;9;8m          [0m
     [38;2;33;31;28;48;2;50;46;43m▌[38;2;69;65;60;48;2;83;78;73m▌[38;2;91;86;80;48;2;92;88;81m▏  [38;2;86;82;75;48;2;91;87;80m▗[38;2;82;77;70;48;2;90;86;79m▃[38;2;88;83;77;48;2;92;87;81m▖[48;2;92;88;81m      [38;2;92;89;81;48;2;97;101;83m▇[38;2;107;126;86;48;2;97;100;83m▝[38;2;97;100;83;48;2;111;136;87m▃[38;2;97;101;83;48;2;110;135;85m▃[48;2;110;134;85m▃[38;2;161;157;113;48;2;116;133;89m▗[38;2;197;188;133;48;2;127;148;93m▄[38;2;167;162;116;48;2;119;136;90m▖[38;2;97;101;83;48;2;110;134;85m▃[38;2;93;97;79;48;2;109;133;84m▃[38;2;71;78;58;48;2;104;129;80m▃[0m[38;2;60;73;46m▌[0m  [38;2;0;0;0m           [0m
[?25h