[?25l[0m [38;2;0;0;0m                   [0m
 [38;2;0;0;0m                   [0m
 [38;2;0;0;0m                   [0m
 [38;2;0;0;0m                   [0m
  [38;2;69;61;52m▁[0m [38;2;0;0;0m    [0m [38;2;82;69;64m▂[38;2;84;70;65m▁[0m  [38;2;67;57;53m▂[38;2;81;68;63m▂[0m [38;2;0;0;0m    [0m
 [38;2;64;62;59m▁[38;2;105;100;93;48;2;162;153;142m▎[0m[38;2;80;75;69m▍   [0m [38;2;29;27;25;48;2;102;84;79m▍[38;2;96;83;78;48;2;173;136;131m▄[38;2;186;149;140;48;2;105;88;83m▘[0m[38;2;62;58;54m▃[38;2;68;64;59m▃[38;2;87;77;72;48;2;164;130;123m▃[38;2;98;87;81;48;2;178;143;135m▄[0m[38;2;80;70;64m▋[0m [38;2;1;1;1m   [0m
[38;2;51;48;44m▗[38;2;132;127;122;48;2;74;70;65m▝[38;2;29;28;25;48;2;166;161;155m▅[0m [38;2;40;39;37m   [38;2;46;44;40m▗[38;2;58;55;51;48;2;86;82;75m▘[38;2;92;88;81;48;2;90;85;79m▇[48;2;89;84;78m▇[38;2;129;151;103;48;2;91;87;80m▄[38;2;144;140;128;48;2;92;89;81m▂[38;2;165;157;148;48;2;96;91;85m▁[38;2;139;157;114;48;2;94;93;82m▃[38;2;24;23;20;48;2;78;80;66m▝[0m[38;2;28;26;23m▖   [0m
[7m[38;2;46;43;39m▍[0m[38;2;89;84;78;48;2;86;81;75m┊[0m[38;2;75;71;66m▆[38;2;71;67;62m▄[38;2;73;69;64m▆[38;2;72;69;64m▆[38;2;51;48;45m▄[38;2;42;40;36m▝[38;2;42;39;36;48;2;70;71;59m╸[38;2;63;59;55;48;2;78;73;68m▁[38;2;74;70;65;48;2;90;86;79m▁[38;2;178;183;153;48;2;121;119;106m▝[38;2;132;125;118;48;2;193;184;172m▁[38;2;134;127;119;48;2;199;168;160m▁[38;2;121;115;108;48;2;178;175;156m▗[38;2;115;109;102;48;2;86;84;75m╴[0m[38;2;30;28;25m▌   [0m
[7m[38;2;28;27;24m▇[0m[38;2;26;24;22;48;2;68;64;59m▖[38;2;69;65;60;48;2;92;87;81m▂[48;2;92;88;81m   [38;2;92;88;81;48;2;90;86;80m┈[48;2;67;66;58m▆[38;2;96;98;82;48;2;105;128;82m▃[38;2;105;129;81;48;2;65;71;52m▅[38;2;100;124;76;48;2;74;73;64m▂[38;2;74;70;65;48;2;88;94;73m━━[38;2;74;81;60;48;2;92;88;81m▅[0m[7m[38;2;68;64;59m▃[38;2;39;37;34m▇[0m[38;2;6;6;5m    [0m
  [38;2;89;84;79;48;2;33;31;29m╺[38;2;175;167;158;48;2;108;102;96m━[38;2;141;134;127;48;2;85;80;74m╸[38;2;23;22;20;48;2;126;118;109m▁[38;2;169;160;151;48;2;114;108;100m┭[0m[7m[38;2;84;80;74m▁[0m[38;2;171;163;154;48;2;106;101;94m━[38;2;155;147;139;48;2;97;96;84m╸[0m[7m[38;2;135;135;118m▁[0m[38;2;40;38;34;48;2;173;167;138m▁[0m[7m[38;2;88;90;73m▂[38;2;60;67;48m▄[0m [38;2;0;0;0m     [0m
[?25h