[?25l[0m [38;2;0;0;0m                               [0m
 [38;2;0;0;0m                               [0m
 [38;2;0;0;0m                               [0m
 [38;2;0;0;0m                               [0m
 [38;2;0;0;0m                               [0m
 [38;2;0;0;0m                               [0m
 [38;2;0;0;0m                               [0m
 [38;2;0;0;0m                               [0m
 [38;2;0;0;0m [0m  [38;2;63;56;48m▂[0m [38;2;1;1;1m      [0m  [38;2;72;62;57m▃[38;2;81;67;63m▃[38;2;72;61;57m▃[0m    [38;2;85;71;66m▂[38;2;81;67;63m▃[38;2;79;67;62m▃[0m  [38;2;4;4;3m      [0m
 [38;2;0;0;0m [7m[38;2;25;24;21m▌[0m[38;2;60;56;51;48;2;135;126;115m▍[38;2;111;99;86;48;2;161;152;141m▝[0m[38;2;50;47;43m▌[0m [38;2;7;6;6m     [0m [38;2;35;33;30;48;2;109;88;83m▌[38;2;175;138;132;48;2;145;120;113m▇[38;2;117;92;88;48;2;178;139;134m▃[38;2;181;143;135;48;2;145;119;111m▇[38;2;110;89;83;48;2;36;34;30m▌[0m  [38;2;28;27;24;48;2;79;66;62m▌[38;2;147;117;111;48;2;184;147;139m▍[38;2;120;95;91;48;2;180;140;134m▃[38;2;163;134;125;48;2;186;152;142m▖[38;2;129;108;100;48;2;45;41;37m▋[0m [38;2;21;20;18m      [0m
 [38;2;26;25;23m▗[38;2;108;105;100m▄[38;2;91;87;82;48;2;178;172;165m▘[38;2;181;174;166;48;2;129;124;118m▋[0m[38;2;54;51;47m▌[0m [38;2;7;6;6m    [0m  [38;2;36;34;31;48;2;61;55;51m▍[38;2;79;73;68;48;2;130;100;96m▇[38;2;89;84;78;48;2;99;83;78m▇[38;2;84;77;72;48;2;139;108;102m▇[38;2;78;74;69;48;2;91;85;79m▝[48;2;38;36;33m▆[38;2;77;72;67;48;2;34;32;29m▆[38;2;87;82;76;48;2;72;65;61m▇[38;2;80;76;71;48;2;119;94;90m▆[38;2;91;87;81;48;2;90;82;76m▃[38;2;79;75;69;48;2;119;101;93m▆[38;2;55;51;47;48;2;82;70;65m▇[0m[38;2;23;21;19m▌      [0m
[7m[38;2;27;25;23m▌[0m[38;2;45;42;39;48;2;68;64;59m▘[38;2;111;106;101;48;2;84;80;75m▝[38;2;30;29;26;48;2;93;89;84m▗[0m[7m[38;2;84;81;78m▅[0m  [38;2;0;0;0m    [0m [38;2;32;30;27;48;2;57;53;49m▍[38;2;87;83;77;48;2;72;67;63m▇[48;2;92;88;81m   [38;2;106;113;89;48;2;92;89;81m▗[38;2;136;163;107;48;2;96;95;83m▄[38;2;118;132;98;48;2;95;92;84m▖[38;2;122;116;109;48;2;92;88;81m▁▁[38;2;124;121;109;48;2;93;91;82m▁[38;2;134;161;106;48;2;94;93;82m▄[38;2;119;139;95;48;2;71;69;61m▖[0m[7m[38;2;42;39;36m▝[0m [38;2;18;17;16m     [0m
[7m[38;2;30;28;26m▌[0m[38;2;52;49;44;48;2;76;72;67m▍[38;2;69;65;60;48;2;88;83;78m▝[0m[7m[38;2;60;56;52m▝[0m[38;2;34;32;29m▖[0m     [38;2;4;4;4m [0m [38;2;32;30;28;48;2;53;50;46m▎[38;2;54;51;47;48;2;85;81;75m▃[38;2;58;55;50;48;2;88;84;77m▃[38;2;63;60;55;48;2;89;84;78m▃[38;2;86;82;76;48;2;91;87;80m▏[38;2;93;89;81;48;2;118;123;100m▋[38;2;186;186;163;48;2;150;169;123m▗[38;2;194;187;172;48;2;160;161;140m▆[38;2;198;186;175;48;2;163;154;145m▆[38;2;209;140;138;48;2;185;168;159m▃[38;2;199;179;169;48;2;162;156;143m▆[38;2;185;183;163;48;2;156;180;126m▄[38;2;134;145;113;48;2;96;94;84m▌[38;2;70;66;62;48;2;44;41;38m▋[0m[38;2;24;23;20m▌     [0m
[7m[38;2;30;28;25m▌[0m[38;2;51;48;44;48;2;76;72;66m▍[38;2;92;88;81;48;2;91;87;81m┊[38;2;91;87;80;48;2;85;80;74m▇[38;2;85;81;75;48;2;58;54;50m▆[38;2;70;66;61;48;2;24;22;20m▆[38;2;76;72;66;48;2;28;26;24m▅▅▅[0m[38;2;65;62;57m▅[38;2;42;40;37m▃[38;2;39;37;34m▃[38;2;60;66;49m▂[38;2;91;111;70;48;2;52;51;44m▄[38;2;66;70;55;48;2;78;75;69m▃[38;2;52;50;44;48;2;79;75;70m▂[38;2;63;60;55;48;2;88;84;78m▃[38;2;91;87;81;48;2;102;97;90m▇[38;2;102;97;90;48;2;153;145;136m▆[38;2;115;109;102;48;2;182;173;162m▃[38;2;119;113;105;48;2;192;181;170m▃[48;2;195;170;161m▃[38;2;118;112;104;48;2;190;176;166m▃[38;2;106;101;94;48;2;157;149;140m▅[38;2;69;65;60;48;2;102;97;90m▄[0m[7m[38;2;56;53;49m▃[0m[38;2;23;22;20m▘     [0m
 [7m[38;2;43;40;37m▊[0m[38;2;53;50;46;48;2;76;71;66m▖[38;2;88;84;78;48;2;92;88;81m▁[38;2;91;86;81m▁    [38;2;91;87;80;48;2;87;83;77m▇[48;2;73;69;64m▆[48;2;72;68;63m▆[38;2;81;77;71;48;2;94;97;80m▘[38;2;101;109;84;48;2;111;136;85m▃[38;2;110;137;84;48;2;85;104;66m▆[38;2;97;119;75;48;2;61;64;50m▄[38;2;69;66;60;48;2;80;81;68m▚[38;2;60;59;52;48;2;88;84;78m▃[48;2;89;85;79m▃▃▃[38;2;60;58;52m▃[38;2;43;42;36;48;2;81;77;71m▁[0m[7m[38;2;64;60;56m▃[38;2;32;30;28m▅[0m [38;2;1;1;1m      [0m
  [7m[38;2;38;36;33m▆[38;2;62;58;54m▆[0m[38;2;51;48;44;48;2;75;71;66m▖[38;2;89;84;78;48;2;92;88;81m▏ [38;2;88;84;77;48;2;91;87;80m▁[38;2;83;78;71;48;2;91;86;80m▂[48;2;92;88;81m    [38;2;92;89;81;48;2;95;96;82m▇[38;2;94;93;82;48;2;105;120;85m▅[38;2;98;103;83;48;2;112;138;86m▃[38;2;114;140;88;48;2;97;111;78m━[38;2;129;134;97;48;2;99;117;77m▗[38;2;182;178;124;48;2;98;120;75m▄[38;2;145;147;105;48;2;99;118;78m▖[38;2;113;139;87;48;2;94;107;75m━[38;2;64;68;53;48;2;92;114;71m▂[0m[38;2;46;56;36m▍[0m [38;2;1;1;1m        [0m
[?25h