[?25l[0m [38;2;0;0;0m                   [0m
 [38;2;0;0;0m                   [0m
 [38;2;0;0;0m                   [0m
 [38;2;0;0;0m                   [0m
 [38;2;0;0;0m                   [0m
  [38;2;113;102;90m▄[38;2;51;46;41m▖   [0m [38;2;121;100;94m▗[38;2;165;131;126m▄[38;2;129;106;99m▄[0m  [38;2;150;122;114m▄[38;2;167;134;127m▄[38;2;93;78;72m▖[0m [38;2;0;0;0m   [0m
 [38;2;134;131;125m▗[38;2;132;127;120;48;2;171;165;158m▘[0m[38;2;78;75;70m▍   [0m [38;2;109;85;82;48;2;52;49;45m▝[38;2;89;83;77;48;2;137;107;102m▆[38;2;90;82;76;48;2;151;117;111m▆[0m[38;2;82;78;72m▅[38;2;84;80;74;48;2;36;33;31m▅[38;2;89;82;76;48;2;158;121;117m▆[38;2;88;82;76;48;2;147;122;114m▆[0m[38;2;67;60;55m▋[0m [38;2;1;1;1m   [0m
[7m[38;2;46;43;39m▍[0m[38;2;67;63;58;48;2;83;79;73m╺[0m[38;2;46;44;40m▌[0m [38;2;0;0;0m   [7m[38;2;45;43;39m▌[0m[38;2;61;57;53;48;2;86;82;76m▁[38;2;66;62;57;48;2;91;86;80m▁[48;2;92;88;81m [38;2;142;160;117;48;2;102;106;86m▆[38;2;187;179;167;48;2;100;97;88m▄[38;2;191;167;158;48;2;98;94;87m▄[38;2;174;181;148;48;2;114;124;94m▄[38;2;90;93;76;48;2;44;41;38m▇[0m[38;2;30;28;26m▍   [0m
[7m[38;2;43;40;37m▌[0m[38;2;64;60;56;48;2;87;83;76m▁[38;2;88;84;77;48;2;62;58;54m▇[0m[38;2;78;74;68m▆[38;2;77;73;67m▆[38;2;76;72;67m▆[38;2;66;62;58m▄[38;2;64;63;54m▄[38;2;99;121;76;48;2;56;55;47m▄[38;2;76;87;61;48;2;69;67;60m▁[38;2;68;64;59;48;2;88;84;78m▖[38;2;100;95;88;48;2;158;150;141m▆[38;2;103;99;91;48;2;191;182;171m▄[38;2;104;99;92;48;2;198;166;158m▄[38;2;90;86;80;48;2;166;157;148m▄[0m[7m[38;2;83;78;73m▃[0m[38;2;32;30;27m▘   [0m
 [7m[38;2;58;55;50m▅[38;2;77;73;68m▖[0m[38;2;86;82;76;48;2;92;88;81m▏[38;2;92;88;81;48;2;91;87;80m┈[38;2;85;80;73m▁[48;2;92;88;81m  [38;2;94;93;82;48;2;108;127;86m▆[38;2;96;97;82;48;2;105;127;82m▂[38;2;101;116;80;48;2;70;70;60m▅[38;2;151;157;107;48;2;72;74;60m▄[38;2;104;119;81;48;2;67;64;58m▅[38;2;56;67;43;48;2;77;84;63m▗[0m[38;2;49;46;42m▘[0m [38;2;0;0;0m    [0m
[?25h