[?25l[0m [38;2;0;0;0m                   [0m
 [38;2;0;0;0m      [38;2;61;53;49m▗[38;2;157;126;120m▅[38;2;163;130;123m▅[38;2;79;66;61m▖[0m [38;2;174;140;132m▗[38;2;165;130;124;48;2;24;22;20m▅[0m[38;2;117;98;91m▅[0m [38;2;14;13;12m    [0m
 [38;2;0;0;0m  [0m [38;2;32;30;27m▁[0m  [7m[38;2;58;54;50m▌[0m[38;2;86;79;74;48;2;138;106;102m▇[38;2;90;83;77;48;2;141;110;105m▇[38;2;56;53;49;48;2;90;85;79m▝[38;2;82;79;72;48;2;28;26;24m▆[38;2;89;83;77;48;2;117;93;89m▇[38;2;90;85;78;48;2;122;99;94m▇[38;2;63;60;55;48;2;104;88;81m▆[0m[38;2;23;21;19m▎    [0m
 [38;2;0;0;0m [0m [7m[38;2;63;59;54m▉[0m[38;2;163;155;146;48;2;103;90;77m▆[0m[38;2;49;46;42m▌[7m[38;2;24;22;20m▋[0m[38;2;89;84;78;48;2;59;56;51m▝[38;2;57;54;50;48;2;90;86;79m▂[38;2;80;76;71m▁[38;2;96;94;84;48;2;140;157;115m▌[38;2;185;183;163;48;2;115;123;97m▅[38;2;195;169;161;48;2;103;98;91m▅[38;2;190;176;161;48;2;111;114;95m▅[38;2;144;161;118;48;2;92;91;80m▋[0m[38;2;53;50;46m▋[0m [38;2;1;1;1m   [0m
 [38;2;0;0;0m [38;2;57;54;50m▗[38;2;152;145;137;48;2;75;71;66m▝[0m[7m[38;2;162;156;150m▄[0m[38;2;41;39;37m▘[7m[38;2;24;22;20m▋[0m[38;2;108;134;83;48;2;62;68;50m▗[38;2;101;126;78;48;2;76;79;64m▂[38;2;60;57;52;48;2;80;77;70m━[38;2;90;86;79;48;2;115;110;102m▇[38;2;96;91;85;48;2;172;163;153m▅[38;2;98;93;87;48;2;191;176;166m▅[38;2;93;89;82;48;2;180;168;158m▅[0m[7m[38;2;83;78;73m▗[0m[38;2;50;47;44m▘[0m [38;2;0;0;0m   [0m
 [38;2;0;0;0m [7m[38;2;52;49;45m▍[0m[38;2;87;82;76;48;2;73;69;64m▇[0m[38;2;72;68;63m▅[38;2;52;49;45m▃[38;2;71;67;62m▅[38;2;72;69;62;48;2;92;90;81m▘[38;2;96;97;82;48;2;110;133;86m▅[38;2;112;138;86;48;2;90;99;75m━[38;2;171;166;119;48;2;88;98;71m▗[38;2;161;157;114;48;2;87;97;70m▖[38;2;99;111;81;48;2;60;60;51m▆[38;2;34;32;29;48;2;77;78;65m▝[0m[38;2;102;95;88m▂[0m [38;2;39;37;34m    [0m
 [38;2;0;0;0m [38;2;35;33;30m▝[38;2;37;35;32;48;2;77;73;68m▖[38;2;74;70;64;48;2;91;87;80m▁[38;2;92;88;81;48;2;87;82;76m▇[48;2;92;88;81m    [38;2;91;87;80;48;2;107;101;88m▇[38;2;64;60;56;48;2;91;87;80m▁[38;2;31;28;26;48;2;85;80;74m▂[38;2;28;26;24;48;2;101;94;86m▂[38;2;27;25;23;48;2;173;161;149m▂[0m[38;2;118;113;106m▘[0m [38;2;1;1;1m   [0m
 [38;2;0;0;0m  [7m[38;2;34;32;29m▌[0m[38;2;128;119;108;48;2;63;59;55m▂[38;2;91;87;81;48;2;92;87;80m┈[38;2;138;127;113;48;2;92;88;81m▂[38;2;128;118;108;48;2;95;90;83m▁[38;2;53;50;46;48;2;86;82;76m▁[0m[7m[38;2;78;75;69m▂[38;2;54;51;47m▄[38;2;34;32;28m▆[0m   [38;2;0;0;0m     [0m
 [38;2;0;0;0m [0m [38;2;44;42;39;48;2;142;135;128m▌[38;2;91;86;80;48;2;189;180;169m▁[38;2;158;150;142;48;2;106;100;93m▚[38;2;78;74;69;48;2;177;166;154m▁[0m[7m[38;2;115;104;92m▄[38;2;36;34;31m▇[0m[38;2;5;5;4m           [0m
 [38;2;0;0;0m  [0m [7m[38;2;25;24;21m▆▆[38;2;27;25;23m▇[0m[38;2;2;2;1m             [0m
[?25h