[?25l[0m [38;2;0;0;0m                                           [0m
 [38;2;0;0;0m                                           [0m
 [38;2;0;0;0m               [0m  [38;2;45;40;37m▃[38;2;49;43;40m▃▃[38;2;40;36;33m▃[0m  [38;2;0;0;0m  [0m  [38;2;47;42;38m▃[38;2;50;43;40m▃[38;2;50;44;40m▃[38;2;45;40;36m▂[0m  [38;2;1;1;1m          [0m
 [38;2;0;0;0m              [0m [38;2;36;33;30m▗[38;2;111;92;86;48;2;62;52;49m▅[38;2;184;149;142;48;2;128;106;100m▅[38;2;181;142;137;48;2;128;101;97m▆[38;2;184;146;139;48;2;128;102;97m▆[38;2;178;145;136;48;2;119;99;92m▅[38;2;28;25;23;48;2;83;70;65m▝[0m[38;2;28;26;23m▖[0m  [38;2;39;36;33m▗[38;2;127;105;98;48;2;73;61;57m▅[38;2;188;153;143;48;2;125;103;96m▆[38;2;182;141;136;48;2;129;101;97m▆[38;2;187;150;142;48;2;129;104;98m▆[38;2;178;148;137;48;2;118;98;91m▅[0m[38;2;77;66;61m▅[38;2;25;23;21m▖          [0m
 [38;2;0;0;0m              [0m [7m[38;2;36;34;30m▌[0m[38;2;143;110;106;48;2;81;65;62m▝[38;2;106;83;80;48;2;172;132;127m▃[38;2;146;113;109;48;2;98;82;78m▘[38;2;171;131;125;48;2;115;93;88m▝[38;2;112;89;84;48;2;179;137;131m▃[38;2;114;92;87;48;2;68;62;57m▌[38;2;57;54;49;48;2;26;24;22m▃[0m[38;2;33;31;28m▃[38;2;37;35;32m▃[38;2;64;60;56;48;2;34;32;29m▄[38;2;156;120;116;48;2;103;84;80m▝[38;2;110;88;84;48;2;178;136;132m▃[38;2;143;111;106;48;2;97;82;77m▘[38;2;175;145;135;48;2;118;101;94m▝[38;2;104;88;81;48;2;173;143;133m▃[38;2;96;81;75;48;2;44;40;37m▌[0m[38;2;25;23;21m▌          [0m
 [38;2;0;0;0m       [0m    [38;2;0;0;0m  [0m  [7m[38;2;39;37;33m▌[0m[38;2;74;70;65;48;2;55;52;48m▗[38;2;86;82;76;48;2;64;61;56m▅[38;2;82;77;72;48;2;91;86;80m▘[38;2;78;73;68;48;2;90;85;79m▝[38;2;89;84;78;48;2;69;65;60m▅[38;2;90;86;80;48;2;86;81;76m▇[38;2;74;70;65;48;2;88;84;78m▝[38;2;88;83;77;48;2;62;58;54m▅[38;2;88;84;78;48;2;64;60;56m▅[38;2;81;76;71;48;2;91;86;80m▘[38;2;79;75;69;48;2;90;86;79m▝[38;2;89;84;78;48;2;68;65;60m▅[38;2;90;85;79;48;2;85;80;75m▇[38;2;76;71;66;48;2;89;85;78m▝[38;2;80;76;71;48;2;59;55;51m▅[38;2;53;49;45;48;2;37;35;32m▊[0m[38;2;25;23;21m▌          [0m
 [38;2;0;0;0m      [0m [38;2;40;36;31m▗[38;2;94;83;71;48;2;24;23;20m▄[0m[38;2;91;80;68m▄[38;2;39;36;32m▁[0m [38;2;7;7;6m [0m [38;2;51;48;44;48;2;32;30;28m▗[38;2;77;72;67;48;2;59;55;51m▆[38;2;91;87;81;48;2;82;78;72m▆[48;2;92;88;81m    [38;2;92;88;81;48;2;96;95;83m▉[38;2;118;135;96;48;2;95;93;83m▃[38;2;125;146;100;48;2;95;94;83m▃[38;2;100;102;85;48;2;94;91;82m▏[48;2;92;88;81m   [38;2;92;88;81;48;2;95;93;83m▉[38;2;116;131;95;48;2;94;92;82m▃[38;2;124;147;98;48;2;88;87;76m▃[38;2;91;99;75;48;2;57;54;49m▖[0m[38;2;45;43;39m▃[0m  [38;2;0;0;0m        [0m
 [38;2;0;0;0m      [0m [38;2;37;35;32;48;2;94;88;81m▋[38;2;189;183;174;48;2;149;138;126m▗[38;2;186;179;171;48;2;145;134;122m▖[38;2;86;80;74;48;2;36;33;30m▍[0m [38;2;17;16;14m [0m [38;2;31;29;26;48;2;49;46;42m▍[38;2;70;66;61;48;2;85;80;74m▌[38;2;87;82;77;48;2;92;88;81m▁▁▁[38;2;90;85;79m▁ [38;2;92;88;81;48;2;101;106;86m▊[38;2;119;138;96;48;2;139;170;108m▌[38;2;142;166;114;48;2;157;184;125m▝[38;2;178;173;157;48;2;117;118;101m▅[38;2;181;172;161;48;2;111;106;98m▅[38;2;181;171;161m▅[38;2;181;170;160m▅[38;2;180;171;160;48;2;112;108;99m▅[38;2;166;179;139;48;2;136;158;110m▅[38;2;147;182;113;48;2;130;156;102m▋[38;2;111;124;91;48;2;89;85;78m▌[38;2;75;71;66;48;2;57;54;50m▌[0m[38;2;38;36;32m▌[0m [38;2;10;9;8m        [0m
 [38;2;0;0;0m    [0m  [38;2;67;63;60m▗[38;2;138;131;124;48;2;65;62;58m▃[38;2;167;160;152;48;2;200;192;183m▌[38;2;194;186;177;48;2;151;145;138m▌[38;2;94;90;84;48;2;36;33;30m▍[0m [38;2;17;16;15m [0m [38;2;31;29;26;48;2;45;42;38m▍[38;2;49;46;42;48;2;66;62;58m▆[38;2;53;49;45;48;2;73;69;64m▅[38;2;52;48;44;48;2;70;66;61m━[38;2;52;49;45;48;2;71;67;62m━[38;2;65;61;57;48;2;81;76;71m╸[38;2;89;84;78;48;2;92;88;81m▏[38;2;92;88;81;48;2;107;103;94m▊[38;2;133;130;116;48;2;159;158;140m▌[38;2;171;162;152;48;2;187;185;164m▂[38;2;192;185;171;48;2;198;188;177m▏[48;2;199;189;178m [38;2;208;148;144;48;2;203;173;165m╺[38;2;212;123;125;48;2;207;153;148m━[38;2;205;166;159;48;2;200;182;172m▎[38;2;180;171;161;48;2;191;187;169m▂[38;2;173;172;152;48;2;151;149;132m▌[38;2;121;118;107;48;2;90;86;79m▌[38;2;76;72;66;48;2;58;55;51m▌[0m[38;2;38;36;33m▌[0m [38;2;10;9;8m        [0m
 [38;2;0;0;0m   [0m [38;2;32;29;27m▃[38;2;62;58;54;48;2;28;26;24m▄[38;2;74;70;65;48;2;119;113;106m▍[38;2;120;114;107;48;2;184;175;166m▃[38;2;107;103;97;48;2;193;186;178m▃[38;2;65;63;60;48;2;150;146;140m▃[0m[38;2;73;70;66m▘[0m [38;2;15;15;13m [0m [38;2;37;35;31;48;2;54;57;44m▊[38;2;85;103;66;48;2;53;54;43m▄[38;2;92;110;72;48;2;67;68;57m▄[38;2;59;60;49;48;2;80;77;70m▂[38;2;57;53;49;48;2;84;79;74m▃[48;2;85;80;75m▃[38;2;65;61;56;48;2;87;83;77m▃[38;2;84;80;74;48;2;92;87;81m▖[38;2;93;89;82;48;2;115;109;102m▇[38;2;151;144;135;48;2;108;103;96m▝[38;2;117;111;104;48;2;179;170;160m▃[38;2;120;113;106;48;2;185;176;166m▃[48;2;186;175;164m▃[48;2;186;173;163m▃[38;2;119;113;106;48;2;185;174;164m▃[38;2;107;102;95;48;2;150;143;134m▃[38;2;89;84;79;48;2;114;108;101m▆[38;2;60;57;52;48;2;87;82;76m▃[0m[7m[38;2;54;51;47m▗[0m[38;2;35;32;29m▘[0m [38;2;6;5;5m        [0m
 [38;2;0;0;0m   [0m [38;2;30;28;26;48;2;48;44;41m▌[38;2;65;61;57;48;2;81;76;71m▍[38;2;77;73;68;48;2;88;84;78m▗[38;2;41;38;35;48;2;70;66;61m▗[0m[7m[38;2;47;45;41m▅[0m  [38;2;3;3;2m  [0m [38;2;33;31;28;48;2;55;59;45m▌[38;2;84;101;65;48;2;104;129;80m▌[38;2;102;127;78;48;2;113;140;87m▝[38;2;108;135;83;48;2;79;95;61m▅[38;2;91;112;70;48;2;63;70;50m▖[38;2;76;80;64;48;2;59;56;52m▃[38;2;83;79;73;48;2;67;64;59m▆[38;2;81;77;71;48;2;90;85;79m▂[48;2;92;88;81m▂▂▂▂▂▂[38;2;80;76;70;48;2;91;87;81m▂[38;2;53;50;46;48;2;78;74;68m▁[38;2;24;23;21;48;2;56;53;49m▗[0m[7m[38;2;35;33;31m▅[0m [38;2;14;13;12m          [0m
 [38;2;0;0;0m   [0m [38;2;30;28;26;48;2;48;44;41m▌[38;2;65;61;57;48;2;81;76;71m▍[38;2;77;73;68;48;2;88;84;78m▝[38;2;41;38;35;48;2;70;66;61m▝[0m[38;2;47;45;41m▃[0m    [38;2;41;38;35m▃[38;2;35;33;30;48;2;64;61;56m▘[38;2;74;75;63;48;2;87;85;76m▘[38;2;107;125;86;48;2;97;101;83m▝[38;2;103;114;84;48;2;113;139;87m▃[38;2;113;140;87;48;2;101;126;77m▇[38;2;82;97;65;48;2;104;129;79m▝[38;2;99;122;75;48;2;65;69;54m▃[38;2;98;122;75;48;2;63;65;53m▃▃▃▃▃▃[38;2;93;114;71;48;2;62;64;52m▃[38;2;68;79;54;48;2;54;52;46m▖[0m[38;2;40;37;34m▎[0m  [38;2;0;0;0m           [0m
 [38;2;0;0;0m   [0m [38;2;30;28;26;48;2;48;44;41m▌[38;2;65;61;57;48;2;81;76;71m▍[38;2;91;86;80;48;2;92;88;81m▏[38;2;92;87;81;48;2;88;84;78m▉[38;2;68;64;59;48;2;86;82;76m▝[38;2;34;32;30;48;2;67;63;59m▝[0m[38;2;49;46;42m▄[38;2;47;44;40m▄[38;2;69;65;61;48;2;36;34;31m▄[38;2;87;82;76;48;2;65;62;57m▅[38;2;86;82;76;48;2;91;86;80m▏[48;2;92;88;81m  [38;2;96;99;83m▝[38;2;94;93;82;48;2;106;122;85m▄[38;2;95;95;82;48;2;111;133;87m▄▄[38;2;101;100;85;48;2;112;134;87m▄[38;2;196;183;133;48;2;145;152;104m▗[38;2;190;179;129;48;2;138;155;100m▅[38;2;95;95;82;48;2;122;134;93m▗[48;2;111;133;87m▄▄[38;2;94;94;81;48;2;105;126;83m▄[38;2;64;63;54;48;2;88;89;75m▝[38;2;76;71;66;48;2;36;34;32m▄[0m[38;2;73;68;61m▃[38;2;73;69;64m▃[0m   [38;2;0;0;0m        [0m
 [38;2;0;0;0m   [0m [38;2;48;44;41;48;2;26;24;22m▝[38;2;52;49;45;48;2;74;70;65m▃[38;2;76;72;67;48;2;90;86;79m▂[38;2;92;88;81;48;2;91;87;80m┊[48;2;92;88;81m [38;2;91;87;80;48;2;85;80;75m▇[38;2;91;86;80;48;2;75;71;66m▆[38;2;90;86;80;48;2;74;70;65m▆[38;2;91;87;80;48;2;84;79;73m▆[48;2;92;88;81m        [38;2;92;88;81;48;2;93;89;82m┈[38;2;98;93;84;48;2;149;138;108m▆[38;2;94;89;82;48;2;151;140;109m▅[38;2;95;90;82;48;2;107;100;88m▇[48;2;92;88;81m   [38;2;92;88;81;48;2;105;98;90m▉[38;2;165;150;135;48;2;131;120;109m▗[38;2;189;174;158;48;2;145;133;121m▆[38;2;202;192;180;48;2;153;145;136m▆[38;2;142;135;128;48;2;84;80;75m▋[0m[38;2;38;36;33m▖[0m [38;2;8;7;7m        [0m
 [38;2;0;0;0m   [0m  [7m[38;2;34;31;28m▌[0m[38;2;52;49;44;48;2;70;66;61m▌[38;2;83;78;73;48;2;91;87;80m▍[38;2;90;85;79;48;2;92;88;81m▁[38;2;91;86;80m▁            ▁[38;2;90;85;79m▁[38;2;91;87;80;48;2;87;83;77m▉[38;2;64;60;55;48;2;85;80;75m▗[38;2;52;49;45;48;2;84;80;74m▃▃[38;2;53;49;45;48;2;86;81;75m▃[38;2;66;61;55;48;2;134;123;111m▃[38;2;78;72;66;48;2;173;159;145m▃[38;2;79;75;69;48;2;183;173;163m▃[0m[7m[38;2;113;108;101m▃[38;2;26;24;22m▄[0m [38;2;5;5;4m        [0m
 [38;2;0;0;0m    [0m  [7m[38;2;39;37;34m▅[0m[38;2;36;34;31;48;2;60;56;52m▖[38;2;49;46;42;48;2;76;72;67m▅[38;2;58;55;51;48;2;79;74;69m▖[38;2;88;83;77;48;2;92;88;81m▎         [38;2;89;85;79m▁[38;2;79;75;69;48;2;91;86;80m▂[38;2;46;43;40;48;2;74;70;65m▁[38;2;27;25;23;48;2;63;59;54m▂[38;2;29;27;24;48;2;63;60;55m▃[0m[7m[38;2;43;40;37m▅[38;2;25;24;22m▅▅▅▅▅[38;2;24;23;21m▅[0m [38;2;11;11;10m          [0m
 [38;2;0;0;0m      [0m [38;2;33;31;28;48;2;48;45;40m▍[38;2;70;66;61;48;2;48;45;41m▄[38;2;61;57;53;48;2;82;77;72m▘[38;2;88;84;78;48;2;92;88;81m▎      [38;2;91;87;80;48;2;88;84;78m▉[38;2;68;65;60;48;2;87;83;77m▂[38;2;61;58;53;48;2;88;84;77m▃[38;2;43;41;37;48;2;75;71;66m▁[0m[7m[38;2;57;54;50m▄[0m[38;2;33;31;28m▘[0m   [38;2;0;0;0m                 [0m
 [38;2;0;0;0m     [0m  [38;2;114;108;101;48;2;53;50;45m▂[38;2;166;154;141;48;2;116;108;98m▄[38;2;169;157;144;48;2;123;115;105m▄[38;2;133;126;118;48;2;96;90;84m▂[38;2;98;92;85;48;2;88;83;76m▁[38;2;157;143;127;48;2;115;106;95m▗[38;2;176;160;142;48;2;123;114;102m▅[38;2;176;160;143;48;2;125;115;105m▅[38;2;151;138;124;48;2;113;105;96m▖[38;2;66;62;57;48;2;84;80;74m▁[38;2;35;33;30;48;2;67;64;59m▂[0m[7m[38;2;44;41;38m▄[38;2;33;31;28m▅[38;2;27;25;23m▅[0m [38;2;2;2;2m                     [0m
 [38;2;0;0;0m    [0m [7m[38;2;29;27;24m▌[0m[38;2;58;54;50;48;2;129;123;116m▍[38;2;202;192;182;48;2;162;155;146m▆[38;2;214;204;193;48;2;196;185;174m▆[38;2;188;180;170;48;2;205;195;183m▗[38;2;149;142;134;48;2;182;173;164m▂[38;2;92;86;80;48;2;152;145;137m▝[38;2;134;126;117;48;2;185;176;165m▘[38;2;205;194;182;48;2;191;178;164m▋[38;2;123;109;93;48;2;171;155;138m▗[38;2;53;47;40;48;2;109;97;84m▗[0m[7m[38;2;44;41;38m▄[0m  [38;2;1;1;1m                        [0m
 [38;2;0;0;0m    [0m [38;2;26;24;22m▝[7m[38;2;94;89;84m▄[0m[38;2;59;56;52;48;2;171;163;154m▃[38;2;66;62;58;48;2;183;174;165m▃[38;2;59;56;52;48;2;150;142;134m▃[38;2;55;52;48;48;2;98;93;87m▄[38;2;62;59;54;48;2;162;155;146m▃[38;2;66;62;58;48;2;183;174;165m▃[38;2;53;50;46;48;2;159;151;143m▃[0m[7m[38;2;72;68;63m▄[0m  [38;2;0;0;0m                          [0m
 [38;2;0;0;0m      [0m         [38;2;1;1;1m                            [0m
 [38;2;0;0;0m                                           [0m
[?25h