[?25l[0m [38;2;0;0;0m                                           [0m
 [38;2;0;0;0m                                           [0m
 [38;2;0;0;0m                                           [0m
 [38;2;0;0;0m                                           [0m
 [38;2;0;0;0m                                           [0m
 [38;2;0;0;0m                                           [0m
 [38;2;0;0;0m                                           [0m
 [38;2;0;0;0m                                           [0m
 [38;2;0;0;0m                                           [0m
 [38;2;0;0;0m                                           [0m
 [38;2;0;0;0m  [0m  [38;2;76;67;58m▃[38;2;54;48;42m▖[0m  [38;2;0;0;0m        [0m  [38;2;79;67;62m▃[38;2;105;86;81;48;2;23;22;20m▃[38;2;106;85;81m▃[38;2;102;85;79;48;2;23;21;19m▃[0m[38;2;59;50;46m▖[0m  [38;2;0;0;0m [0m  [38;2;87;73;68m▃[38;2;107;87;82;48;2;23;22;20m▃[38;2;107;85;81m▃[0m[38;2;103;86;80m▃[38;2;55;47;43m▖[0m  [38;2;0;0;0m        [0m
 [38;2;0;0;0m [0m [7m[38;2;25;23;21m▌[0m[38;2;45;42;38;48;2;105;96;86m▌[38;2;171;160;148;48;2;135;119;101m▅[38;2;87;77;67;48;2;133;123;111m▝[38;2;45;42;38;48;2;25;24;21m▍[0m [38;2;10;10;9m        [0m [38;2;35;33;30;48;2;92;76;71m▌[38;2;133;108;102;48;2;170;137;131m▎[38;2;163;125;121;48;2;181;144;138m▁[38;2;140;109;104;48;2;181;141;136m▂[38;2;193;154;145;48;2;166;136;127m▆[38;2;149;121;113;48;2;99;81;76m▋[38;2;41;38;34;48;2;23;21;19m▌[0m [38;2;10;9;8m [7m[38;2;23;21;19m▌[0m[38;2;42;38;35;48;2;108;88;83m▌[38;2;148;119;112;48;2;183;148;139m▎[38;2;166;129;124;48;2;187;148;141m▗[38;2;143;114;108;48;2;182;142;136m▂[38;2;195;161;150;48;2;168;138;129m▆[38;2;144;120;111;48;2;87;74;68m▋[0m[38;2;35;33;30m▌[0m [38;2;9;8;7m        [0m
   [38;2;58;56;54m▁[38;2;61;58;54;48;2;124;120;114m▌[38;2;163;157;149;48;2;188;181;172m▍[38;2;157;151;143;48;2;107;103;97m▋[38;2;50;47;43;48;2;28;26;23m▍[0m [38;2;11;11;10m        [0m [38;2;89;70;67;48;2;44;40;37m▝[38;2;71;60;56;48;2;148;112;109m▄[38;2;84;75;70;48;2;136;105;101m▄[38;2;119;94;89;48;2;85;77;72m▝[38;2;84;72;67;48;2;166;127;121m▄[38;2;151;116;111;48;2;95;82;76m▘[38;2;40;37;34;48;2;72;68;63m▝[0m[38;2;51;48;44m▄[38;2;46;43;39m▄[38;2;65;61;56;48;2;31;29;27m▄[38;2;59;55;50;48;2;94;83;78m▘[38;2;83;72;67;48;2;159;121;118m▄[38;2;152;116;113;48;2;96;82;77m▘[38;2;124;105;98;48;2;86;78;73m▝[38;2;81;72;66;48;2;164;137;127m▄[38;2;139;116;108;48;2;72;63;57m▘[0m[38;2;38;36;33m▌[0m [38;2;10;9;8m        [0m
 [38;2;29;27;25m▂[38;2;54;52;48m▄[38;2;84;82;78;48;2;127;123;118m▘[38;2;191;186;179;48;2;164;160;153m┻[38;2;144;140;135;48;2;192;186;179m▂[38;2;93;90;87;48;2;140;135;129m▃[0m[38;2;47;44;40m▘[0m [38;2;10;10;9m      [0m  [38;2;38;36;33m▃[38;2;71;67;62;48;2;48;45;42m▃[38;2;85;81;75;48;2;70;66;61m▅[38;2;91;87;80;48;2;83;78;73m▆[38;2;91;87;81;48;2;88;84;78m▇[38;2;91;87;80;48;2;78;74;68m▆[48;2;85;80;75m▆[48;2;87;82;77m▇[38;2;91;86;80;48;2;76;72;67m▆[38;2;90;86;80;48;2;74;70;65m▆[38;2;91;87;80;48;2;81;77;72m▆[38;2;92;87;81;48;2;89;84;78m▇[38;2;91;87;80;48;2;78;74;69m▆[48;2;84;79;74m▆[48;2;88;83;77m▇[38;2;89;85;78;48;2;75;71;66m▆[38;2;72;68;63;48;2;56;53;49m▌[0m[38;2;38;36;33m▌[0m [38;2;10;9;8m        [0m
 [38;2;35;33;30;48;2;54;51;47m▍[38;2;74;70;65;48;2;87;83;77m▌[48;2;90;86;80m▗[38;2;40;38;34;48;2;74;70;65m▁[0m[7m[38;2;60;57;53m▄[38;2;49;48;46m▇[0m  [38;2;0;0;0m      [0m [7m[38;2;35;33;30m▌[0m[38;2;51;48;44;48;2;70;66;61m▍[38;2;83;79;73;48;2;91;86;80m▎[38;2;92;88;81m▇[48;2;92;88;81m    [38;2;121;140;98;48;2;97;97;84m▗[38;2;140;171;109;48;2;103;107;87m▄[38;2;125;146;101;48;2;99;101;86m▖[38;2;106;100;94;48;2;92;88;81m▁▁▁▁[38;2;119;136;97;48;2;97;96;84m▗[38;2;140;170;109;48;2;101;106;86m▄[38;2;113;129;92;48;2;77;79;66m▄[38;2;30;28;26;48;2;63;59;54m▝[0m[38;2;36;34;31m▄[0m [38;2;15;14;13m       [0m
 [38;2;36;34;30;48;2;55;52;48m▍[38;2;75;71;66;48;2;88;84;78m▌[38;2;84;80;74;48;2;72;68;63m▌[38;2;57;54;49;48;2;40;37;34m▍[0m[38;2;27;26;24m▂[0m        [38;2;9;8;7m [0m [7m[38;2;36;34;30m▌[0m[38;2;51;48;44;48;2;68;65;60m▍[38;2;76;71;66;48;2;89;84;78m▂[38;2;78;74;68;48;2;91;87;80m▂▂[38;2;80;76;70m▂[38;2;89;85;79;48;2;92;88;81m▁ [38;2;100;102;86;48;2;125;142;101m▌[38;2;165;178;139;48;2;147;179;114m▂[38;2;184;185;161;48;2;151;160;128m▅[38;2;195;186;175;48;2;150;142;134m▅[38;2;196;184;173m▅[38;2;193;172;163;48;2;141;134;126m▆[38;2;197;179;169;48;2;150;142;134m▅[38;2;187;185;165;48;2;151;155;130m▅[38;2;170;182;144;48;2;151;181;119m▂[38;2;131;153;105;48;2;108;116;91m▌[38;2;87;83;77;48;2;73;69;64m▌[38;2;52;49;45;48;2;34;31;28m▋[0m [38;2;19;18;17m       [0m
 [38;2;36;34;30;48;2;55;52;48m▍[38;2;75;71;66;48;2;88;84;78m▌[38;2;92;88;81;48;2;88;83;77m▇[38;2;88;83;77;48;2;73;69;65m▇[38;2;74;70;65;48;2;44;41;38m▆[0m[38;2;53;50;46m▄[38;2;44;41;38m▄[38;2;65;62;57;48;2;30;29;26m▆[38;2;75;71;66;48;2;39;36;33m▅▅▅[38;2;70;66;61;48;2;34;32;29m▆[0m[38;2;56;53;49m▄[38;2;27;25;23m▃[0m [38;2;34;32;29m▝[7m[38;2;44;41;37m▃[0m[38;2;41;38;35;48;2;53;50;46m▖[38;2;74;70;65;48;2;57;54;50m▃[38;2;83;78;73;48;2;59;56;51m▃[38;2;85;80;74;48;2;66;62;58m▃[38;2;83;78;73;48;2;90;86;80m▘[48;2;92;88;81m [38;2;145;140;128;48;2;107;102;95m▝[38;2;134;127;119;48;2;179;173;159m▃[38;2;174;165;155;48;2;195;186;174m▖[48;2;199;189;178m [38;2;203;173;165;48;2;200;186;176m▝[38;2;212;122;124;48;2;205;162;155m▝[38;2;209;144;141;48;2;203;174;165m▘[38;2;183;174;164;48;2;194;184;173m▁[38;2;140;133;125;48;2;184;177;163m▃[38;2;155;151;137;48;2;115;110;102m▘[38;2;87;83;77;48;2;73;69;64m▌[38;2;52;49;45;48;2;34;31;28m▋[0m [38;2;19;18;17m       [0m
 [38;2;34;32;29;48;2;52;49;45m▍[38;2;67;64;59;48;2;81;77;71m▁[38;2;86;82;76;48;2;92;87;81m▁[48;2;92;88;81m [38;2;92;88;81;48;2;91;86;80m▉[38;2;75;70;65;48;2;89;84;78m▝[38;2;89;85;78;48;2;71;67;62m▅[38;2;88;84;77;48;2;91;87;80m▏[48;2;92;88;81m   [38;2;92;88;81;48;2;91;87;80m▉[38;2;76;72;67;48;2;89;85;78m▝[38;2;47;45;41;48;2;77;73;67m▝[0m[38;2;53;50;46m▅[38;2;46;43;40m▅[38;2;71;82;56;48;2;31;36;25m▅[38;2;103;128;78;48;2;69;79;55m▅[38;2;83;95;67;48;2;73;75;61m▋[38;2;59;60;49;48;2;83;78;73m▅[38;2;51;49;44;48;2;79;75;69m▄[38;2;59;56;51;48;2;83;79;73m▅[38;2;73;69;64;48;2;86;81;76m▖[38;2;91;87;81;48;2;92;88;81m▏[38;2;95;90;84;48;2;108;103;96m▉[38;2;99;94;87;48;2;150;142;134m▄[38;2;101;97;90;48;2;170;162;152m▄▄▄▄[38;2;99;94;87;48;2;156;148;139m▄[38;2;119;113;105;48;2;89;85;79m▘[38;2;80;75;70;48;2;73;69;64m╴[38;2;30;28;25;48;2;64;60;56m▄[0m[7m[38;2;34;31;29m▅[0m [38;2;12;11;10m       [0m
  [38;2;31;29;26;48;2;48;45;41m▌[38;2;66;62;57;48;2;80;75;70m▌[38;2;87;83;77;48;2;92;88;81m▏         [38;2;92;87;81;48;2;89;84;78m▇[38;2;91;87;80;48;2;80;75;70m▆[48;2;78;74;68m▆[38;2;92;93;79;48;2;100;112;82m▌[38;2;104;119;85;48;2;113;139;86m▃[38;2;113;141;87;48;2;101;126;77m▆[38;2;75;90;59;48;2;101;125;77m▝[38;2;91;109;71;48;2;61;62;51m▃[38;2;74;70;65;48;2;81;82;69m▚[38;2;66;62;57;48;2;86;81;76m▂[38;2;70;66;61;48;2;90;86;80m▃▃▃▃▃▃▃[38;2;50;47;43;48;2;78;74;68m▁[0m[7m[38;2;58;55;50m▃[0m[38;2;38;35;32m▘[0m  [38;2;0;0;0m        [0m
  [7m[38;2;29;27;24m▅[38;2;59;56;52m▄[0m[38;2;38;35;32;48;2;72;68;62m▁[38;2;55;52;48;48;2;85;81;75m▄[38;2;71;67;62;48;2;87;83;77m▖[38;2;92;87;81;48;2;92;88;81m▏  ▁[38;2;94;89;82m▁[38;2;111;105;96m▁[38;2;106;99;92m▁   [38;2;92;88;81;48;2;93;90;82m▇[38;2;97;101;83;48;2;92;89;81m▝[38;2;95;96;82;48;2;107;125;86m▄[38;2;102;113;84;48;2;112;136;87m▖[38;2;112;140;85;48;2;105;130;80m▇[38;2;106;132;81;48;2;73;86;58m▅[38;2;104;129;80;48;2;61;67;50m▅[38;2;106;130;81m▅[38;2;110;133;82m▅[38;2;106;131;81m▅[38;2;104;129;80m▅[38;2;104;129;79m▅[38;2;102;127;78;48;2;61;66;49m▅[38;2;58;68;45;48;2;35;38;28m▉[0m[7m[38;2;29;28;25m▄[0m  [38;2;0;0;0m          [0m
 [38;2;0;0;0m  [0m [7m[38;2;25;23;21m▅[0m[38;2;36;34;31;48;2;59;55;51m▊[38;2;120;114;107;48;2;77;72;67m▃[38;2;156;148;140;48;2;94;90;83m▃[38;2;153;145;137m▃[38;2;123;116;109;48;2;95;91;84m▂[38;2;83;78;71;48;2;89;84;78m▗[38;2;85;80;73;48;2;122;113;104m▋[38;2;195;182;168;48;2;154;143;130m▗[38;2;182;171;159;48;2;138;128;117m▃[38;2;146;139;131;48;2;96;91;84m▃[38;2;108;102;96;48;2;95;90;84m▁[38;2;85;81;75;48;2;91;87;81m▂[38;2;119;113;106;48;2;93;89;82m▗[38;2;152;145;136;48;2;94;90;83m▃[38;2;156;148;140m▃[38;2;137;130;122;48;2;100;101;87m▂[38;2;100;98;87;48;2;107;124;85m▆[38;2;156;148;140;48;2;106;112;90m▂[38;2;167;160;151;48;2;108;114;91m▂[38;2;179;168;150;48;2;138;140;103m▃[38;2;214;199;156;48;2;178;177;122m▅[38;2;162;156;118;48;2;112;113;89m▋[38;2;81;76;71;48;2;103;115;84m▄[38;2;74;70;65;48;2;100;112;82m▄[38;2;38;36;33;48;2;79;90;63m▃[0m[38;2;54;65;42m▘[0m [38;2;5;6;4m            [0m
 [38;2;0;0;0m   [0m [38;2;57;53;50m▝[38;2;58;55;52;48;2;140;133;126m▃[38;2;76;71;66;48;2;182;173;164m▂[38;2;75;71;66;48;2;178;170;160m▂[38;2;73;69;64;48;2;131;125;117m▃[38;2;37;34;31;48;2;70;66;61m▗[0m[7m[38;2;96;90;84m▅[0m[38;2;78;74;69;48;2;172;163;154m▃[38;2;76;72;67;48;2;185;176;166m▂[38;2;72;68;63;48;2;167;159;150m▂[38;2;130;124;117;48;2;76;72;66m▘[38;2;34;32;29;48;2;73;68;63m▄[0m[7m[38;2;112;106;99m▃[0m[38;2;71;67;62;48;2;175;167;158m▂[38;2;76;72;67;48;2;182;174;165m▂[38;2;81;76;71;48;2;151;144;136m▃[38;2;56;52;48;48;2;102;97;91m▃[0m[7m[38;2;162;155;146m▃[0m[38;2;73;69;65;48;2;183;175;165m▃[38;2;76;72;67;48;2;184;175;165m▂[38;2;91;86;81;48;2;190;181;168m▃[0m[7m[38;2;102;97;90m▂[38;2;46;43;39m▄[38;2;40;37;34m▄[0m  [38;2;0;0;0m             [0m
[?25h