[?25l[0m [38;2;0;0;0m                                           [0m
 [38;2;0;0;0m                                           [0m
 [38;2;0;0;0m                                           [0m
 [38;2;0;0;0m                                           [0m
 [38;2;0;0;0m                                           [0m
 [38;2;0;0;0m                                           [0m
 [38;2;0;0;0m                [0m [38;2;23;22;20m▃[38;2;25;24;21m▃▃[0m  [38;2;6;5;5m    [0m [38;2;24;22;20m▃[38;2;25;24;21m▃▃[0m  [38;2;4;4;3m           [0m
 [38;2;0;0;0m  [0m  [38;2;51;46;41m▂[38;2;42;37;32m▁[0m  [38;2;0;0;0m      [0m [38;2;30;28;26m▗[38;2;102;86;80m▄[38;2;167;138;131;48;2;73;62;58m▅[38;2;178;140;135;48;2;80;66;62m▅[38;2;178;141;135;48;2;80;67;62m▅[38;2;159;131;122;48;2;66;57;52m▅[0m[38;2;77;66;61m▄[38;2;24;22;20m▖[0m  [38;2;26;24;22m▄[38;2;118;98;91;48;2;45;39;36m▄[38;2;177;145;136;48;2;77;66;61m▅[38;2;179;139;134;48;2;81;66;62m▅[38;2;181;144;136;48;2;81;67;63m▅[38;2;159;132;123;48;2;64;55;51m▅[0m[38;2;70;60;55m▄[0m [38;2;21;20;18m          [0m
 [38;2;0;0;0m [0m [38;2;27;25;23m▗[38;2;113;104;94;48;2;50;45;40m▗[38;2;162;148;132;48;2;110;97;83m▅[38;2;115;104;92;48;2;61;54;46m▇[0m[38;2;46;43;39m▖[0m [38;2;10;10;9m      [0m [7m[38;2;36;34;30m▌[0m[38;2;72;60;56;48;2;130;101;97m▍[38;2;146;111;108;48;2;184;143;138m▃[38;2;109;87;83;48;2;165;128;124m▅[38;2;109;88;83;48;2;163;127;121m▖[38;2;145;112;106;48;2;184;143;136m▂[38;2;122;97;92;48;2;61;55;50m▌[0m[38;2;45;42;39m▖[0m [38;2;26;24;22m▂[38;2;56;53;49;48;2;33;31;28m▗[38;2;95;78;73;48;2;144;113;108m▍[38;2;151;116;112;48;2;191;149;143m▃[38;2;106;86;82;48;2;164;127;122m▅[38;2;116;99;91;48;2;167;137;128m▖[38;2;138;115;107;48;2;179;149;138m▂[38;2;108;91;84;48;2;44;41;37m▌[0m[38;2;25;23;21m▌          [0m
 [38;2;0;0;0m [0m [7m[38;2;27;25;23m▌[0m[38;2;51;48;44;48;2;121;116;110m▌[38;2;162;156;148;48;2;189;182;173m▍[38;2;158;152;144;48;2;108;104;98m▋[38;2;50;47;44;48;2;28;26;23m▍[0m [38;2;11;11;10m      [0m [7m[38;2;36;34;30m▌[0m[38;2;67;63;58;48;2;55;50;46m▗[38;2;87;82;77;48;2;75;67;62m▂[38;2;84;77;72;48;2;89;84;78m▘[38;2;84;74;69;48;2;88;83;77m▝[38;2;87;82;77;48;2;80;71;66m▃[38;2;87;80;74;48;2;89;85;79m▘[38;2;83;78;73;48;2;62;59;54m▆[38;2;74;70;65;48;2;38;36;33m▆[38;2;76;72;66;48;2;43;40;37m▆[38;2;72;67;63;48;2;88;83;77m▘[38;2;84;75;70m▝[38;2;87;82;77;48;2;79;70;65m▃[38;2;86;78;73;48;2;90;85;79m▘[38;2;77;72;67;48;2;87;81;75m╺[38;2;69;65;60;48;2;104;87;81m▇[38;2;53;49;45;48;2;37;35;32m▊[0m[38;2;25;23;21m▌          [0m
  [38;2;43;40;37m▄[38;2;127;123;118;48;2;70;68;65m▅[38;2;182;177;171;48;2;130;125;120m▆[38;2;165;161;155;48;2;190;184;177m▁[38;2;151;146;139;48;2;101;98;93m▋[38;2;46;43;40;48;2;25;24;21m▍[0m [38;2;10;10;9m     [0m [38;2;39;36;33m▅[38;2;42;40;36;48;2;71;67;62m▘[38;2;89;84;78;48;2;73;69;64m▆[38;2;89;85;79;48;2;92;87;81m▏[48;2;92;88;81m    [38;2;108;118;90;48;2;92;89;81m▂[38;2;112;125;93;48;2;93;89;81m▂[38;2;92;88;81;48;2;93;90;82m┈[48;2;92;88;81m    [38;2;107;115;89;48;2;92;89;81m▂[38;2;109;123;89;48;2;85;81;74m▂[38;2;73;75;62;48;2;51;49;44m▖[0m[38;2;34;32;29m▎[0m  [38;2;0;0;0m        [0m
 [38;2;33;31;28;48;2;50;48;44m▍[38;2;81;77;72;48;2;68;64;59m▆[38;2;87;82;77;48;2;112;108;102m▆[38;2;72;68;63;48;2;139;135;129m▆[38;2;33;31;29;48;2;111;108;103m▅[0m[7m[38;2;70;68;66m▆[0m  [38;2;0;0;0m     [0m [38;2;33;31;28;48;2;51;48;44m▌[38;2;70;67;62;48;2;85;81;75m▌[48;2;92;88;81m     [38;2;92;88;81;48;2;101;105;86m▊[38;2;118;137;95;48;2;137;168;107m▌[38;2;130;153;103;48;2;150;180;119m▝[38;2;161;158;142;48;2;104;106;89m▄[38;2;162;154;145;48;2;97;93;86m▄▄▄[38;2;162;155;144;48;2;98;95;86m▄[38;2;157;173;130;48;2;126;147;102m▄[38;2;145;179;111;48;2;128;154;101m▋[38;2;109;122;89;48;2;86;83;75m▌[38;2;76;72;66;48;2;62;58;54m╴[0m[38;2;35;33;30m▌[0m [38;2;9;8;7m        [0m
 [38;2;36;34;30;48;2;55;52;48m▍[38;2;75;71;66;48;2;88;84;78m▌[38;2;84;79;74;48;2;70;66;61m▌[38;2;49;46;42;48;2;31;29;27m▋[0m  [38;2;5;4;4m       [0m [38;2;30;28;25;48;2;44;42;38m▍[38;2;48;45;41;48;2;70;67;62m▄[38;2;54;51;46;48;2;82;78;73m▄[38;2;56;53;49m▄[38;2;57;54;50m▄[38;2;68;65;60;48;2;85;80;75m▖[38;2;89;85;79;48;2;92;88;81m▏[38;2;92;88;81;48;2;106;104;93m▊[38;2;131;134;113;48;2;158;164;135m▌[38;2;189;185;168;48;2;167;184;140m▅[38;2;192;187;169;48;2;198;189;176m▏[48;2;199;189;178m [38;2;207;153;148;48;2;201;180;170m▗[38;2;211;131;131;48;2;203;173;165m▄[38;2;205;166;159;48;2;199;185;174m▖[38;2;174;185;148;48;2;192;186;170m▝[38;2;170;167;150;48;2;143;167;116m▅[38;2;120;121;104;48;2;90;86;79m▌[38;2;76;72;66;48;2;58;55;51m▌[0m[38;2;38;36;33m▌[0m [38;2;10;9;8m        [0m
 [38;2;36;34;30;48;2;55;52;48m▍[38;2;75;71;66;48;2;88;84;78m▌[38;2;91;87;81;48;2;85;80;75m▆[38;2;67;63;58;48;2;86;82;76m▝[38;2;68;64;59;48;2;36;34;31m▅[0m[38;2;41;39;35m▄[0m       [38;2;26;24;22m▂[38;2;30;30;24m▂[38;2;68;82;53;48;2;38;39;31m▗[38;2;84;98;67;48;2;61;59;53m▃[38;2;86;81;75;48;2;75;72;65m┷[38;2;90;85;79;48;2;75;71;66m━[38;2;70;66;61;48;2;86;81;75m▂[38;2;74;70;65;48;2;90;85;79m▂[38;2;91;87;80;48;2;97;92;85m▉[38;2;96;92;85;48;2;132;126;118m▆[38;2;120;114;107;48;2;163;154;145m▅[38;2;153;145;137;48;2;192;182;171m▃[38;2;150;143;134;48;2;193;184;173m▂[48;2;195;178;168m▂[48;2;196;171;162m▂[38;2;149;142;133;48;2;193;180;170m▂[38;2;135;128;120;48;2;171;162;153m▄[38;2;93;88;82;48;2;137;130;122m▅[38;2;106;101;94;48;2;81;77;71m▘[38;2;34;33;30;48;2;60;57;53m▁[0m[38;2;38;36;33m▘[0m [38;2;8;7;6m        [0m
 [38;2;36;33;30;48;2;54;51;47m▍[38;2;75;71;66;48;2;88;84;78m▌[38;2;91;86;80;48;2;92;88;81m▁[38;2;92;88;81;48;2;91;87;81m▇[48;2;91;87;80m╴[38;2;66;62;57;48;2;85;81;75m▝[38;2;81;77;72;48;2;48;45;41m▅▅▅▅▅▅▅▅[38;2;83;82;73;48;2;52;53;44m▅[38;2;86;103;67;48;2;105;126;82m▘[38;2;94;115;72;48;2;111;140;85m▝[38;2;102;127;78;48;2;67;75;54m▄[38;2;80;96;62;48;2;54;56;45m▖[38;2;73;69;63;48;2;55;52;47m▗[38;2;85;80;75;48;2;64;61;56m▄[38;2;83;79;73;48;2;91;86;80m▘[38;2;90;85;79;48;2;92;88;81m▁[38;2;92;88;81;48;2;100;95;89m▇[48;2;116;110;103m▇[48;2;118;112;105m▇▇▇[38;2;91;87;81m▇[38;2;76;72;67;48;2;93;88;82m▄[38;2;38;36;33;48;2;71;67;62m▗[0m[7m[38;2;47;44;40m▄[0m  [38;2;0;0;0m         [0m
 [7m[38;2;29;27;25m▅[0m[38;2;25;23;21;48;2;53;49;45m▖[38;2;62;58;53;48;2;80;76;70m▖[38;2;88;83;77;48;2;92;88;81m▏          [38;2;92;88;81;48;2;94;92;82m▉[38;2;93;90;81;48;2;101;112;84m▅[38;2;96;96;82;48;2;106;124;85m▖[38;2;107;126;86;48;2;113;141;87m▂[38;2;111;139;85;48;2;91;111;70m▆[38;2;106;133;81;48;2;86;100;68m▖[38;2;84;103;65;48;2;68;67;58m▂[38;2;54;51;46;48;2;76;81;63m━━━━━━[48;2;73;77;61m━[38;2;38;44;31;48;2;59;57;51m▁[0m[7m[38;2;47;45;41m▄[38;2;24;22;20m▆[0m [38;2;1;1;1m           [0m
  [38;2;39;36;33m▝[38;2;33;31;28;48;2;63;60;55m▃[38;2;60;57;52;48;2;86;82;76m▃[38;2;62;59;54;48;2;88;84;77m▃[38;2;77;73;68;48;2;89;85;79m▖[38;2;92;87;81;48;2;92;88;81m▏         [38;2;92;88;81;48;2;95;96;82m▇[38;2;94;92;82;48;2;100;109;84m▆[38;2;98;102;83;48;2;109;130;86m▃[38;2;100;106;83;48;2;112;138;86m▃[48;2;109;134;84m▃[38;2;103;105;85;48;2;109;132;85m▂[38;2;166;164;116;48;2;116;140;87m▄[38;2;181;177;124;48;2;118;141;88m▄[38;2;130;135;98;48;2;107;128;84m▖[38;2;100;106;83;48;2;109;134;84m▃[38;2;90;99;74;48;2;108;133;83m▃[38;2;87;107;67;48;2;61;74;47m▊[0m  [38;2;0;0;0m             [0m
 [38;2;0;0;0m  [0m [7m[38;2;34;32;29m▅[0m[38;2;31;29;26;48;2;45;42;39m▖[38;2;65;61;57;48;2;81;76;71m▍[38;2;91;86;80;48;2;92;88;81m▏              [38;2;93;89;81;48;2;107;100;87m▉[38;2;100;95;85;48;2;161;149;114m▄[38;2;102;97;86;48;2;176;162;122m▄[38;2;124;115;95;48;2;93;89;81m▘[48;2;92;88;81m [38;2;85;81;75;48;2;71;67;62m▌[38;2;49;46;42;48;2;31;29;26m▋[0m [38;2;17;16;14m              [0m
 [38;2;0;0;0m   [0m [38;2;30;28;26;48;2;48;44;41m▌[38;2;65;61;57;48;2;81;76;71m▍[38;2;91;86;80;48;2;92;88;81m▏                 [38;2;92;88;81;48;2;91;87;80m╴[38;2;75;71;66;48;2;90;85;79m▂[38;2;47;44;40;48;2;73;69;64m▗[0m[7m[38;2;40;38;34m▃[0m [38;2;17;16;14m              [0m
 [38;2;0;0;0m   [0m [38;2;34;32;29;48;2;68;63;57m▊[38;2;160;148;135;48;2;103;96;88m▗[38;2;161;149;136;48;2;106;100;92m▅[38;2;132;125;117;48;2;100;95;87m▁[38;2;104;99;92;48;2;92;88;81m▁[38;2;85;80;74;48;2;91;86;80m▗[38;2;88;83;76;48;2;112;104;95m▋[38;2;161;149;135;48;2;107;100;92m▅[38;2;172;158;142;48;2;109;102;94m▅[38;2;160;145;128;48;2;112;104;94m▄[38;2;121;112;101;48;2;95;90;83m▖[38;2;82;77;70;48;2;89;84;78m▗[38;2;87;82;75;48;2;92;87;81m▆[38;2;122;113;104;48;2;96;91;84m▗[38;2;162;149;134;48;2;113;105;96m▄[38;2;161;147;133;48;2;115;107;97m▖[38;2;85;80;73;48;2;91;86;78m┏[38;2;120;113;106;48;2;93;88;81m▁[38;2;151;139;126;48;2;108;101;93m▄[38;2;173;158;142;48;2;109;102;94m▅[38;2;166;151;136;48;2;106;99;91m▅[38;2;133;121;108;48;2;78;72;65m▖[0m[38;2;37;34;31m▌[0m  [38;2;0;0;0m              [0m
 [38;2;0;0;0m   [0m [38;2;32;30;27;48;2;71;67;62m▋[38;2;131;124;116;48;2;178;169;159m▍[38;2;212;201;190;48;2;193;181;169m▆[38;2;203;194;183;48;2;162;153;145m▆[38;2;151;144;135;48;2;106;101;95m▋[38;2;68;64;59;48;2;83;78;72m▂[38;2;77;72;66;48;2;132;125;116m▋[38;2;168;159;149;48;2;202;191;180m▍[38;2;214;204;193;48;2;203;190;176m▅[38;2;201;190;178;48;2;171;162;151m▋[38;2;134;127;119;48;2;88;83;77m▌[38;2;66;62;57;48;2;79;74;68m▃[38;2;89;83;77;48;2;144;136;128m▍[38;2;202;193;182;48;2;160;152;143m▆[38;2;214;204;192;48;2;194;182;170m▅[38;2;181;171;160;48;2;138;130;121m▋[38;2;90;85;78;48;2;123;117;110m▋[38;2;191;182;172;48;2;159;151;142m━[38;2;202;192;182;48;2;184;173;161m▆[38;2;214;204;193;48;2;203;190;176m▅[38;2;208;197;185;48;2;187;177;166m▊[38;2;149;141;132;48;2;81;76;71m▋[0m[38;2;36;34;31m▌[0m [38;2;7;7;6m               [0m
 [38;2;0;0;0m   [0m [38;2;58;55;51m▝[38;2;58;55;52;48;2;144;137;129m▃[38;2;96;91;86;48;2;196;187;177m▃[38;2;95;90;84;48;2;191;182;172m▃[38;2;155;147;139;48;2;83;78;73m▘[38;2;27;25;23;48;2;45;42;38m▗[38;2;110;105;98;48;2;36;33;31m▝[38;2;78;74;69;48;2;172;164;155m▃[38;2;97;92;86;48;2;197;188;178m▃[38;2;89;85;79;48;2;177;168;159m▃[38;2;119;113;107;48;2;58;54;50m▘[0m[7m[38;2;43;40;37m▃[38;2;109;103;97m▃[0m[38;2;90;86;80;48;2;189;180;170m▃[38;2;97;92;86;48;2;197;187;177m▃[38;2;80;76;71;48;2;152;145;137m▃[38;2;35;32;29;48;2;59;55;51m▗[0m[7m[38;2;71;68;63m▄[0m[38;2;59;56;53;48;2;149;142;134m▃[38;2;97;92;86;48;2;196;187;177m▃[38;2;91;86;81;48;2;189;180;171m▃[0m[7m[38;2;101;96;90m▂[0m[38;2;32;30;27m▘[0m [38;2;5;5;4m               [0m
[?25h