[?25l[0m [38;2;0;0;0m                               [0m
 [38;2;0;0;0m                               [0m
 [38;2;0;0;0m                               [0m
 [38;2;0;0;0m          [0m [38;2;52;44;41m▁[38;2;109;91;85m▃[38;2;121;96;92m▃[38;2;106;88;82m▃[38;2;45;38;36m▁[0m  [38;2;36;31;29m▁[38;2;103;86;80m▃[38;2;121;96;91m▃[38;2;117;97;90m▃[38;2;55;47;43m▖[0m [38;2;7;6;5m       [0m
 [38;2;0;0;0m          [0m [38;2;40;37;34;48;2;115;92;87m▌[38;2;142;108;105;48;2;179;142;136m▂[38;2;113;90;86;48;2;183;143;137m▄[38;2;152;117;111;48;2;183;145;137m▂[38;2;109;88;83;48;2;40;37;34m▌[0m[38;2;31;29;27m▁[0m [38;2;37;35;32;48;2;101;83;78m▋[38;2;146;112;109;48;2;179;143;135m▂[38;2;115;93;88;48;2;184;143;137m▄[38;2;146;122;113;48;2;188;154;144m▂[38;2;136;114;105;48;2;55;49;45m▌[0m [38;2;21;20;18m       [0m
 [38;2;0;0;0m     [0m   [38;2;0;0;0m [0m  [38;2;44;41;37;48;2;63;58;54m▌[38;2;69;61;56;48;2;85;79;74m▘[38;2;90;85;78;48;2;88;82;76m▉[38;2;90;86;80;48;2;80;71;66m▄[38;2;89;85;78;48;2;84;76;71m▇[38;2;84;80;74;48;2;49;46;42m▆[38;2;83;79;73;48;2;45;43;39m▆[38;2;89;85;78;48;2;79;73;68m▇[38;2;88;84;78;48;2;79;70;65m▅[38;2;87;81;75;48;2;90;85;78m▏[38;2;72;66;60;48;2;87;82;76m▝[38;2;67;63;58;48;2;47;44;40m▍[0m [38;2;22;20;18m       [0m
 [38;2;0;0;0m    [0m [38;2;96;87;78m▃[38;2;134;121;106;48;2;40;36;32m▅[0m[38;2;58;53;48m▖[0m  [38;2;33;31;28;48;2;58;54;50m▎[38;2;89;85;79;48;2;81;76;71m▇[48;2;92;88;81m   [38;2;109;120;91;48;2;93;90;82m▗[38;2;137;166;108;48;2;97;97;84m▅[38;2;139;141;120;48;2;97;98;84m▂[38;2;136;129;121;48;2;92;88;81m▂▂[38;2;137;133;121;48;2;94;92;82m▂[38;2;137;165;109;48;2;95;95;82m▅[38;2;122;144;98;48;2;75;75;65m▖[0m[38;2;55;52;47m▄[0m [38;2;20;19;17m      [0m
 [38;2;0;0;0m   [0m [38;2;59;56;53m▁[38;2;68;64;60;48;2;151;145;138m▍[38;2;195;188;179m▋[38;2;80;76;72;48;2;28;26;23m▍[0m  [38;2;34;32;29;48;2;53;50;45m▎[38;2;54;51;46;48;2;85;81;75m▄[38;2;60;56;52;48;2;87;83;77m▄[38;2;66;62;57;48;2;88;84;77m▄[38;2;86;81;75;48;2;91;87;80m▏[38;2;93;89;82;48;2;121;124;104m▋[38;2;139;164;111;48;2;171;175;148m▘[38;2;194;187;173;48;2;169;168;149m▇[38;2;199;185;175;48;2;173;164;155m▇[38;2;209;143;140;48;2;193;174;165m▄[38;2;205;166;159;48;2;192;182;169m▖[38;2;150;178;119;48;2;180;180;157m▝[38;2;133;140;114;48;2;94;91;83m▌[38;2;66;62;57;48;2;40;37;34m▊[0m[38;2;23;21;19m▌      [0m
 [38;2;0;0;0m  [38;2;22;21;19m▗[38;2;56;53;49m▄[38;2;142;135;127;48;2;86;81;76m▝[38;2;87;83;77;48;2;183;176;167m▃[38;2;44;42;39;48;2;157;153;147m▃[0m[38;2;62;60;56m▘[0m  [38;2;76;91;59;48;2;44;43;37m▗[38;2;99;123;76;48;2;62;64;52m▄[38;2;71;75;59;48;2;83;78;72m▅[38;2;52;51;45;48;2;81;77;71m▃[38;2;65;61;56;48;2;88;84;78m▄[38;2;90;86;80;48;2;100;95;88m▇[38;2;98;93;86;48;2;134;127;119m▆[38;2;110;104;97;48;2;180;171;161m▄[38;2;101;96;89;48;2;182;172;162m▃[48;2;183;167;158m▃[38;2;100;95;88;48;2;179;168;158m▃[38;2;151;144;135;48;2;100;94;88m▘[38;2;43;40;37;48;2;81;76;71m▁[0m[7m[38;2;54;51;47m▄[0m [38;2;20;19;17m      [0m
 [38;2;0;0;0m  [7m[38;2;26;25;22m▌[0m[38;2;47;44;40;48;2;73;69;64m▍[38;2;87;82;77;48;2;72;68;63m▋[38;2;52;49;45;48;2;29;27;24m▌[0m   [7m[38;2;25;24;22m▊[0m[38;2;39;37;33;48;2;71;77;58m▍[38;2;91;94;78;48;2;107;129;84m▖[38;2;110;136;84;48;2;91;111;69m▇[38;2;104;129;79;48;2;67;73;55m▄[38;2;64;66;53;48;2;80;81;68m▗[48;2;88;84;78m▄[48;2;89;85;79m▄▄▄[38;2;63;65;53m▄[38;2;75;71;66;48;2;70;68;61m┊[0m[7m[38;2;58;55;51m▄[0m  [38;2;0;0;0m       [0m
 [38;2;0;0;0m  [7m[38;2;26;25;22m▌[0m[38;2;47;44;40;48;2;73;69;64m▍[38;2;91;87;80;48;2;87;82;76m▇[38;2;88;84;77;48;2;66;63;58m▆[0m[7m[38;2;64;61;56m▝[0m[38;2;43;40;37m▄[38;2;52;49;45m▄[38;2;77;72;67;48;2;39;37;34m▆[38;2;90;86;79;48;2;75;71;66m▇[38;2;92;88;81;48;2;93;93;81m▇[38;2;94;93;82;48;2;103;116;85m▆[38;2;94;94;82;48;2;110;134;86m▃[38;2;95;94;82;48;2;107;130;83m▃[38;2;105;119;84;48;2;131;140;96m▊[38;2;183;177;125;48;2;105;130;80m▅[38;2;146;142;106;48;2;105;122;83m▖[38;2;95;94;82;48;2;106;129;82m▃[38;2;94;94;82;48;2;103;125;80m▃[38;2;46;45;39;48;2;83;86;70m▝[0m[38;2;69;64;58m▃[38;2;77;72;67m▂[0m  [38;2;3;2;2m      [0m
 [38;2;0;0;0m  [38;2;25;23;21m▝[7m[38;2;57;54;49m▃[0m[38;2;60;57;52;48;2;86;82;76m▖[38;2;90;85;79;48;2;92;88;81m▏[38;2;92;87;81;48;2;87;83;77m▇[38;2;92;88;81;48;2;79;74;69m▆[38;2;91;87;80;48;2;78;73;68m▇[48;2;92;88;81m      [38;2;92;88;81;48;2;95;91;82m┈[38;2;93;89;82;48;2;154;142;110m▆[38;2;94;89;82;48;2;111;105;90m▇[38;2;87;82;77;48;2;92;88;81m▁[38;2;86;81;76m▁[38;2;92;88;81;48;2;117;108;99m▊[38;2;143;131;118;48;2;174;159;143m▍[38;2;201;190;178;48;2;163;153;143m▆[38;2;132;125;118;48;2;43;41;37m▋[0m [38;2;20;18;17m      [0m
 [38;2;0;0;0m   [38;2;24;23;20m▝[7m[38;2;56;53;49m▃[0m[38;2;54;51;46;48;2;87;83;76m▃[38;2;67;63;58;48;2;89;85;78m▃[38;2;89;85;79;48;2;92;88;81m▏       [38;2;83;79;74;48;2;91;87;80m▁[38;2;59;56;51;48;2;89;84;78m▃[38;2;42;39;36;48;2;81;77;71m▂[0m[7m[38;2;59;55;51m▃[38;2;51;48;45m▃[38;2;54;50;46m▃[38;2;89;81;73m▄[38;2;100;94;87m▄[0m[38;2;60;57;54m▘[0m [38;2;1;1;1m      [0m
 [38;2;0;0;0m    [7m[38;2;24;22;20m▌[0m[38;2;69;65;60;48;2;46;43;39m▗[38;2;90;85;79;48;2;64;61;56m▃[38;2;89;84;78;48;2;92;88;81m▎[38;2;94;89;82m▁[38;2;105;98;89m▁[38;2;104;97;90m▁ [38;2;83;79;73;48;2;91;86;80m▁[38;2;60;56;52;48;2;89;85;78m▃[38;2;36;33;30;48;2;77;73;67m▁[0m[7m[38;2;54;51;47m▃[38;2;30;28;26m▆[0m  [38;2;0;0;0m            [0m
 [38;2;0;0;0m   [0m [38;2;98;93;87m▃[38;2;185;175;165;48;2;96;89;81m▄[38;2;201;191;179;48;2;151;140;128m▄[38;2;174;165;156;48;2;104;99;92m▃[38;2;96;90;82;48;2;141;130;118m▋[38;2;191;178;162;48;2;149;136;120m▅[38;2;169;153;136;48;2;141;128;114m▋[38;2;47;45;41;48;2;94;87;80m▗[0m[7m[38;2;53;50;46m▃[38;2;30;28;26m▆[0m  [38;2;0;0;0m               [0m
 [38;2;0;0;0m   [38;2;25;23;21m▝[38;2;162;155;146;48;2;61;58;54m▝[38;2;81;76;71;48;2;198;189;178m▂[38;2;76;72;66;48;2;181;173;163m▂[38;2;88;83;78;48;2;160;153;144m▅[38;2;82;77;72;48;2;180;171;162m▂[38;2;67;64;59;48;2;180;171;161m▂[0m[7m[38;2;100;91;80m▄[38;2;40;36;32m▇[0m [38;2;0;0;0m                  [0m
[?25h