[?25l[0m [38;2;0;0;0m                   [0m
 [38;2;0;0;0m      [0m [38;2;127;104;99m▃[38;2;132;108;101m▃[0m  [38;2;100;83;77m▂[38;2;143;113;108m▃[38;2;107;90;83m▂[0m [38;2;0;0;0m    [0m
 [38;2;0;0;0m      [7m[38;2;54;48;44m▌[0m[38;2;89;79;74;48;2;166;130;125m▅[38;2;95;84;79;48;2;171;134;127m▅[0m[7m[38;2;84;76;71m▝[0m[38;2;71;67;62m▄[38;2;170;133;127;48;2;82;74;69m▝[38;2;99;88;82;48;2;176;139;132m▆[38;2;175;146;135;48;2;68;61;57m▘[0m[38;2;23;21;19m▎    [0m
 [38;2;0;0;0m [0m [38;2;167;156;144;48;2;44;40;36m▗[0m[38;2;137;128;118m▖[0m  [38;2;43;40;37;48;2;77;73;68m▎[38;2;87;82;76;48;2;92;87;81m▁[38;2;90;86;80;48;2;92;88;81m▁[38;2;136;164;107;48;2;97;97;84m▗[38;2;169;173;146;48;2;100;103;86m▃[38;2;176;165;155;48;2;92;88;81m▃[38;2;172;170;150;48;2;97;97;84m▃[38;2;145;176;113;48;2;89;92;75m▖[0m[38;2;63;59;55m▖[0m [38;2;1;1;1m   [0m
 [38;2;0;0;0m [38;2;76;72;67m▗[38;2;97;92;86;48;2;160;154;146m▂[38;2;125;120;114;48;2;30;28;25m▌[0m [7m[38;2;24;22;20m▋[0m[38;2;90;109;70;48;2;53;53;45m▗[38;2;82;78;72;48;2;66;67;55m━[38;2;58;55;50;48;2;83;79;73m▂[38;2;149;145;132;48;2;93;88;82m▝[38;2;112;106;99;48;2;186;178;166m▃[38;2;100;95;89;48;2;193;167;159m▂[38;2;98;93;87;48;2;185;168;158m▂[38;2;161;157;142;48;2;86;81;75m▘[0m[7m[38;2;43;40;37m▃[0m [38;2;1;1;1m [0m  [0m
 [38;2;0;0;0m [7m[38;2;52;49;45m▍[0m[38;2;63;60;55;48;2;86;81;75m▝[0m[38;2;53;50;46m▃[0m [38;2;51;48;45m▃[38;2;70;69;59;48;2;95;103;79m▍[38;2;98;102;83;48;2;104;127;81m▂[38;2;104;128;81;48;2;76;79;64m▄[38;2;118;139;89;48;2;77;76;66m▃[38;2;116;137;87m▃[38;2;107;130;83m▃[38;2;36;34;31;48;2;72;73;61m▗[0m[7m[38;2;38;36;33m▇[0m  [38;2;120;119;119m▅[7m[38;2;168;165;165m▍[0m[38;2;119;117;117m▗[0m
 [38;2;0;0;0m [38;2;57;54;49m▝[38;2;55;52;48;48;2;88;84;78m▖[38;2;92;88;81;48;2;90;86;79m┈[38;2;90;86;79;48;2;51;48;44m▆[38;2;92;88;81;48;2;90;85;79m┈[48;2;92;88;81m [48;2;94;92;82m▇[48;2;97;100;83m▇[38;2;153;143;111;48;2;94;90;82m▝[38;2;145;136;106;48;2;93;89;81m▘[38;2;71;67;62;48;2;92;89;81m▁[38;2;89;85;78;48;2;119;110;100m▋[38;2;179;167;154;48;2;72;67;62m▆[0m[38;2;91;87;84m▆[0m [38;2;119;117;117m┏[7m[38;2;116;115;115m▅[38;2;142;140;140m▚[0m
 [38;2;0;0;0m [0m [7m[38;2;45;43;39m▌[0m[38;2;62;58;54;48;2;87;83;76m▆[38;2;88;83;77;48;2;92;88;81m▏  [38;2;92;88;81;48;2;91;87;80m┈[48;2;85;81;75m╴[0m[7m[38;2;78;74;68m▃[38;2;63;59;55m▄[38;2;41;39;35m▆[38;2;39;37;33m▆[38;2;42;40;36m▆[0m [38;2;0;0;0m [0m   [0m
 [38;2;0;0;0m [0m [38;2;179;170;161;48;2;41;38;36m▗[38;2;200;190;179;48;2;125;116;106m▅[38;2;157;149;140;48;2;99;93;86m▄[38;2;182;170;156;48;2;122;112;101m▆[38;2;47;43;38;48;2;122;111;99m▗[0m[7m[38;2;53;50;46m▄[38;2;29;27;24m▆[0m [38;2;0;0;0m         [0m
 [38;2;0;0;0m [0m [7m[38;2;87;83;78m▆[38;2;116;110;104m▅[38;2;93;88;82m▅[38;2;104;99;93m▅[0m [38;2;0;0;0m            [0m
[?25h