[?25l[0m [38;2;0;0;0m                               [0m
 [38;2;0;0;0m                               [0m
 [38;2;0;0;0m                               [0m
 [38;2;0;0;0m                               [0m
 [38;2;0;0;0m           [0m     [38;2;0;0;0m  [0m     [38;2;6;5;5m        [0m
 [38;2;0;0;0m [0m [38;2;52;46;39m▂[38;2;80;71;60m▂[0m  [38;2;0;0;0m    [0m [38;2;116;96;90m▗[38;2;172;140;133;48;2;59;52;48m▅[38;2;167;131;126;48;2;42;39;35m▆[38;2;171;139;130;48;2;57;50;46m▅[0m[38;2;69;58;54m▄[0m  [38;2;84;71;66m▗[38;2;169;138;129;48;2;55;48;44m▅[38;2;168;131;126;48;2;42;39;35m▆[38;2;182;149;139;48;2;63;55;51m▅[0m[38;2;96;81;75m▄[0m [38;2;20;19;17m       [0m
 [38;2;0;0;0m [7m[38;2;26;25;22m▌[0m[38;2;62;58;53;48;2;140;131;121m▍[38;2;172;161;148;48;2;123;115;106m▋[0m[38;2;52;49;45m▌[0m [38;2;7;6;6m    [0m [38;2;114;89;85;48;2;47;42;39m▝[38;2;79;69;65;48;2;163;124;120m▄[38;2;97;83;78;48;2;146;114;109m▇[38;2;85;74;69;48;2;172;132;126m▄[38;2;44;41;38;48;2;94;82;77m▝[0m[38;2;57;54;49m▄[38;2;54;51;47m▄[38;2;39;36;33;48;2;85;76;71m▘[38;2;84;74;69;48;2;166;128;124m▄[38;2;136;106;102;48;2;93;83;77m▘[38;2;83;74;69;48;2;168;139;130m▄[38;2;135;113;104;48;2;55;50;45m▘[0m [38;2;22;20;18m       [0m
 [38;2;33;31;28m▗[38;2;113;110;105m▄[38;2;103;99;94;48;2;178;173;166m▘[38;2;178;172;163;48;2;126;121;115m▋[0m[38;2;52;49;45m▌[0m [38;2;7;6;6m   [0m [38;2;48;45;42m▄[38;2;47;44;40;48;2;80;76;70m▘[38;2;90;86;80m▇[38;2;92;88;81;48;2;90;85;79m▇[48;2;84;79;73m▇[38;2;96;96;83;48;2;92;88;81m▁[38;2;109;119;91;48;2;90;86;79m▂[38;2;98;98;84;48;2;90;87;80m▁[38;2;92;88;81;48;2;90;85;79m▇[48;2;84;79;74m▇[48;2;92;88;81m [38;2;108;117;89;48;2;89;84;78m▂[38;2;80;82;68;48;2;55;52;48m▖[0m[38;2;31;29;26m▎[0m [38;2;5;4;4m      [0m
[7m[38;2;28;26;24m▌[0m[38;2;49;46;42;48;2;73;69;64m▍[38;2;83;78;73;48;2;104;100;95m▆[0m[7m[38;2;82;78;73m▗[38;2;65;63;60m▅[0m [38;2;1;1;1m    [0m [38;2;34;32;29;48;2;59;56;51m▎[38;2;81;77;72;48;2;90;86;79m▎[38;2;81;76;71;48;2;92;88;81m▁[38;2;83;78;73m▁ [38;2;93;89;82;48;2;113;126;93m▋[38;2;160;184;130;48;2;139;168;109m▗[38;2;183;180;161;48;2;117;121;100m▄[38;2;188;178;168;48;2;109;104;97m▄[38;2;190;173;163m▄[38;2;187;178;164;48;2;112;110;98m▄[38;2;155;180;125;48;2;133;160;105m▆[38;2;122;142;98;48;2;91;89;79m▌[38;2;58;55;51;48;2;41;39;36m▇[0m [38;2;21;20;18m      [0m
[7m[38;2;30;28;26m▌[0m[38;2;52;49;44;48;2;76;72;67m▍[38;2;71;67;62;48;2;89;85;78m▝[0m[7m[38;2;64;60;56m▝[0m[38;2;35;33;30m▃[0m      [7m[38;2;41;39;35m▄[0m[38;2;71;81;57;48;2;54;51;46m▁[38;2;81;78;71;48;2;60;56;52m▄[38;2;84;80;74;48;2;66;62;57m▄[38;2;85;81;75;48;2;90;86;80m▎[38;2;121;116;106;48;2;94;90;83m▝[38;2;113;108;100;48;2;171;166;151m▃[38;2;174;165;155;48;2;195;186;175m▖[38;2;177;168;159;48;2;199;186;175m▁[38;2;195;174;165;48;2;209;143;140m▄[38;2;174;165;156;48;2;199;179;169m▁[38;2;127;121;113;48;2;180;175;160m▃[38;2;143;139;126;48;2;95;90;84m▘[38;2;64;60;55;48;2;38;35;32m▊[0m [38;2;22;20;18m      [0m
[7m[38;2;29;27;25m▌[0m[38;2;50;47;43;48;2;75;71;66m▍[38;2;87;82;77;48;2;92;88;81m▁[38;2;92;88;81;48;2;87;82;76m▇[38;2;87;83;77;48;2;64;61;56m▆[38;2;75;71;66;48;2;31;29;26m▆[48;2;30;28;25m▆▆▆▆▆[38;2;84;89;71;48;2;45;50;35m▆[38;2;109;136;84;48;2;89;108;69m▆[38;2;101;125;77;48;2;67;72;56m▄[38;2;78;91;62;48;2;59;58;50m▁[38;2;81;77;71;48;2;65;61;56m▄[38;2;85;80;75;48;2;90;86;79m▎[38;2;91;87;81;48;2;100;95;88m▇[38;2;91;87;80;48;2;135;128;120m▆[48;2;142;134;126m▆▆[38;2;89;85;79;48;2;139;132;124m▆[38;2;57;53;49;48;2;92;87;81m▃[0m[7m[38;2;61;58;53m▄[0m[38;2;29;27;25m▘[0m [38;2;0;0;0m      [0m
 [7m[38;2;39;37;34m▊[0m[38;2;54;51;47;48;2;76;72;67m▍[38;2;86;81;76;48;2;92;88;81m▁[38;2;88;83;78m▁      [38;2;92;89;81;48;2;95;95;82m▇[38;2;94;94;82;48;2;105;119;85m▆[38;2;99;104;83;48;2;111;136;86m▃[38;2;111;138;85;48;2;95;115;73m▆[38;2;105;130;80;48;2;70;74;58m▄[38;2;105;129;80;48;2;63;64;54m▄[38;2;118;142;88;48;2;68;72;56m▃[38;2;105;129;80;48;2;63;64;54m▄[38;2;103;128;79m▄[38;2;96;120;73;48;2;63;63;53m▄[0m[7m[38;2;52;54;43m▗[0m[38;2;29;27;25m▘[0m [38;2;0;0;0m        [0m
  [38;2;40;37;34m▝[7m[38;2;53;50;46m▃[0m[38;2;58;54;50;48;2;78;74;68m▌[38;2;88;84;78;48;2;92;88;81m▏       [38;2;92;89;81;48;2;95;94;82m▇[48;2;103;115;85m▆[48;2;104;118;85m▆[38;2;133;133;99;48;2;99;98;84m▝[38;2;118;110;93;48;2;186;177;127m▃[38;2;145;142;105;48;2;101;99;85m▘[38;2;90;86;79;48;2;103;117;84m▆[38;2;55;53;47;48;2;84;100;65m▆[0m [38;2;25;27;21m          [0m
 [38;2;0;0;0m  [7m[38;2;26;25;22m▌[0m[38;2;47;44;40;48;2;74;70;65m▍[38;2;102;96;89;48;2;91;87;80m▁[48;2;92;88;81m  [38;2;95;90;83m▁[38;2;106;100;92m▁[38;2;103;96;88m▁ [38;2;91;87;81m▁ [38;2;103;97;89m▁  [38;2;105;98;90m▁[38;2;102;96;88;48;2;91;87;80m▁[38;2;84;80;74;48;2;77;73;67m╴[0m[7m[38;2;49;46;43m▃[0m [38;2;17;16;15m          [0m
 [38;2;0;0;0m  [7m[38;2;26;25;22m▌[0m[38;2;59;55;50;48;2;139;130;120m▍[38;2;199;189;177;48;2;149;138;126m▄[38;2;173;165;156;48;2;105;100;93m▃[38;2;106;100;94;48;2;88;83;77m▏[38;2;85;80;73;48;2;141;132;121m▌[38;2;200;188;175;48;2;156;143;130m▅[38;2;184;172;158;48;2;141;129;115m▅[38;2;122;114;105;48;2;90;85;78m▎[38;2;123;116;109;48;2;82;77;70m▗[38;2;181;172;162;48;2;108;101;93m▄[38;2;188;176;163;48;2;143;132;119m▅[38;2;130;121;111;48;2;98;92;85m▎[38;2;175;167;157;48;2;105;98;91m▄[38;2;199;187;173;48;2;149;137;123m▅[38;2;195;182;169;48;2;149;136;122m▅[38;2;117;108;99;48;2;42;39;35m▌[0m [38;2;19;18;16m           [0m
 [38;2;0;0;0m  [38;2;26;24;22m▝[38;2;166;158;149;48;2;64;61;57m▝[38;2;81;77;72;48;2;199;189;179m▂[38;2;75;71;66;48;2;173;165;155m▂[38;2;33;31;28;48;2;61;57;53m▁[38;2;152;145;137;48;2;56;53;49m▝[38;2;79;75;70;48;2;196;187;177m▂[38;2;77;73;68;48;2;181;173;163m▂[38;2;37;35;31;48;2;69;65;60m▁[38;2;135;128;121;48;2;48;45;42m▝[38;2;76;72;67;48;2;191;182;172m▂[38;2;79;75;70;48;2;187;179;169m▂[38;2;106;100;94;48;2;60;57;52m▍[38;2;37;34;32;48;2;134;127;120m▄[38;2;72;68;63;48;2;189;180;170m▂[38;2;76;72;67;48;2;192;182;173m▂[0m[7m[38;2;85;80;75m▃[0m [38;2;16;15;14m           [0m
[?25h