[?25l[0m [38;2;0;0;0m                               [0m
 [38;2;0;0;0m                               [0m
 [38;2;0;0;0m          [0m [38;2;55;47;44m▁[38;2;97;81;76m▄[38;2;107;86;82m▄[38;2;94;79;73m▄[38;2;48;41;38m▁[0m  [38;2;38;33;31m▁[38;2;91;77;71m▄[38;2;107;86;82m▄[38;2;104;86;80m▄[38;2;59;50;46m▂[0m [38;2;7;7;6m       [0m
 [38;2;0;0;0m          [0m [38;2;41;37;34;48;2;114;91;87m▌[38;2;137;105;102;48;2;179;142;136m▂[38;2;111;89;84;48;2;181;141;136m▄[38;2;147;113;108;48;2;183;145;137m▂[38;2;109;89;83;48;2;41;38;35m▌[0m[38;2;27;26;24m▂[0m [38;2;36;33;31;48;2;88;74;69m▌[38;2;142;109;106;48;2;179;142;135m▂[38;2;113;92;87;48;2;183;142;136m▄[38;2;141;119;110;48;2;188;154;144m▂[38;2;136;113;105;48;2;55;49;45m▌[0m [38;2;21;20;18m       [0m
 [38;2;0;0;0m    [0m   [38;2;0;0;0m  [0m  [38;2;47;44;40;48;2;66;61;56m▋[38;2;69;61;57;48;2;85;80;74m▘[38;2;91;86;80;48;2;89;84;78m╴[38;2;88;84;78;48;2;79;70;65m▅[38;2;89;85;79;48;2;84;77;71m▇[38;2;88;84;77;48;2;57;54;49m▅[38;2;88;83;77;48;2;54;51;47m▅[38;2;89;85;79;48;2;80;74;69m▇[38;2;76;68;63;48;2;86;80;74m╹[38;2;90;86;80;48;2;89;84;78m┈[38;2;72;65;60;48;2;87;82;76m▝[38;2;60;56;51;48;2;38;36;33m▊[0m [38;2;22;20;18m       [0m
 [38;2;0;0;0m   [38;2;23;22;20m▗[38;2;130;118;104;48;2;40;37;32m▗[38;2;136;123;108;48;2;43;39;34m▅[0m[38;2;57;52;47m▖[0m [38;2;5;5;5m [0m [38;2;33;31;28;48;2;58;55;51m▎[38;2;81;77;72;48;2;91;87;80m▎[48;2;92;88;81m   [38;2;110;120;91;48;2;93;90;82m▗[38;2;139;168;109;48;2;98;99;85m▅[38;2;143;145;124;48;2;98;98;84m▂[38;2;141;134;126;48;2;92;88;81m▂▂[38;2;142;138;125;48;2;94;92;82m▂[38;2;139;167;110;48;2;96;97;83m▅[38;2;123;145;98;48;2;77;77;66m▖[0m[38;2;56;53;48m▄[0m [38;2;21;20;18m      [0m
 [38;2;0;0;0m  [0m [38;2;54;51;48m▂[38;2;74;70;65;48;2;156;150;142m▍[38;2;195;188;179;48;2;147;142;135m▋[38;2;75;72;68;48;2;26;25;22m▍[0m [38;2;7;7;6m [0m [38;2;34;32;29;48;2;52;49;45m▎[38;2;53;50;45;48;2;84;80;74m▄[38;2;60;56;52;48;2;86;82;76m▄[38;2;66;62;57;48;2;87;83;77m▄[38;2;86;81;75;48;2;91;87;80m▏[38;2;96;93;84;48;2;126;130;108m▊[38;2;140;164;112;48;2;170;174;148m▘[38;2;195;187;173;48;2;173;171;152m▇[38;2;199;186;175;48;2;177;168;158m▇[38;2;209;142;140;48;2;195;174;165m▄[38;2;205;167;159;48;2;193;183;170m▖[38;2;151;178;121;48;2;180;179;157m▝[38;2;133;139;114;48;2;95;91;83m▌[38;2;66;62;57;48;2;40;37;34m▊[0m[38;2;23;21;19m▌      [0m
 [38;2;0;0;0m  [7m[38;2;25;23;21m▌[0m[38;2;145;138;131;48;2;70;67;62m▝[38;2;97;92;86;48;2;183;176;167m▃[38;2;80;76;71;48;2;160;155;149m▃[0m[38;2;54;51;48m▌[0m [38;2;6;6;5m [0m [38;2;77;92;60;48;2;44;43;37m▗[38;2;96;118;74;48;2;58;58;49m▅[38;2;62;65;52;48;2;80;81;68m▗[38;2;56;54;48;48;2;84;80;74m▄[38;2;65;61;56;48;2;88;83;77m▄[38;2;90;86;79;48;2;99;94;87m▇[38;2;97;93;86;48;2;130;123;115m▆[38;2;107;102;95;48;2;178;169;159m▄[38;2;110;104;97;48;2;188;178;168m▄[48;2;190;173;164m▄[38;2;109;103;96;48;2;185;174;164m▄[38;2;149;141;133;48;2;98;93;86m▘[38;2;40;38;35;48;2;79;75;69m▁[0m[7m[38;2;53;50;46m▄[0m [38;2;19;18;16m   [0m  [38;2;34;33;33m [0m
 [38;2;0;0;0m  [7m[38;2;26;25;22m▌[0m[38;2;47;44;40;48;2;73;69;64m▍[38;2;87;82;77;48;2;72;68;63m▋[38;2;52;49;45;48;2;29;27;25m▌[0m   [7m[38;2;26;24;22m▊[0m[38;2;40;38;34;48;2;71;77;58m▍[38;2;91;92;78;48;2;107;128;84m▖[38;2;110;136;85;48;2;93;114;71m▇[38;2;105;130;80;48;2;69;76;56m▄[38;2;72;72;61;48;2;81;85;68m▚[38;2;65;68;54;48;2;88;83;77m▄[48;2;88;84;78m▄▄▄[38;2;64;67;53m▄[38;2;74;71;65;48;2;70;67;61m┊[0m[7m[38;2;56;53;49m▄[0m  [38;2;0;0;0m [0m [38;2;172;170;170m▗[38;2;116;114;114m▖[7m[38;2;181;179;179m▌[0m[38;2;138;136;136m▌[0m [0m
 [38;2;0;0;0m  [7m[38;2;26;25;22m▌[0m[38;2;47;44;40;48;2;73;69;64m▍[38;2;91;87;80;48;2;87;83;77m▇[38;2;88;84;78;48;2;68;65;60m▆[0m[7m[38;2;66;62;58m▝[0m[38;2;45;43;39m▄[38;2;54;51;47m▄[38;2;78;74;68;48;2;41;38;35m▆[38;2;90;86;79;48;2;77;72;67m▇[38;2;92;88;81;48;2;93;92;81m▇[38;2;102;114;84;48;2;94;92;82m▝[38;2;94;93;82;48;2;110;133;86m▃[48;2;107;130;83m▃[38;2;103;116;83;48;2;128;137;94m▋[38;2;184;177;126;48;2;109;133;82m▅[38;2;145;140;106;48;2;106;122;83m▖[38;2;94;93;82;48;2;106;129;83m▃[48;2;104;125;81m▃[38;2;48;46;40;48;2;84;87;71m▝[0m[38;2;65;61;55m▄[38;2;90;85;78m▂[0m  [38;2;123;121;121m▄[38;2;184;182;182m▝[38;2;122;121;121m▘[7m[38;2;188;185;185m▌[0m[38;2;142;140;140m▌[7m[38;2;173;171;171m▌[0m
 [38;2;0;0;0m  [38;2;24;23;21m▝[7m[38;2;52;49;45m▖[0m[38;2;59;55;51;48;2;86;81;75m▖[38;2;90;85;79;48;2;92;88;81m▏[38;2;92;88;81;48;2;88;84;77m▇[48;2;80;76;70m▆[38;2;91;87;80;48;2;79;75;69m▇[48;2;92;88;81m      [38;2;92;88;81;48;2;95;90;82m┈[48;2;148;137;107m▆[38;2;93;89;82;48;2;110;103;89m▇[38;2;86;81;75;48;2;92;88;81m▁[38;2;84;80;74m▁[38;2;92;87;81;48;2;117;108;99m▊[38;2;149;135;122;48;2;178;163;147m▌[38;2;199;187;175;48;2;155;146;136m▇[38;2;143;136;128;48;2;71;68;65m▌[0m[7m[38;2;139;137;137m▃[0m [38;2;152;150;150m▗[7m[38;2;136;134;134m▚[0m[38;2;122;121;121m▘[38;2;146;144;144m▗[7m[38;2;154;152;152m▚[0m
 [38;2;0;0;0m   [38;2;24;22;20m▝[7m[38;2;55;52;48m▃[0m[38;2;52;49;45;48;2;86;82;76m▃[38;2;66;62;57;48;2;89;84;78m▃[38;2;89;85;78;48;2;92;88;81m▏      [38;2;91;87;81m▁[38;2;82;77;72;48;2;91;87;80m▁[38;2;57;54;50;48;2;88;84;77m▃[38;2;40;37;34;48;2;80;76;70m▂[0m[7m[38;2;63;59;54m▄[38;2;55;52;48m▄[38;2;58;54;50m▄[38;2;82;75;68m▄[38;2;92;86;80m▄[0m[38;2;54;52;49m▘[0m    [38;2;144;142;142m▝[38;2;126;125;125m▘[0m [0m
 [38;2;0;0;0m    [7m[38;2;24;22;20m▌[0m[38;2;71;67;61;48;2;46;43;39m▗[38;2;93;88;81;48;2;65;61;56m▃[38;2;90;85;79;48;2;92;88;81m▎[38;2;95;90;83m▁[38;2;110;102;93m▁[38;2;109;102;93m▁ [38;2;81;77;72;48;2;90;86;80m▁[38;2;57;54;50;48;2;88;84;78m▃[38;2;34;32;29;48;2;75;71;66m▁[0m[7m[38;2;52;49;45m▃[38;2;28;26;24m▆[0m  [38;2;0;0;0m            [0m
 [38;2;0;0;0m   [0m [38;2;101;96;90m▃[38;2;188;179;168;48;2;100;92;84m▄[38;2;203;192;180;48;2;154;143;130m▄[38;2;167;158;149;48;2;99;93;86m▄[38;2;98;91;84;48;2;142;132;120m▋[38;2;192;179;163;48;2;153;139;123m▅[38;2;170;154;137;48;2;141;128;113m▋[38;2;45;43;39;48;2;93;86;79m▗[0m[7m[38;2;51;48;44m▃[38;2;28;26;24m▆[0m  [38;2;0;0;0m               [0m
 [38;2;0;0;0m   [38;2;25;23;21m▝[38;2;161;153;145;48;2;58;55;51m▝[38;2;75;71;66;48;2;195;186;176m▂[38;2;70;66;62;48;2;178;170;161m▂[38;2;77;73;68;48;2;147;140;132m▄[38;2;76;71;67;48;2;179;171;161m▂[38;2;84;80;75;48;2;187;178;168m▃[0m[7m[38;2;96;87;77m▄[38;2;38;34;30m▇[0m [38;2;0;0;0m                  [0m
 [38;2;0;0;0m    [0m [7m[38;2;26;24;22m▆[38;2;27;25;23m▆▆▆[0m  [38;2;0;0;0m                    [0m
[?25h