[?25l[0m [38;2;0;0;0m                   [0m
 [38;2;0;0;0m                   [0m
 [38;2;0;0;0m       [0m  [38;2;0;0;0m   [0m [38;2;0;0;0m      [0m
  [38;2;110;98;85m▃[38;2;39;36;32m▁   [38;2;65;55;52m▗[38;2;151;121;115;48;2;24;22;20m▆[38;2;157;124;118;48;2;25;24;22m▆[0m[38;2;85;71;66m▖[0m [38;2;178;141;134;48;2;51;44;41m▗[38;2;156;124;118;48;2;28;26;24m▆[0m[38;2;125;105;98m▅[0m [38;2;14;13;12m    [0m
 [38;2;121;117;113m▗[38;2;132;127;120;48;2;174;168;160m▘[0m[38;2;82;79;74m▍  [0m [7m[38;2;60;56;52m▌[0m[38;2;81;69;65;48;2;90;84;78m▘[38;2;87;83;76;48;2;122;98;92m▇[38;2;67;63;58;48;2;92;89;80m▝[38;2;83;80;72;48;2;32;29;27m▇[38;2;88;83;77;48;2;106;87;83m▇[38;2;90;86;78;48;2;109;91;86m▇[38;2;92;92;79;48;2;65;59;54m▖[0m[38;2;25;23;21m▎    [0m
[7m[38;2;49;46;42m▌[0m[38;2;80;75;70;48;2;99;95;90m▇[0m[7m[38;2;87;83;79m▆[0m [38;2;0;0;0m  [0m [38;2;38;36;32;48;2;66;62;57m▁[38;2;61;57;53;48;2;90;86;79m▃[38;2;90;86;80;48;2;88;84;77m┊[38;2;96;94;84;48;2;143;158;119m▌[38;2;184;181;162;48;2;116;125;96m▆[38;2;193;167;159;48;2;100;95;88m▆[38;2;188;174;160;48;2;110;115;93m▆[38;2;147;163;122;48;2;95;93;82m▋[0m[38;2;56;53;49m▋[0m [38;2;1;1;1m   [0m
[7m[38;2;46;43;40m▌[0m[38;2;73;69;64;48;2;88;84;77m▁[38;2;88;84;78;48;2;58;55;50m▆[0m[38;2;78;74;68m▅[38;2;77;73;67m▅▅▅[38;2;38;43;31;48;2;92;106;74m▘[38;2;102;126;78;48;2;75;77;63m▃[38;2;57;54;49;48;2;79;78;69m━[38;2;87;83;77;48;2;102;97;91m▇[38;2;86;82;76;48;2;157;149;140m▅[48;2;176;165;156m▅[38;2;82;77;72;48;2;165;156;147m▅[0m[7m[38;2;80;75;70m▃[38;2;33;31;29m▅[0m[38;2;2;2;2m    [0m
 [38;2;77;73;67m▝[38;2;45;42;38;48;2;82;78;72m▂[38;2;87;83;77;48;2;92;88;81m▏   [38;2;92;88;81;48;2;92;89;81m┈[38;2;94;93;82;48;2;108;128;86m▅[38;2;100;111;82;48;2;75;87;60m▇[38;2;169;159;118;48;2;93;104;74m▗[38;2;159;151;113;48;2;92;103;73m▖[38;2;88;99;71;48;2;48;45;41m▇[0m[38;2;43;49;34m▍[0m [38;2;0;0;0m     [0m
 [38;2;0;0;0m [38;2;29;27;24;48;2;80;75;69m▊[38;2;135;126;115;48;2;91;87;80m▂[38;2;92;88;81;48;2;92;87;81m┈[38;2;128;118;108;48;2;93;89;82m▂[38;2;148;135;120m▂[38;2;88;83;76;48;2;92;88;81m▂[38;2;119;110;101;48;2;95;90;83m▁[38;2;121;112;101m▁[38;2;126;116;106;48;2;96;91;84m▁[38;2;153;139;125;48;2;92;88;81m▂[0m[7m[38;2;66;62;57m▗[0m [38;2;18;17;15m      [0m
 [38;2;0;0;0m [7m[38;2;97;92;86m▋[0m[38;2;43;41;37;48;2;188;179;168m▁[38;2;128;121;114;48;2;62;58;53m▌[38;2;23;22;20;48;2;133;126;118m▁[38;2;46;43;39;48;2;177;168;157m▁[0m[7m[38;2;74;70;64m▁[0m[38;2;40;38;34;48;2;178;169;160m▁[38;2;152;143;134;48;2;79;74;69m▌[38;2;63;60;56;48;2;175;166;156m▃[38;2;40;38;34;48;2;185;175;164m▁[0m[38;2;65;61;57m▍       [0m
[?25h