[?25l[0m [38;2;0;0;0m                                           [0m
 [38;2;0;0;0m                                           [0m
 [38;2;0;0;0m                                           [0m
 [38;2;0;0;0m                                           [0m
 [38;2;0;0;0m                [0m [38;2;30;28;26m▃[38;2;33;31;28m▃▃[38;2;27;25;23m▃[0m [38;2;7;6;6m    [0m [38;2;31;29;27m▃[38;2;33;31;28m▃▃[38;2;26;24;22m▃[0m [38;2;6;6;5m           [0m
 [38;2;0;0;0m              [0m [38;2;34;32;28m▗[38;2;104;87;82m▅[38;2;177;145;138;48;2;102;85;80m▅[38;2;177;139;134;48;2;96;78;74m▆[38;2;186;147;141;48;2;112;90;85m▅[38;2;170;140;130;48;2;94;78;73m▅[0m[38;2;79;67;62m▅[38;2;26;24;22m▖[0m  [38;2;37;34;31m▗[38;2;120;100;93;48;2;54;46;42m▅[38;2;188;153;143;48;2;109;90;84m▅[38;2;179;139;133;48;2;97;78;74m▆[38;2;189;151;143;48;2;113;92;86m▅[38;2;170;141;131;48;2;92;77;72m▅[0m[38;2;71;62;57m▅[38;2;23;22;20m▖          [0m
 [38;2;0;0;0m              [0m [7m[38;2;36;34;30m▌[0m[38;2;70;58;55;48;2;123;96;92m▍[38;2;128;98;95;48;2;179;138;133m▃[38;2;102;84;79;48;2;149;116;112m▅[38;2;178;138;131;48;2;127;101;95m▝[38;2;135;105;100;48;2;184;142;135m▃[38;2;119;95;90;48;2;64;58;54m▌[0m[38;2;49;46;43m▃[38;2;26;24;21m▃[38;2;29;28;25m▃[38;2;65;61;56;48;2;37;34;31m▗[38;2;159;124;119;48;2;109;88;84m▝[38;2;133;103;99;48;2;186;143;138m▃[38;2;104;86;81;48;2;158;122;117m▆[38;2;182;150;140;48;2;131;110;102m▝[38;2;128;107;99;48;2;179;148;138m▃[38;2;103;87;80;48;2;44;41;37m▌[0m[38;2;25;23;21m▌          [0m
 [38;2;0;0;0m      [0m   [38;2;2;2;2m    [0m  [7m[38;2;37;35;31m▌[0m[38;2;71;67;62;48;2;54;50;46m▗[38;2;85;81;75;48;2;67;61;57m▄[38;2;81;76;71;48;2;90;86;79m▘[38;2;77;72;67;48;2;89;84;78m▝[38;2;86;81;75;48;2;71;64;60m▅[38;2;85;79;74;48;2;90;86;80m▘[38;2;68;64;59;48;2;86;82;76m▝[38;2;84;79;74;48;2;53;49;45m▅[38;2;85;80;74;48;2;56;53;48m▅[38;2;77;72;67;48;2;90;85;79m▘[38;2;78;73;68;48;2;89;84;78m▝[38;2;88;84;78;48;2;72;66;61m▄[38;2;83;78;73;48;2;91;86;80m▘[38;2;76;70;65;48;2;88;83;77m▝[38;2;80;76;70;48;2;62;58;53m▄[38;2;52;49;45;48;2;37;35;32m▊[0m[38;2;25;23;21m▌          [0m
 [38;2;0;0;0m    [0m  [38;2;54;48;41m▂[38;2;88;78;67m▄[38;2;55;49;42m▃[0m  [38;2;0;0;0m  [0m [38;2;41;39;35m▅[38;2;76;72;67;48;2;55;52;48m▅[38;2;90;86;80;48;2;78;74;68m▆[38;2;92;88;81;48;2;92;87;81m┈[48;2;92;88;81m   [48;2;92;89;81m┈[38;2;115;130;94;48;2;94;92;82m▂[38;2;116;132;95;48;2;93;89;81m▃[38;2;98;98;84;48;2;93;90;82m▁[48;2;92;88;81m    [38;2;113;127;93;48;2;94;92;82m▂[38;2;114;131;92;48;2;85;81;74m▃[38;2;82;86;68;48;2;54;51;47m▖[0m[38;2;42;39;36m▖[0m  [38;2;0;0;0m        [0m
 [38;2;0;0;0m    [0m [7m[38;2;32;29;26m▌[0m[38;2;59;55;50;48;2;121;113;103m▍[38;2;180;171;161;48;2;151;134;115m▅[38;2;132;122;112;48;2;75;70;64m▋[0m[38;2;35;33;30m▌[0m [38;2;8;7;6m  [0m [38;2;33;31;28;48;2;51;48;44m▌[38;2;70;67;62;48;2;85;81;75m▌[48;2;92;88;81m     [38;2;92;88;81;48;2;101;106;86m▊[38;2;119;138;95;48;2;138;170;107m▌[38;2;136;160;109;48;2;154;183;122m▝[38;2;174;170;154;48;2;113;115;98m▄[38;2;177;168;158;48;2;107;102;95m▄▄▄[38;2;177;169;158;48;2;108;104;95m▄[38;2;163;178;137;48;2;133;155;107m▄[38;2;146;181;112;48;2;129;156;101m▋[38;2;110;124;90;48;2;88;84;77m▌[38;2;76;72;66;48;2;64;61;56m╴[0m[38;2;37;35;31m▌[0m [38;2;10;9;8m        [0m
 [38;2;0;0;0m   [0m  [38;2;83;79;74;48;2;27;25;23m▂[38;2;85;81;75;48;2;148;142;135m▍[38;2;185;178;169;48;2;200;192;183m▎[38;2;153;147;139;48;2;85;82;77m▋[0m[38;2;36;34;31m▌[0m [38;2;8;7;7m  [0m [38;2;31;29;26;48;2;45;42;39m▍[38;2;49;46;42;48;2;68;65;60m▅[38;2;54;51;47;48;2;80;75;70m▅[38;2;59;56;51m▅[38;2;59;56;52m▅[38;2;69;65;61;48;2;83;78;73m▖[38;2;89;84;79;48;2;92;88;81m▏[38;2;92;88;81;48;2;107;104;94m▊[38;2;133;133;116;48;2;160;162;139m▌[38;2;187;182;166;48;2;171;185;144m▆[38;2;192;186;171;48;2;198;188;177m▏[48;2;199;189;178m [38;2;207;154;149;48;2;202;177;168m▗[38;2;211;130;130;48;2;207;155;150m┱[38;2;205;167;159;48;2;200;183;173m▖[38;2;180;186;155;48;2;191;184;170m▝[38;2;174;177;151;48;2;151;153;131m▌[38;2;121;120;106;48;2;90;86;79m▌[38;2;76;72;66;48;2;58;55;51m▌[0m[38;2;38;36;33m▌[0m [38;2;10;9;8m   [0m    [38;2;0;0;0m [0m
 [38;2;0;0;0m   [0m [38;2;27;26;23;48;2;54;51;47m▌[38;2;113;107;101;48;2;152;144;136m▌[38;2;137;131;124;48;2;191;183;174m▂[38;2;142;137;131;48;2;195;189;182m▃[38;2;131;127;121;48;2;76;73;69m▋[0m[38;2;36;34;31m▌[0m [38;2;8;7;7m  [0m [38;2;37;35;31;48;2;52;53;43m▊[38;2;82;99;63;48;2;52;52;43m▃[38;2;86;102;68;48;2;63;61;54m▄[38;2;66;66;56;48;2;81;78;71m▂[38;2;62;59;54;48;2;83;78;73m▂[38;2;66;63;57;48;2;87;82;76m▃[38;2;68;64;59;48;2;88;83;77m▂[38;2;86;81;76;48;2;92;88;81m▖[38;2;93;89;82;48;2;121;114;107m▆[38;2;160;152;142;48;2;117;111;104m▝[38;2;137;130;122;48;2;186;177;167m▃[38;2;141;134;126;48;2;193;183;172m▃[48;2;194;179;169m▃[48;2;195;175;165m▃[38;2;140;133;125;48;2;192;180;170m▃[38;2;125;118;111;48;2;163;155;146m▄[38;2;92;87;81;48;2;131;124;116m▆[38;2;67;64;59;48;2;91;86;80m▃[38;2;30;29;26;48;2;59;56;52m▂[0m[38;2;37;35;32m▘[0m [38;2;7;6;6m [0m [38;2;118;116;116m▃[0m [7m[38;2;157;154;154m▌[0m[38;2;186;183;183m▌[0m [38;2;49;48;48m [0m
 [38;2;0;0;0m   [0m [38;2;30;28;26;48;2;48;44;41m▌[38;2;65;61;57;48;2;81;76;71m▍[38;2;78;74;69;48;2;89;85;79m▗[38;2;45;42;39;48;2;75;71;65m▗[0m[7m[38;2;51;48;45m▄[38;2;23;21;19m▅[0m [38;2;4;4;3m  [0m [38;2;33;31;28;48;2;56;60;45m▌[38;2;85;103;66;48;2;105;131;81m▌[38;2;98;121;75;48;2;113;141;86m▝[38;2;104;130;79;48;2;68;78;54m▅[38;2;85;104;66;48;2;57;61;46m▖[38;2;70;69;60;48;2;53;50;46m▄[38;2;84;80;74;48;2;64;60;56m▅[38;2;84;79;74;48;2;89;84;78m▏[48;2;92;88;81m▁▁▁▁▁▁[38;2;83;78;73;48;2;91;87;81m▁[38;2;85;80;74;48;2;79;75;69m╴[38;2;31;29;27;48;2;64;60;56m▗[0m[7m[38;2;39;37;34m▄[0m [38;2;18;17;15m [0m  [7m[38;2;142;140;140m▌[0m[38;2;197;195;195;48;2;137;136;136m▋[0m [7m[38;2;172;170;170m▌[0m[38;2;204;201;201;48;2;125;124;124m▌[0m [38;2;180;177;177m▗[0m
 [38;2;0;0;0m   [0m [38;2;30;28;26;48;2;48;44;41m▌[38;2;65;61;57;48;2;81;76;71m▍[38;2;88;84;78;48;2;78;74;69m▋[38;2;39;37;33;48;2;65;61;56m▝[0m[38;2;39;37;34m▃[0m    [38;2;33;31;28m▃[38;2;46;43;40;48;2;64;62;55m▋[38;2;78;78;67;48;2;90;91;77m▌[38;2;98;104;83;48;2;107;126;86m▅[38;2;104;119;85;48;2;113;139;87m▂[38;2;113;140;87;48;2;98;121;75m▆[38;2;81;92;65;48;2;99;123;76m▝[38;2;89;109;68;48;2;65;65;55m▃[38;2;88;108;68;48;2;63;62;54m▃▃▃▃▃▃[38;2;89;109;68;48;2;64;65;54m▂[38;2;54;56;45;48;2;72;68;63m▆[38;2;47;45;41;48;2;25;23;21m▘[0m  [38;2;0;0;0m [0m  [38;2;190;187;187m╺[0m   [38;2;172;170;170m▝[38;2;204;201;201m▘[0m [38;2;117;116;116;48;2;200;197;197m▌[0m
 [38;2;0;0;0m   [0m [38;2;30;28;26;48;2;48;44;41m▌[38;2;65;61;57;48;2;81;76;71m▍[38;2;92;88;81;48;2;91;86;80m▇[38;2;91;87;80;48;2;85;80;74m▇[38;2;60;57;52;48;2;83;79;73m▝[38;2;27;25;23;48;2;60;57;53m▝[0m[38;2;41;38;35m▄[38;2;38;36;33m▄[7m[38;2;54;51;47m▘[0m[38;2;83;79;73;48;2;58;55;50m▅[38;2;83;78;72;48;2;91;86;80m▘[38;2;92;88;81;48;2;90;86;80m▇[48;2;94;92;82m▇[38;2;93;91;82;48;2;99;105;83m▇[38;2;96;99;83;48;2;108;128;86m▄[38;2;96;97;82;48;2;111;134;86m▃[48;2;110;133;86m▃[38;2;102;102;85;48;2;111;134;86m▃[38;2;192;182;131;48;2;137;149;99m▗[38;2;184;178;126;48;2;123;147;91m▅[38;2;98;103;83;48;2;121;136;91m▗[38;2;96;97;82;48;2;110;133;86m▃▃[38;2;95;95;82;48;2;104;126;82m▃[38;2;58;59;49;48;2;85;89;72m▝[0m[7m[38;2;56;53;49m▝[0m[38;2;44;41;37m▄[38;2;66;63;60m▃[38;2;147;145;144m▄[7m[38;2;128;126;126m▘[38;2;158;156;156m▄[0m  [38;2;149;147;147m▄[7m[38;2;156;154;154m▄[0m[38;2;117;116;116m▘[0m [38;2;151;149;149m▄[38;2;175;173;173m▝[0m
 [38;2;0;0;0m   [0m [38;2;48;44;41;48;2;30;28;25m▝[38;2;55;52;48;48;2;74;70;65m▂[38;2;81;77;71;48;2;91;87;80m▂[38;2;92;88;81;48;2;92;87;81m┈[48;2;92;88;81m [38;2;90;86;79;48;2;82;78;72m▇[38;2;90;86;80;48;2;71;68;62m▅[48;2;70;67;61m▅[38;2;90;86;79;48;2;80;76;71m▆[38;2;91;87;81;48;2;92;88;81m▏       [38;2;93;89;81;48;2;102;97;86m▉[38;2;99;94;84;48;2;155;143;111m▅[38;2;101;96;85;48;2;169;156;118m▅[38;2;112;105;90;48;2;96;92;83m▏[48;2;92;88;81m   [38;2;92;88;81;48;2;104;97;89m▉[38;2;164;149;134;48;2;124;113;103m▗[38;2;189;174;158;48;2;134;123;112m▅[38;2;202;192;181;48;2;149;141;133m▅[38;2;109;104;98;48;2;166;161;155m▗[38;2;139;137;137;48;2;49;48;46m▘[0m [38;2;181;179;179m╺[7m[38;2;119;117;117m▗[0m  [38;2;118;116;116m▅[38;2;182;179;179m╸[7m[38;2;117;115;115m▅[0m [0m
 [38;2;0;0;0m   [0m  [7m[38;2;36;34;31m▌[0m[38;2;54;51;47;48;2;72;68;63m▌[38;2;84;79;74;48;2;92;87;81m▍[48;2;92;88;81m                [38;2;92;87;81;48;2;89;84;78m▉[38;2;70;66;61;48;2;87;83;77m▂[38;2;61;58;53;48;2;88;84;77m▃▃[38;2;62;59;54;48;2;90;85;79m▃[38;2;87;80;72;48;2;141;129;117m▃[38;2;109;100;91;48;2;183;169;154m▃[38;2;112;106;99;48;2;194;184;173m▃[0m[7m[38;2;116;110;104m▗[0m[38;2;36;34;31m▘[0m    [7m[38;2;144;143;143m▃[0m[38;2;126;124;124m▘[0m  [38;2;0;0;0m [0m
 [38;2;0;0;0m    [0m  [7m[38;2;47;45;41m▅[0m[38;2;48;45;41;48;2;61;57;53m▏[38;2;50;47;42;48;2;79;75;69m▄[38;2;60;57;52;48;2;82;77;72m▖[38;2;88;84;78;48;2;92;88;81m▎         [38;2;90;86;80m▁[38;2;81;77;72;48;2;91;87;80m▁[38;2;82;77;72;48;2;75;71;66m╴[38;2;34;32;30;48;2;70;67;61m▂[38;2;32;30;27;48;2;67;63;58m▂[0m[7m[38;2;47;44;40m▄[38;2;33;31;28m▅▅▅▅▅[38;2;31;29;27m▅[0m [38;2;16;15;13m          [0m
 [38;2;0;0;0m      [0m [38;2;33;31;28;48;2;47;44;40m▍[38;2;67;64;59;48;2;48;45;41m▃[38;2;59;55;51;48;2;79;74;69m▘[38;2;88;83;77;48;2;92;88;81m▎      [38;2;91;87;81;48;2;90;85;79m▉[38;2;74;70;65;48;2;89;85;79m▂[38;2;70;66;61;48;2;90;86;80m▃[38;2;52;50;45;48;2;79;75;70m▁[38;2;28;26;24;48;2;61;57;53m▃[0m[38;2;41;38;35m▘[0m   [38;2;1;1;1m                 [0m
 [38;2;0;0;0m     [0m  [38;2;90;83;76;48;2;48;45;41m▗[38;2;150;139;126;48;2;94;88;81m▅[38;2;159;148;135;48;2;111;104;96m▄[38;2;124;117;110;48;2;95;90;83m▁[38;2;87;81;74;48;2;91;86;80m▅[38;2;150;136;120;48;2;109;101;91m▗[38;2;167;152;134;48;2;108;101;92m▅[38;2;169;154;137;48;2;109;102;93m▅[38;2;148;136;122;48;2;108;101;92m▖[38;2;74;70;65;48;2;89;84;78m▗[38;2;39;36;33;48;2;70;66;61m▁[0m[7m[38;2;52;49;45m▄[38;2;37;35;32m▄[38;2;31;29;26m▄[0m  [38;2;0;0;0m                    [0m
 [38;2;0;0;0m    [0m [38;2;33;31;28m▗[38;2;150;143;135;48;2;76;72;68m▗[38;2;197;188;177;48;2;142;135;127m▆[38;2;212;201;190;48;2;188;177;164m▆[38;2;204;194;184;48;2;189;178;165m▆[38;2;181;172;163;48;2;154;147;138m▆[38;2;88;83;76;48;2;141;134;126m▝[38;2;131;122;113;48;2;177;168;157m▘[38;2;203;192;179;48;2;192;178;164m▋[38;2;139;123;105;48;2;176;159;142m▗[38;2;63;55;48;48;2;111;99;87m▁[0m[7m[38;2;52;49;45m▄[38;2;27;26;23m▆[0m [38;2;1;1;1m                        [0m
 [38;2;0;0;0m    [0m [38;2;29;27;25m▝[7m[38;2;104;99;93m▄[0m[38;2;88;83;78;48;2;185;177;167m▃[38;2;97;92;86;48;2;197;188;178m▃[38;2;83;78;73;48;2;163;155;146m▃[38;2;66;62;58;48;2;111;105;99m▄[38;2;71;67;62;48;2;164;156;148m▂[38;2;76;72;67;48;2;185;176;167m▂[38;2;78;74;70;48;2;174;166;157m▃[0m[7m[38;2;88;82;75m▄[38;2;46;41;35m▇[0m  [38;2;0;0;0m                         [0m
[?25h