[?25l[0m [38;2;0;0;0m                                           [0m
 [38;2;0;0;0m                                           [0m
 [38;2;0;0;0m                [0m     [38;2;2;2;2m     [0m     [38;2;2;2;2m            [0m
 [38;2;0;0;0m              [0m  [38;2;57;49;46m▗[38;2;94;79;74m▄[38;2;102;83;79;48;2;23;22;20m▄[38;2;102;84;79m▄[0m[38;2;86;72;67m▄[0m  [38;2;7;7;6m [0m  [38;2;65;55;51m▗[38;2;99;83;77m▄[38;2;103;83;78;48;2;23;22;20m▄[38;2;104;85;79m▄[0m[38;2;101;84;78m▃[0m  [38;2;8;7;7m          [0m
 [38;2;0;0;0m              [0m [7m[38;2;34;31;28m▌[0m[38;2;71;61;56;48;2;133;107;102m▍[38;2;185;148;141;48;2;158;131;124m▇[38;2;135;105;101;48;2;181;142;137m▂[38;2;155;121;115;48;2;186;147;140m▖[38;2;186;149;141;48;2;155;125;117m▊[38;2;119;96;90;48;2;51;45;41m▌[0m[38;2;26;24;22m▌[0m  [7m[38;2;37;34;31m▌[0m[38;2;91;75;70;48;2;148;119;112m▍[38;2;193;154;146;48;2;168;138;129m▇[38;2;133;103;99;48;2;182;141;136m▂[38;2;160;129;122;48;2;189;152;144m▖[38;2;186;154;143;48;2;150;125;116m▊[38;2;110;92;85;48;2;42;39;35m▌[0m[38;2;23;22;20m▌          [0m
 [38;2;0;0;0m              [0m [7m[38;2;36;34;30m▌[0m[38;2;121;93;90;48;2;62;53;50m▝[38;2;72;63;59;48;2;151;114;111m▄[38;2;122;96;92;48;2;85;77;72m▘[38;2;144;112;106;48;2;92;80;75m▝[38;2;77;68;64;48;2;158;121;116m▄[38;2;116;93;87;48;2;81;75;70m▘[38;2;66;63;58;48;2;34;32;29m▅[0m[38;2;51;47;43m▄[38;2;54;51;46m▄[38;2;41;39;36;48;2;72;68;63m▘[38;2;136;106;102;48;2;89;79;74m▝[38;2;76;67;63;48;2;155;119;115m▄[38;2;119;94;90;48;2;85;78;73m▘[38;2;147;123;114;48;2;93;83;77m▝[38;2;68;61;56;48;2;151;126;117m▄[38;2;98;83;76;48;2;46;43;39m▘[0m[38;2;25;23;21m▌          [0m
 [38;2;0;0;0m      [0m   [38;2;11;10;9m    [0m [38;2;28;26;24m▂[38;2;61;58;54;48;2;33;31;29m▗[38;2;53;50;46;48;2;75;71;66m▘[38;2;90;85;79;48;2;77;73;68m▆[38;2;91;87;81;48;2;88;83;77m▇[38;2;91;87;80;48;2;85;80;75m▇[48;2;81;76;71m▆[38;2;92;87;81;48;2;89;84;78m▇[38;2;91;87;80;48;2;82;78;73m▇[48;2;77;73;68m▆[48;2;78;74;69m▆[48;2;87;82;76m▇[48;2;86;81;75m▇[48;2;80;76;71m▆[38;2;92;87;81;48;2;88;84;78m▇[38;2;91;87;80;48;2;83;79;74m▇[38;2;85;80;74;48;2;73;69;64m▋[38;2;55;52;48;48;2;37;35;32m▊[0m[38;2;25;23;21m▌          [0m
 [38;2;0;0;0m    [0m [38;2;28;26;24m▗[38;2;83;75;65m▄[38;2;140;124;106;48;2;60;54;47m▅[0m[38;2;87;78;67m▅[38;2;31;29;26m▖[0m [38;2;5;5;4m  [0m [38;2;31;29;26;48;2;48;45;41m▍[38;2;70;66;61;48;2;85;80;74m▌[38;2;92;88;81;48;2;91;86;80m▇[48;2;92;88;81m    [38;2;93;89;81;48;2;100;103;86m▉[38;2;129;152;102;48;2;102;107;87m▄[38;2;135;162;106;48;2;100;103;86m▅[38;2;112;121;94;48;2;96;92;84m▖[38;2;118;112;105;48;2;92;88;81m▁▁▁[38;2;119;114;105;48;2;93;89;81m▁[38;2;128;149;103;48;2;102;105;86m▄[38;2;134;163;105;48;2;94;98;80m▅[38;2;108;121;89;48;2;71;69;61m▖[0m[38;2;56;52;48m▅[38;2;26;24;22m▄[0m [38;2;6;6;5m        [0m
 [38;2;0;0;0m    [0m [7m[38;2;33;31;28m▌[0m[38;2;63;60;55;48;2;134;128;121m▍[38;2;192;186;178;48;2;176;166;154m▅[38;2;146;140;132;48;2;82;78;73m▋[0m[38;2;36;34;31m▌[0m [38;2;8;7;7m  [0m [38;2;31;29;26;48;2;48;45;41m▍[38;2;67;63;59;48;2;80;76;70m▌[38;2;74;70;65;48;2;91;86;80m▂▂▂[38;2;83;78;73;48;2;91;87;80m▂[48;2;92;88;81m [38;2;92;88;81;48;2;102;105;88m▊[38;2;121;136;100;48;2;142;167;114m▌[38;2;177;185;151;48;2;156;181;125m▃[38;2;194;187;172;48;2;157;155;139m▅[38;2;193;183;173;48;2;150;142;134m▆[38;2;195;178;168m▆[38;2;196;171;162m▆[38;2;194;180;170;48;2;150;143;133m▆[38;2;179;186;154;48;2;155;172;128m▅[38;2;156;184;124;48;2;138;161;111m▍[38;2;113;123;95;48;2;90;86;79m▌[38;2;76;72;66;48;2;58;55;51m▌[0m[38;2;38;36;33m▌[0m [38;2;10;9;8m        [0m
 [38;2;0;0;0m   [0m  [38;2;132;126;119;48;2;44;42;39m▄[38;2;98;94;88;48;2;180;172;164m▘[38;2;202;195;186;48;2;190;183;175m▊[38;2;152;147;140;48;2;85;82;77m▋[0m[38;2;36;34;31m▌[0m [38;2;8;7;7m  [0m [38;2;31;29;26;48;2;44;41;38m▍[38;2;46;43;39;48;2;56;53;48m▇[38;2;67;63;58;48;2;53;50;45m▗[38;2;80;76;70;48;2;57;54;49m▄[38;2;82;78;73m▄[38;2;68;64;60;48;2;85;80;75m▘[38;2;89;85;79;48;2;92;88;81m▏[38;2;93;89;82;48;2;108;103;95m▉[38;2;109;103;96;48;2;150;144;133m▃[38;2;139;131;123;48;2;182;175;163m▂[38;2;188;179;168;48;2;197;187;176m▏[48;2;199;189;178m [38;2;207;153;148;48;2;201;180;170m▝[38;2;203;172;164;48;2;211;132;131m▄[38;2;205;166;159;48;2;199;185;174m▘[38;2;157;149;140;48;2;189;181;169m▗[38;2;116;110;103;48;2;167;161;149m▃[38;2;126;121;112;48;2;95;90;83m▘[38;2;76;72;66;48;2;58;55;51m▌[0m[38;2;38;36;33m▌[0m [38;2;10;9;8m        [0m
 [38;2;0;0;0m   [0m [38;2;30;28;26;48;2;53;50;46m▌[38;2;79;75;70;48;2;133;127;119m▄[38;2;97;92;86;48;2;172;165;156m▄[38;2;89;85;80;48;2;164;159;153m▄[38;2;128;124;118;48;2;66;63;59m▘[0m[38;2;33;31;28m▌[0m [38;2;7;6;6m  [0m [38;2;33;31;28;48;2;53;55;43m▌[38;2;92;114;71;48;2;68;78;53m▅[38;2;100;123;77;48;2;79;89;64m▅[38;2;83;102;64;48;2;71;73;60m▁[38;2;56;56;47;48;2;80;75;70m▅[38;2;55;52;48m▅[38;2;59;56;51;48;2;76;72;67m▖[38;2;83;79;73;48;2;90;86;79m▖[48;2;92;88;81m [38;2;129;123;115;48;2;96;92;85m▝[38;2;97;92;85;48;2;157;149;140m▄[38;2;97;93;86;48;2;163;154;145m▄▄▄[48;2;162;153;144m▄[38;2;92;87;81;48;2;132;126;118m▄[38;2;70;67;62;48;2;88;83;78m▂[38;2;37;35;32;48;2;68;64;60m▂[0m[7m[38;2;45;43;39m▄[0m  [38;2;3;3;3m   [0m    [38;2;0;0;0m [0m
 [38;2;0;0;0m   [0m [38;2;30;28;26;48;2;48;44;41m▌[38;2;65;61;57;48;2;81;76;71m▍[38;2;89;85;79;48;2;78;74;68m▌[38;2;60;57;52;48;2;42;40;36m▋[0m[38;2;32;30;27m▎[0m  [38;2;0;0;0m  [0m [38;2;33;31;28;48;2;54;57;45m▌[38;2;81;94;64;48;2;100;119;79m▌[38;2;105;121;85;48;2;112;139;86m▂[38;2;112;140;86;48;2;97;121;74m▆[38;2;58;64;47;48;2;93;115;72m▝[38;2;84;97;67;48;2;67;65;58m▄[38;2;64;62;54;48;2;83;79;73m▂[38;2;66;63;57;48;2;88;84;78m▃[48;2;89;85;79m▃▃▃▃▃▃[38;2;65;62;57;48;2;89;84;78m▃[38;2;37;34;32;48;2;68;64;59m▗[0m[7m[38;2;45;42;39m▄[0m  [38;2;1;0;0m   [0m [38;2;118;116;116m▃[0m [7m[38;2;157;154;154m▌[0m[38;2;186;183;183m▌[0m [38;2;49;48;48m [0m
 [38;2;0;0;0m   [0m [38;2;30;28;26;48;2;48;44;41m▌[38;2;65;61;57;48;2;81;76;71m▍[38;2;81;77;71;48;2;91;86;80m▝[38;2;54;51;47;48;2;81;77;71m▝[38;2;62;59;54;48;2;28;27;24m▄[0m[38;2;37;35;32m▖[0m  [38;2;32;30;27m▗[38;2;56;53;49m▄[38;2;48;45;41;48;2;77;73;68m▘[38;2;77;73;67;48;2;90;85;79m▘[38;2;102;113;84;48;2;94;92;82m▝[38;2;97;100;83;48;2;110;132;86m▄[38;2;107;124;85;48;2;114;141;87m▖[38;2;92;114;71;48;2;111;138;85m▝[38;2;106;132;82;48;2;66;76;53m▅[38;2;107;132;82;48;2;64;72;51m▅[38;2;113;136;85m▅[38;2;115;138;86m▅[38;2;108;132;82m▅[38;2;106;131;81m▅▅[38;2;100;123;77;48;2;62;69;49m▅[38;2;79;93;63;48;2;53;54;43m▖[0m[38;2;32;30;28m▌[0m   [38;2;4;3;3m [0m  [7m[38;2;142;140;140m▌[0m[38;2;197;195;195;48;2;137;136;136m▋[0m [7m[38;2;172;170;170m▌[0m[38;2;204;201;201;48;2;125;124;124m▌[0m [38;2;180;177;177m▗[0m
 [38;2;0;0;0m   [0m [38;2;30;28;26;48;2;48;44;41m▌[38;2;65;61;57;48;2;81;76;71m▍[38;2;91;86;80;48;2;92;88;81m▏ [38;2;91;87;80;48;2;80;76;71m▆[38;2;80;76;70;48;2;55;52;48m▆[38;2;65;61;57;48;2;30;28;26m▅[38;2;63;60;55;48;2;28;26;24m▅[38;2;79;75;69;48;2;53;50;46m▅[38;2;89;85;78;48;2;74;70;65m▇[38;2;92;87;81;48;2;89;85;79m▇[48;2;92;88;81m  [38;2;92;88;81;48;2;93;89;81m┈[38;2;93;90;81;48;2;102;113;84m▆[38;2;92;89;81;48;2;103;116;84m▅▅[38;2;97;93;83;48;2;107;119;86m▅[38;2;147;141;107;48;2;180;170;124m▌[38;2;155;143;111;48;2;186;177;127m▂[38;2;132;129;99;48;2;99;101;83m▍[38;2;92;89;81;48;2;103;116;84m▅▅[38;2;92;88;81;48;2;100;111;82m▅[38;2;81;77;70;48;2;91;89;80m▝[38;2;110;101;92;48;2;57;54;50m▄[38;2;127;117;106;48;2;32;30;27m▄[38;2;133;126;118;48;2;29;27;25m▄[0m[38;2;82;77;73m▃[38;2;77;76;76m▂[0m [38;2;190;187;187m╺[0m   [38;2;172;170;170m▝[38;2;204;201;201m▘[0m [38;2;117;116;116;48;2;200;197;197m▌[0m
 [38;2;0;0;0m   [0m [7m[38;2;33;31;28m▄[0m[38;2;27;26;23;48;2;60;56;52m▖[38;2;65;62;57;48;2;86;81;76m▃[38;2;87;82;76;48;2;91;87;80m▏[48;2;92;88;81m [38;2;92;88;81;48;2;91;86;80m▇[48;2;87;82;77m▇[48;2;87;82;76m▇[48;2;90;85;79m▇[48;2;92;88;81m         [48;2;115;107;91m▇[48;2;121;113;94m▇[48;2;97;92;83m▇[38;2;91;86;80;48;2;92;88;81m▁[38;2;90;85;79m▁▁[38;2;92;88;81;48;2;107;100;92m▉[38;2;132;121;110;48;2;163;148;133m▌[38;2;186;169;152;48;2;197;183;168m▌[38;2;206;195;184;48;2;190;181;171m▉[38;2;157;150;141;48;2;95;90;85m▋[38;2;147;145;144;48;2;68;66;65m▝[0m[7m[38;2;164;162;162m▄[0m  [38;2;149;147;147m▄[7m[38;2;156;154;154m▄[0m[38;2;117;116;116m▘[0m [38;2;151;149;149m▄[38;2;175;173;173m▝[0m
 [38;2;0;0;0m    [0m [7m[38;2;29;27;24m▌[0m[38;2;39;37;34;48;2;60;56;52m▖[38;2;69;65;60;48;2;86;82;75m▁[38;2;78;74;68;48;2;91;87;80m▂[38;2;83;79;73;48;2;91;87;81m▂[48;2;92;88;81m            [38;2;84;80;74;48;2;92;87;81m▂[38;2;78;74;68;48;2;91;87;80m▂[38;2;92;88;81;48;2;85;81;75m╴[38;2;40;38;34;48;2;70;66;61m▁[38;2;27;25;23;48;2;62;59;54m▂▂[48;2;63;60;55m▂[38;2;37;34;31;48;2;109;100;90m▄[38;2;38;35;32;48;2;140;129;117m▄[38;2;37;34;31;48;2;146;138;130m▄[0m[7m[38;2;91;86;81m▅[0m  [38;2;0;0;0m [0m   [38;2;129;127;127m▗[38;2;182;179;179m╸[7m[38;2;117;115;115m▅[0m [0m
 [38;2;0;0;0m     [0m [7m[38;2;26;25;23m▊[0m[38;2;35;32;30;48;2;48;45;40m▎[38;2;46;43;39;48;2;61;58;53m▆[38;2;61;57;53;48;2;77;73;67m▌[38;2;86;82;76;48;2;92;88;81m▎         [38;2;87;82;76;48;2;90;86;80m▁[38;2;63;59;55;48;2;85;81;75m▂[38;2;34;32;29;48;2;66;63;58m▃[0m[7m[38;2;46;43;40m▃[38;2;47;44;40m▄[0m[38;2;28;26;24m▘[0m       [38;2;0;0;0m      [0m   [38;2;0;0;0m [0m
 [38;2;0;0;0m      [0m [38;2;40;37;34;48;2;59;55;50m▊[38;2;107;99;91;48;2;66;62;57m▂[38;2;115;108;99;48;2;81;77;71m▂[38;2;95;89;83;48;2;92;87;81m▁[38;2;90;85;79;48;2;92;88;81m▂[38;2;111;102;92;48;2;93;89;82m▁[38;2;122;112;101;48;2;92;88;81m▂[38;2;123;114;103m▂[38;2;111;103;95;48;2;93;89;82m▁[38;2;89;84;78;48;2;92;88;81m▁[38;2;77;73;67;48;2;89;85;79m▁[38;2;45;43;39;48;2;74;70;65m▁[38;2;34;32;30;48;2;70;66;61m▂[38;2;32;30;27;48;2;67;63;58m▃[0m[7m[38;2;38;36;33m▄[0m [38;2;18;16;15m                    [0m
 [38;2;0;0;0m    [0m  [38;2;89;85;80m▗[38;2;147;139;131;48;2;60;56;51m▄[38;2;190;179;167;48;2;147;136;124m▄[38;2;191;180;168;48;2;151;140;128m▄[38;2;167;159;150;48;2;105;99;92m▃[38;2;119;113;105;48;2;86;81;73m▖[38;2;169;158;144;48;2;130;119;106m▗[38;2;192;176;160;48;2;160;145;128m▅[38;2;180;163;145;48;2;156;142;128m▆[38;2;145;132;118;48;2;111;102;93m▌[38;2;50;47;43;48;2;77;73;68m▗[0m[7m[38;2;53;50;46m▃[38;2;28;26;24m▅[0m   [38;2;0;0;0m                     [0m
 [38;2;0;0;0m    [0m [7m[38;2;32;30;27m▌[0m[38;2;63;60;55;48;2;139;132;124m▍[38;2;181;172;163;48;2;208;198;188m▎[38;2;199;190;180;48;2;215;204;193m▁[38;2;161;153;144;48;2;203;193;183m▗[38;2;112;106;99;48;2;179;170;161m▃[38;2;176;168;159;48;2;132;125;118m▅[38;2;156;148;140;48;2;199;190;180m▘[38;2;175;166;156;48;2;203;193;181m▗[38;2;71;64;56;48;2;151;137;123m▗[0m[7m[38;2;96;85;73m▄[38;2;29;27;24m▅[0m  [38;2;0;0;0m                        [0m
 [38;2;0;0;0m    [0m  [38;2;78;74;70m▝[38;2;28;26;23;48;2;129;123;116m▄[38;2;31;29;27;48;2;141;134;126m▄[48;2;115;110;103m▄[38;2;27;25;23;48;2;68;64;60m▃[38;2;31;29;27;48;2;126;120;113m▄[48;2;141;134;126m▄[38;2;24;23;21;48;2;117;112;105m▄[0m[38;2;59;56;53m▘[0m [38;2;10;9;8m                           [0m
 [38;2;0;0;0m      [0m         [38;2;0;0;0m                            [0m
[?25h