[?25l[0m [38;2;0;0;0m      [0m [38;2;105;87;83m▃[38;2;110;91;85m▃[0m  [38;2;87;73;67m▂[38;2;119;96;91m▃[38;2;94;79;73m▂[0m [38;2;0;0;0m    [0m
 [38;2;0;0;0m      [7m[38;2;55;48;45m▌[0m[38;2;82;74;69;48;2;162;127;122m▄[38;2;88;80;75;48;2;167;131;125m▄[0m[7m[38;2;82;74;69m▝[0m[38;2;65;62;57m▄[38;2;175;137;131;48;2;82;73;69m▝[38;2;95;85;80;48;2;170;135;128m▅[38;2;180;150;139;48;2;70;62;57m▘[0m[38;2;23;21;19m▎    [0m
 [38;2;0;0;0m [0m [38;2;162;151;138;48;2;38;35;31m▗[0m[38;2;132;123;113m▖[0m  [38;2;45;43;39;48;2;75;71;66m▘[38;2;92;88;81;48;2;91;87;80m┈[38;2;92;87;81;48;2;92;88;81m▁[38;2;134;163;104;48;2;96;95;83m▗[38;2;162;167;139;48;2;98;99;85m▃[38;2;185;175;165;48;2;98;94;87m▂[38;2;179;177;157;48;2;102;102;89m▂[38;2;142;174;110;48;2;85;87;72m▖[0m[38;2;61;58;53m▖[0m [38;2;1;1;1m   [0m
 [38;2;0;0;0m [38;2;80;76;70m▗[38;2;102;97;91;48;2;163;156;148m▘[38;2;129;124;118;48;2;31;29;26m▌[0m [7m[38;2;24;22;20m▋[0m[38;2;78;92;61;48;2;52;48;44m▃[38;2;87;83;77;48;2;68;68;59m─[38;2;60;56;52;48;2;85;80;74m▂[38;2;151;150;133;48;2;93;89;82m▝[38;2;105;100;93;48;2;182;174;162m▂[38;2;110;105;98;48;2;197;170;162m▂[38;2;107;101;95;48;2;188;172;161m▂[38;2;164;162;144;48;2;89;84;78m▘[0m[7m[38;2;41;39;36m▂[0m [38;2;1;1;1m [0m [38;2;21;20;20m [0m
 [38;2;0;0;0m [7m[38;2;52;49;45m▍[0m[38;2;65;61;56;48;2;85;80;75m▝[0m[38;2;56;52;48m▂[0m [38;2;54;51;47m▂[38;2;68;68;58;48;2;96;105;79m▍[38;2;105;123;83;48;2;85;103;66m▇[38;2;108;133;83;48;2;77;81;64m▃[38;2;121;144;91;48;2;79;81;67m▂[38;2;119;143;90;48;2;79;82;67m▂[38;2;104;127;80;48;2;77;76;67m▃[38;2;34;32;29;48;2;74;75;63m▗[0m[38;2;36;34;31m▘[0m  [38;2;120;119;119m▅[7m[38;2;163;161;161m▍[0m [0m
 [38;2;0;0;0m [38;2;57;54;50m▝[38;2;58;55;51;48;2;88;84;78m▖[38;2;91;87;80;48;2;77;73;67m▇[38;2;83;79;73;48;2;34;32;29m▇[38;2;91;86;80;48;2;76;72;67m▇[48;2;92;88;81m [38;2;92;88;81;48;2;95;94;82m▇[48;2;100;110;84m▇[38;2;162;152;115;48;2;95;91;82m▝[38;2;153;144;110;48;2;93;90;81m▘[38;2;77;73;68;48;2;93;91;81m▁[38;2;126;116;105;48;2;92;88;80m▗[38;2;179;167;155;48;2;54;50;46m▆[0m[38;2;111;106;99m▖[0m   [7m[38;2;139;138;138m▚[0m
 [38;2;0;0;0m [0m [7m[38;2;40;38;35m▖[0m[38;2;62;58;53;48;2;89;85;78m▆[38;2;88;83;77;48;2;92;88;81m▏  [38;2;86;82;76m▁[38;2;92;88;81;48;2;87;83;76m╴[0m[7m[38;2;75;71;65m▗[38;2;67;64;59m▄[38;2;48;45;42m▆[38;2;50;46;42m▆[38;2;65;61;56m▆[0m [38;2;0;0;0m   [0m [0m
 [38;2;0;0;0m [0m [38;2;173;164;156;48;2;37;35;32m▗[38;2;197;187;176;48;2;115;107;98m▅[38;2;154;146;138;48;2;96;91;83m▄[38;2;179;167;153;48;2;110;103;93m▆[38;2;54;50;44;48;2;122;112;100m▗[0m[7m[38;2;59;55;51m▄[38;2;35;33;30m▆[0m [38;2;0;0;0m         [0m
 [38;2;0;0;0m [0m [7m[38;2;100;95;89m▆[38;2;139;132;125m▅[38;2;89;85;79m▄[38;2;127;121;114m▅[0m [38;2;0;0;0m            [0m
 [38;2;0;0;0m                   [0m
[?25h