[?25l[0m [38;2;0;0;0m                               [0m
 [38;2;0;0;0m                               [0m
 [38;2;0;0;0m                               [0m
 [38;2;0;0;0m                               [0m
 [38;2;0;0;0m                               [0m
 [38;2;0;0;0m                               [0m
 [38;2;0;0;0m                               [0m
 [38;2;0;0;0m [0m [38;2;43;38;33m▂[38;2;58;53;46m▖[0m [38;2;1;1;1m      [0m  [38;2;79;67;62m▃[38;2;88;72;68m▃[38;2;78;66;61m▃[0m    [38;2;73;62;57m▃[38;2;89;72;68m▃[38;2;86;72;67m▃[38;2;52;44;41m▁[0m [38;2;5;4;4m      [0m
 [38;2;0;0;0m [7m[38;2;26;24;22m▌[0m[38;2;61;57;52;48;2;137;128;117m▍[38;2;114;102;89;48;2;162;153;142m▝[0m[38;2;51;48;43m▌[0m [38;2;7;6;6m     [0m [38;2;36;33;30;48;2;110;88;84m▌[38;2;149;113;109;48;2;174;139;133m▁[38;2;115;91;86;48;2;178;139;134m▃[38;2;180;142;135;48;2;150;124;116m▇[38;2;111;89;84;48;2;37;34;31m▌[0m  [38;2;29;28;25;48;2;80;67;63m▌[38;2;147;118;112;48;2;184;146;139m▍[38;2;117;94;90;48;2;180;140;134m▃[38;2;160;132;123;48;2;186;153;143m▖[38;2;130;108;101;48;2;46;41;38m▋[0m [38;2;21;20;18m      [0m
 [38;2;28;27;24m▗[38;2;110;107;102m▄[38;2;96;92;87;48;2;178;173;166m▘[38;2;180;174;165;48;2;128;123;117m▋[0m[38;2;53;50;46m▌[0m [38;2;7;6;6m    [0m  [38;2;37;34;31;48;2;61;55;51m▍[38;2;72;67;62;48;2;89;79;74m━[38;2;92;87;81;48;2;89;82;76m▃[38;2;81;77;71;48;2;117;92;88m▆[38;2;79;75;70;48;2;91;85;79m▝[48;2;40;38;35m▆[38;2;78;74;68;48;2;36;34;31m▆[38;2;87;83;77;48;2;73;67;62m▇[38;2;81;77;71;48;2;113;90;86m▆[38;2;92;87;81;48;2;89;82;76m▃[38;2;82;77;71;48;2;128;108;100m▇[38;2;75;68;63;48;2;53;48;44m▎[0m[38;2;23;21;19m▌      [0m
[7m[38;2;27;26;23m▌[0m[38;2;47;44;40;48;2;68;64;60m▘[38;2;84;79;74;48;2;108;104;99m▆[38;2;28;27;25;48;2;88;85;80m▗[0m[7m[38;2;75;73;69m▅[0m  [38;2;0;0;0m    [0m [38;2;32;30;28;48;2;58;54;50m▍[38;2;88;84;77;48;2;73;69;64m▇[48;2;92;88;81m   [38;2;106;114;89;48;2;92;89;81m▗[38;2;137;166;108;48;2;97;97;84m▄[38;2;120;134;99;48;2;96;93;84m▖[38;2;128;122;114;48;2;92;88;81m▁▁[38;2;130;126;114;48;2;94;91;82m▁[38;2;136;163;107;48;2;95;95;83m▄[38;2;120;141;96;48;2;72;71;62m▖[0m[7m[38;2;43;41;37m▝[0m [38;2;19;18;16m     [0m
[7m[38;2;30;28;26m▌[0m[38;2;52;49;44;48;2;76;72;67m▍[38;2;69;66;61;48;2;88;84;78m▝[0m[7m[38;2;61;58;53m▝[0m[38;2;36;34;31m▖[0m [38;2;43;40;37m▃[38;2;44;42;38m▃▃[38;2;35;32;30m▃[0m  [38;2;32;30;27;48;2;52;49;45m▎[38;2;53;50;46;48;2;84;80;74m▃[38;2;57;54;49;48;2;87;83;77m▃[38;2;63;59;55;48;2;88;84;77m▃[38;2;86;82;76;48;2;91;87;80m▏[38;2;95;92;83;48;2;123;130;105m▊[38;2;187;185;165;48;2;151;169;124m▗[38;2;194;188;173;48;2;164;164;143m▆[38;2;199;186;176;48;2;167;158;149m▆[38;2;210;138;137;48;2;187;169;160m▃[38;2;200;179;169;48;2;166;160;147m▆[38;2;186;183;164;48;2;157;180;127m▄[38;2;134;144;113;48;2;96;94;84m▌[38;2;70;66;62;48;2;44;41;38m▋[0m[38;2;24;23;20m▌     [0m
[7m[38;2;29;28;25m▌[0m[38;2;51;48;44;48;2;76;71;66m▍[38;2;92;88;81;48;2;91;87;81m┊[38;2;91;87;80;48;2;85;81;75m▇[38;2;86;81;75;48;2;60;56;52m▆[38;2;79;75;69;48;2;42;40;37m▆[38;2;91;87;80;48;2;74;70;65m▆[38;2;92;87;81;48;2;76;71;66m▆▆[38;2;88;83;77;48;2;65;61;57m▆[38;2;69;65;61;48;2;27;26;23m▅[0m[38;2;45;43;39m▃[38;2;56;62;45m▃[38;2;93;113;72;48;2;53;52;45m▄[38;2;63;62;55;48;2;78;77;67m▗[38;2;56;54;48;48;2;82;77;72m▃[38;2;62;59;54;48;2;88;83;77m▃[38;2;91;87;80;48;2;101;97;90m▇[38;2;100;96;89;48;2;149;141;133m▆[38;2;111;106;99;48;2;180;171;161m▃[38;2;115;109;102;48;2;190;180;169m▃[48;2;193;170;161m▃[38;2;114;108;101;48;2;188;175;165m▃[38;2;105;99;93;48;2;153;145;137m▅[38;2;67;63;59;48;2;101;95;89m▄[0m[7m[38;2;55;52;48m▃[0m[38;2;23;22;19m▘     [0m
 [7m[38;2;42;39;36m▊[0m[38;2;56;53;49;48;2;77;73;68m▍[38;2;92;88;81;48;2;91;87;80m┊[38;2;90;85;80;48;2;92;88;81m▁     [38;2;92;87;81;48;2;88;83;77m▇[38;2;91;87;80;48;2;75;71;65m▆[38;2;82;78;72;48;2;94;96;80m▘[38;2;100;108;83;48;2;111;136;86m▃[38;2;111;137;85;48;2;88;107;68m▆[38;2;99;122;76;48;2;62;66;51m▄[38;2;70;67;60;48;2;80;82;68m▚[38;2;61;60;51;48;2;88;83;77m▃[48;2;89;85;78m▃▃▃[38;2;60;60;51m▃[38;2;43;43;36;48;2;79;76;70m▁[0m[7m[38;2;62;58;54m▃[38;2;35;34;31m▆[0m [38;2;1;1;1m      [0m
  [38;2;44;41;38m▝[7m[38;2;57;54;49m▃[0m[38;2;52;49;44;48;2;75;71;66m▖[38;2;102;96;90;48;2;92;87;81m▁[38;2;100;95;88;48;2;92;88;81m▁[38;2;88;83;76m▗[38;2;129;120;109;48;2;91;86;79m▗[38;2;160;148;135;48;2;100;95;87m▃[38;2;107;101;93;48;2;95;90;83m▏[48;2;92;88;81m [38;2;94;89;83m▁[38;2;102;96;90;48;2;93;90;81m▁[38;2;96;96;83;48;2;107;124;85m▆[38;2;98;102;83;48;2;111;137;86m▃[38;2;113;137;87;48;2;99;113;80m━[38;2;131;134;99;48;2;101;119;79m▗[38;2;185;179;127;48;2;102;124;77m▄[38;2;146;147;106;48;2;100;119;79m▖[38;2;92;93;80;48;2;101;123;79m▂[38;2;61;64;51;48;2;93;114;71m▂[0m[38;2;46;55;35m▍[0m [38;2;1;1;1m        [0m
 [38;2;0;0;0m  [38;2;26;24;22m▝[38;2;141;134;126;48;2;62;59;55m▝[38;2;81;77;72;48;2;177;168;159m▂[38;2;76;72;67;48;2;158;150;142m▂[38;2;33;31;28;48;2;80;76;70m▁[38;2;150;142;132;48;2;63;60;55m▝[38;2;79;75;70;48;2;188;178;167m▂[38;2;78;74;69;48;2;165;157;148m▂[38;2;37;35;31;48;2;87;82;77m▁[0m[7m[38;2;98;93;86m▃[0m[38;2;76;72;67;48;2;171;163;154m▂[38;2;79;75;70;48;2;168;160;151m▂[38;2;54;51;47;48;2;107;102;95m▂[0m[7m[38;2;168;160;151m▃[0m[38;2;75;71;66;48;2;180;171;160m▂[38;2;76;72;67;48;2;193;182;163m▂[0m[7m[38;2;99;93;83m▃[38;2;55;52;48m▃[38;2;36;34;31m▆[0m [38;2;1;1;1m         [0m
[?25h