[?25l[0m [38;2;0;0;0m          [0m [38;2;122;99;94;48;2;38;33;31m▗[38;2;172;139;133;48;2;72;62;57m▆[38;2;172;134;129;48;2;80;66;63m▆[38;2;173;139;131;48;2;69;59;55m▆[38;2;112;91;85;48;2;32;29;26m▖[0m  [38;2;89;74;69m▗[38;2;170;138;130;48;2;66;57;52m▆[38;2;174;135;130;48;2;80;66;62m▆[38;2;182;149;140;48;2;77;66;61m▆[0m[38;2;97;82;76m▅[0m [38;2;21;20;18m       [0m
 [38;2;0;0;0m          [0m [38;2;104;81;77;48;2;45;41;38m▝[38;2;80;70;66;48;2;158;120;116m▅[38;2;91;82;77;48;2;112;88;84m▆[38;2;85;75;70;48;2;168;129;123m▅[38;2;53;50;46;48;2;93;83;78m▝[0m[38;2;62;58;54m▅[38;2;59;56;52m▅[38;2;47;45;41;48;2;87;79;74m▘[38;2;85;75;70;48;2;162;124;120m▅[38;2;122;96;93;48;2;88;81;75m▘[38;2;83;75;70;48;2;162;135;125m▅[38;2;122;102;95;48;2;51;47;43m▘[0m [38;2;22;20;18m       [0m
 [38;2;0;0;0m   [0m [38;2;58;52;45m▂[38;2;84;74;63m▃[0m  [38;2;0;0;0m [0m [38;2;49;46;42m▅[38;2;55;51;47;48;2;83;79;73m▘[38;2;92;87;81;48;2;91;86;80m┈[38;2;92;88;81;48;2;92;87;81m▇[48;2;90;85;79m▇[48;2;93;91;82m┈[38;2;122;142;99;48;2;93;90;82m▂[38;2;101;104;86;48;2;93;89;81m▁[38;2;92;88;81;48;2;92;87;81m▇[48;2;90;85;79m▇[48;2;93;89;81m┊[38;2;121;140;97;48;2;92;89;80m▂[38;2;90;97;75;48;2;59;56;51m▖[0m[38;2;36;34;31m▖[0m [38;2;8;7;6m      [0m
 [38;2;0;0;0m   [7m[38;2;25;23;21m▌[0m[38;2;54;50;46;48;2;139;130;121m▍[38;2;180;169;157;48;2;136;128;119m▋[38;2;71;67;62;48;2;26;24;22m▍[0m [38;2;6;6;5m [0m [38;2;34;32;29;48;2;58;55;51m▎[38;2;74;70;65;48;2;89;85;78m▂[38;2;76;72;67;48;2;92;87;81m▂[38;2;78;74;69m▂[38;2;92;88;81m┈[38;2;93;90;82;48;2;115;127;96m▋[38;2;167;185;139;48;2;144;172;114m▗[38;2;185;181;164;48;2;122;126;105m▅[38;2;190;179;169;48;2;114;109;101m▅[38;2;193;170;161m▅[38;2;189;178;165;48;2;117;115;102m▅[38;2;176;185;151;48;2;149;176;118m▖[38;2;126;144;102;48;2;93;91;81m▌[38;2;65;61;56;48;2;39;36;33m▊[0m [38;2;22;21;19m      [0m
 [38;2;0;0;0m  [38;2;25;23;21m▗[38;2;102;97;91m▅[38;2;115;109;103;48;2;184;177;168m▘[38;2;189;183;175;48;2;142;137;131m▋[38;2;65;61;58;48;2;24;22;20m▌[0m [38;2;7;7;6m [0m [38;2;54;57;45;48;2;42;39;36m▗[38;2;79;92;63;48;2;53;50;45m▂[38;2;80;77;70;48;2;56;53;49m▅[38;2;82;78;72;48;2;63;60;55m▅[38;2;76;72;66;48;2;89;85;79m▁[38;2;118;113;105;48;2;92;88;81m▝[38;2;110;105;98;48;2;171;164;153m▄[38;2;158;150;141;48;2;193;183;172m▂[38;2;167;159;149;48;2;199;186;175m▂[38;2;188;169;160;48;2;210;138;136m▅[38;2;164;155;146;48;2;199;179;169m▂[38;2;123;116;109;48;2;181;173;161m▄[38;2;139;133;124;48;2;90;85;79m▘[38;2;35;33;30;48;2;57;54;50m▁[0m [38;2;20;19;17m      [0m
 [38;2;0;0;0m  [7m[38;2;26;25;22m▌[0m[38;2;59;56;51;48;2;85;81;75m▊[38;2;84;80;74;48;2;134;128;121m▇[38;2;26;25;22;48;2;71;67;63m▗[0m[7m[38;2;33;31;29m▅[0m [38;2;4;4;4m [0m [38;2;37;35;31;48;2;73;85;57m▍[38;2;108;133;83;48;2;95;117;73m▇[38;2;103;128;78;48;2;65;71;53m▅[38;2;83;99;66;48;2;56;56;48m▂[38;2;80;77;70;48;2;61;58;53m▅[38;2;75;71;65;48;2;89;85;78m▁[38;2;80;76;70;48;2;93;89;82m▂[38;2;88;84;78;48;2;124;117;110m▇[48;2;129;122;115m▇▇[38;2;87;83;77;48;2;127;120;113m▇[38;2;35;33;30;48;2;74;70;65m▁[0m[7m[38;2;51;49;45m▄[0m  [38;2;0;0;0m [0m  [38;2;180;178;178m▗[38;2;137;136;136m▖ [0m
 [38;2;0;0;0m  [7m[38;2;26;25;22m▌[0m[38;2;47;44;40;48;2;73;69;64m▍[38;2;76;71;66;48;2;90;85;79m▝[38;2;31;29;27;48;2;71;67;62m▝[0m[38;2;40;38;35m▄[0m  [38;2;57;54;49m▄[38;2;49;47;42;48;2;82;79;72m▘[38;2;101;111;84;48;2;91;89;80m▝[38;2;98;102;83;48;2;111;136;87m▄[38;2;110;136;85;48;2;99;122;76m▇[38;2;105;129;81;48;2;68;74;55m▅[38;2;107;129;82;48;2;60;62;50m▅[38;2;130;148;95;48;2;67;73;54m▄[38;2;108;130;82;48;2;60;62;50m▅[38;2;104;127;80m▅[38;2;101;124;79;48;2;60;61;50m▅[38;2;81;94;65;48;2;55;54;46m▖[0m[38;2;84;77;69m▃[38;2;93;88;82m▃[38;2;58;55;52m▁[0m  [7m[38;2;177;175;175m▌[0m[38;2;119;118;118m▌[7m[38;2;194;192;192m▌[0m[38;2;148;146;146m▌[38;2;170;168;168m▗[0m
 [38;2;0;0;0m  [7m[38;2;25;23;21m▌[0m[38;2;44;42;38;48;2;70;66;61m▍[38;2;82;78;72;48;2;91;87;80m▁[38;2;92;88;81;48;2;89;85;79m▇[38;2;88;83;77;48;2;68;64;60m▇[38;2;80;76;70;48;2;38;36;33m▆[38;2;83;78;73;48;2;48;45;42m▆[38;2;91;87;80;48;2;80;76;71m▇[48;2;92;88;81m  [38;2;92;88;81;48;2;94;92;82m▇[38;2;92;89;81;48;2;100;109;84m▇[48;2;101;111;84m▇[38;2;132;127;100;48;2;95;92;82m▝[38;2;99;94;84;48;2;183;171;126m▃[38;2;144;137;105;48;2;96;93;83m▘[38;2;92;89;81;48;2;101;111;84m▇[48;2;100;109;83m▇[38;2;92;88;81;48;2;116;108;98m▊[38;2;144;132;119;48;2;175;160;144m▍[38;2;167;157;147;48;2;197;186;174m▁[38;2;133;127;119;48;2;44;41;38m▋[0m [38;2;20;19;17m [0m  [38;2;167;165;165m▝[38;2;127;125;125m▘[7m[38;2;176;173;173m▌[0m
 [38;2;0;0;0m  [0m [7m[38;2;30;28;26m▋[0m[38;2;47;44;40;48;2;70;67;62m▍[38;2;80;75;70;48;2;91;87;80m▁[38;2;84;79;74;48;2;92;88;81m▁         [38;2;83;78;73m▁[38;2;92;88;81;48;2;89;84;78m╴[38;2;46;43;39;48;2;82;78;72m▂[38;2;36;34;31;48;2;80;75;70m▂[38;2;34;32;29;48;2;78;74;68m▂[0m[7m[38;2;76;70;64m▄[38;2;88;83;77m▅[38;2;54;51;48m▇[0m [38;2;0;0;0m     [0m [0m
 [38;2;0;0;0m   [0m [7m[38;2;34;32;28m▊[0m[38;2;46;43;39;48;2;63;59;54m▆[38;2;56;53;48;48;2;75;71;65m▌[38;2;88;83;77;48;2;92;88;81m▎      [38;2;91;86;80;48;2;84;79;74m▉[38;2;41;39;36;48;2;78;74;69m▗[0m[7m[38;2;57;54;49m▄[38;2;47;44;40m▄[38;2;28;27;24m▇[0m   [38;2;0;0;0m         [0m
 [38;2;0;0;0m   [0m  [38;2;139;129;117;48;2;66;62;57m▗[38;2;161;150;137;48;2;94;89;82m▄[38;2;126;120;112;48;2;93;88;81m▁[38;2;127;116;103;48;2;91;86;79m▗[38;2;167;152;135;48;2;100;94;87m▄[38;2;161;147;132m▄[38;2;104;98;90;48;2;87;82;76m▍[38;2;39;37;34;48;2;81;77;71m▂[0m[7m[38;2;86;82;76m▄[38;2;76;72;67m▄[0m  [38;2;0;0;0m              [0m
 [38;2;0;0;0m   [0m [38;2;50;47;43;48;2;139;132;125m▍[38;2;206;197;186;48;2;169;160;150m▇[38;2;173;164;155;48;2;206;195;184m▗[38;2;119;114;107;48;2;167;159;150m▂[38;2;191;182;172;48;2;128;121;113m▄[38;2;197;186;174;48;2;172;160;147m▉[38;2;59;53;45;48;2;143;129;114m▗[0m[7m[38;2;62;57;51m▄[0m  [38;2;0;0;0m                 [0m
 [38;2;0;0;0m   [0m [7m[38;2;66;63;59m▆[38;2;103;98;92m▄[38;2;94;89;83m▄[38;2;68;64;60m▄[38;2;104;98;92m▄[38;2;107;102;96m▅[0m  [38;2;0;0;0m                   [0m
 [38;2;0;0;0m                               [0m
 [38;2;0;0;0m                               [0m
 [38;2;0;0;0m                               [0m
[?25h