[?25l[0m [38;2;0;0;0m                   [0m
 [38;2;0;0;0m                   [0m
 [38;2;0;0;0m      [38;2;63;54;50m▗[38;2;161;128;122;48;2;33;29;27m▅[38;2;167;132;125;48;2;35;30;28m▅[0m[38;2;82;68;63m▖[0m [38;2;177;141;133;48;2;44;38;35m▗[0m[38;2;150;119;113m▆[38;2;122;102;95m▅[0m [38;2;13;12;11m    [0m
 [38;2;0;0;0m  [0m [38;2;55;49;42m▁[0m  [7m[38;2;59;55;51m▌[0m[38;2;85;79;74;48;2;128;99;96m▇[38;2;89;83;77;48;2;132;104;99m▇[38;2;61;58;53;48;2;92;87;79m▝[38;2;86;82;75;48;2;34;32;30m▆[38;2;89;84;77;48;2;112;91;87m▇[38;2;90;85;79;48;2;116;96;90m▇[38;2;68;65;58;48;2;109;92;86m▇[0m[38;2;24;22;20m▎    [0m
 [38;2;0;0;0m [0m [38;2;63;60;56m▁[38;2;165;158;149;48;2;116;102;87m▆[0m[38;2;51;48;44m▌[7m[38;2;24;22;20m▋[0m[38;2;89;84;78;48;2;57;54;49m▝[38;2;62;59;54;48;2;91;87;80m▃[38;2;91;86;80;48;2;88;84;78m┊[38;2;96;94;84;48;2;142;158;117m▌[38;2;188;184;166;48;2;121;130;102m▅[38;2;198;170;162;48;2;108;103;96m▅[38;2;192;177;163;48;2;116;120;99m▅[38;2;146;163;121;48;2;94;92;81m▋[0m[38;2;55;52;48m▋[0m [38;2;1;1;1m   [0m
 [38;2;0;0;0m [38;2;57;54;50m▗[38;2;149;142;134;48;2;75;71;66m▝[0m[7m[38;2;150;145;139m▄[0m[38;2;36;35;32m▘[7m[38;2;24;22;20m▋[0m[38;2;108;133;83;48;2;64;71;52m▗[38;2;99;122;76;48;2;75;76;64m▃[38;2;59;55;51;48;2;80;78;70m━[38;2;89;84;78;48;2;109;104;97m▇[38;2;92;87;81;48;2;165;157;147m▅[38;2;93;88;82;48;2;185;171;162m▅[38;2;88;84;78;48;2;173;162;153m▅[0m[7m[38;2;85;80;75m▃[38;2;37;35;31m▅[0m[38;2;4;3;3m    [0m
 [38;2;0;0;0m [7m[38;2;52;49;45m▍[0m[38;2;88;83;77;48;2;73;69;64m▇[0m[38;2;75;71;66m▅[38;2;59;56;51m▃[38;2;74;70;65m▅[38;2;75;72;65;48;2;92;89;81m▘[38;2;95;95;82;48;2;109;131;86m▅[38;2;94;93;82;48;2;99;119;77m▃[38;2;170;163;119;48;2;91;102;73m▗[38;2;160;154;113;48;2;90;101;72m▖[38;2;100;112;82;48;2;63;67;52m▆[38;2;92;88;80;48;2;54;57;44m▃[0m[38;2;97;91;84m▃[38;2;48;45;42m▁    [0m
 [38;2;0;0;0m [7m[38;2;38;36;33m▇[0m[38;2;34;32;29;48;2;75;71;66m▖[38;2;68;64;59;48;2;91;86;80m▁[48;2;92;88;81m     [38;2;83;78;72m▁[38;2;92;88;81;48;2;84;80;74m╴[0m[7m[38;2;81;78;72m▂[38;2;97;91;83m▂[0m[38;2;37;34;32;48;2;184;172;159m▃[0m[38;2;118;113;106m▘[0m [38;2;1;1;1m   [0m
 [38;2;0;0;0m  [7m[38;2;39;37;33m▋[0m[38;2;138;127;116;48;2;66;62;57m▂[38;2;92;87;81;48;2;92;87;80m┈[38;2;148;135;119;48;2;93;89;82m▂[38;2;125;116;105m▂[38;2;47;44;40;48;2;85;80;74m▁[0m[7m[38;2;75;71;66m▂[38;2;48;46;42m▄[38;2;27;26;23m▆[0m [38;2;0;0;0m       [0m
 [38;2;0;0;0m [0m [7m[38;2;102;97;91m▁[0m[38;2;46;43;39;48;2;187;178;168m▁[38;2;75;71;66;48;2;146;139;130m▂[38;2;36;34;30;48;2;174;163;152m▁[0m[7m[38;2;109;98;86m▄[38;2;31;29;27m▇[0m[38;2;4;4;3m           [0m
[?25h