[?25l[0m [38;2;0;0;0m      [7m[38;2;57;48;45m▋[0m[38;2;147;117;112;48;2;40;38;34m▇[38;2;152;121;115;48;2;42;40;36m▇[0m[38;2;87;74;69m▖[38;2;31;30;27m▂[38;2;41;35;32;48;2;118;96;90m▘[38;2;149;119;113;48;2;46;43;39m▇[0m[38;2;113;95;88m▇[0m [38;2;17;16;15m    [0m
 [38;2;0;0;0m [0m [38;2;82;72;62m▂[38;2;70;63;54m▁[0m  [7m[38;2;63;59;55m▘[0m[38;2;88;84;78;48;2;66;62;57m▇[38;2;91;86;80;48;2;73;69;64m▇[38;2;112;123;92;48;2;89;85;78m▗[38;2;109;118;91;48;2;84;80;74m▖[38;2;91;87;80;48;2;76;72;67m▇[38;2;105;110;88;48;2;91;87;79m▁[38;2;111;127;90;48;2;65;63;57m▂[0m[38;2;39;37;34m▁    [0m
 [38;2;0;0;0m [38;2;60;57;53m▁[38;2;64;61;56;48;2;169;162;154m▘[38;2;146;140;132;48;2;32;29;27m▌[0m [7m[38;2;24;22;20m▋[0m[38;2;84;80;74;48;2;51;48;44m▝[38;2;56;53;48;48;2;82;78;72m─[38;2;70;66;61;48;2;89;85;78m╴[38;2;96;93;84;48;2;137;146;115m▌[38;2;185;180;163;48;2;140;148;119m▇[38;2;198;173;165;48;2;134;127;119m▇[38;2;190;176;163;48;2;138;141;119m▇[38;2;142;151;120;48;2;95;92;83m▋[0m[38;2;58;55;50m▋[0m [38;2;1;1;1m   [0m
 [38;2;0;0;0m [7m[38;2;57;53;49m▍[0m[38;2;77;73;68;48;2;147;141;134m▆[0m[38;2;80;77;72m▘[0m [7m[38;2;25;23;21m▋[0m[38;2;57;60;47;48;2;96;114;76m▍[38;2;107;132;83;48;2;75;82;61m▄[38;2;85;98;68;48;2;69;67;60m▖[38;2;62;65;52;48;2;89;84;78m▂[38;2;80;78;69;48;2;131;124;117m▆[48;2;145;137;129m▆[38;2;72;68;62;48;2;137;129;122m▆[0m[7m[38;2;66;63;58m▄[38;2;29;27;24m▇[0m [38;2;119;117;117m▂[38;2;179;177;177m▗[0m [0m
 [38;2;0;0;0m [7m[38;2;50;48;44m▍[0m[38;2;90;86;80;48;2;88;84;78m┊[38;2;41;39;36;48;2;84;80;74m▝[0m[38;2;70;66;61m▅[38;2;39;37;34;48;2;83;79;73m▘[38;2;92;88;81;48;2;86;82;75m▇[38;2;104;118;85;48;2;93;90;81m▝[38;2;94;92;82;48;2;108;134;84m▅[38;2;187;176;128;48;2;109;116;86m╺[38;2;175;165;121;48;2;107;114;85m╸[38;2;94;92;82;48;2;105;129;81m▅[38;2;131;120;109;48;2;82;82;69m▗[38;2;177;165;153;48;2;33;31;28m▆[0m[38;2;116;110;104m▖[0m [7m[38;2;119;117;117m▅[0m[38;2;180;178;178m▝[7m[38;2;167;165;165m▋[0m
 [38;2;0;0;0m [0m [7m[38;2;60;57;52m▖[0m[38;2;60;56;52;48;2;90;86;80m▃[38;2;90;85;79;48;2;92;88;81m▏    [38;2;60;56;52;48;2;88;84;77m▁[38;2;30;28;25;48;2;83;79;73m▂[0m[7m[38;2;70;66;61m▃[38;2;64;60;55m▃[38;2;81;76;69m▆[0m [38;2;0;0;0m   [0m [0m
 [38;2;0;0;0m [0m [38;2;91;86;81m▁[38;2;158;148;136;48;2;69;65;60m▄[38;2;137;130;121;48;2;94;90;83m▁[38;2;170;156;140;48;2;100;94;86m▃[38;2;156;142;127;48;2;93;88;81m▖[0m[7m[38;2;82;78;72m▂[38;2;80;76;70m▃[38;2;35;33;30m▆[0m [38;2;0;0;0m        [0m
 [38;2;0;0;0m [0m [7m[38;2;115;109;102m▃[0m[38;2;38;35;33;48;2;191;182;172m▃[38;2;35;32;30;48;2;147;140;132m▃[38;2;31;29;27;48;2;175;166;156m▃[0m[7m[38;2;81;73;62m▅[0m [38;2;0;0;0m           [0m
 [38;2;0;0;0m                   [0m
 [38;2;0;0;0m                   [0m
[?25h