[?25l[0m [38;2;0;0;0m           [0m [38;2;24;22;20m▂[38;2;27;25;22m▂[38;2;23;21;19m▂[0m [38;2;0;0;0m  [0m  [38;2;27;25;22m▂[38;2;25;23;21m▂[0m [38;2;8;7;6m        [0m
 [38;2;0;0;0m          [0m [38;2;121;99;93;48;2;36;32;29m▗[38;2;170;138;131;48;2;66;57;53m▆[38;2;172;134;129;48;2;74;62;58m▆[38;2;170;138;129;48;2;64;55;51m▆[38;2;110;90;84;48;2;30;27;25m▖[0m  [38;2;88;74;69m▗[38;2;168;136;128;48;2;61;53;49m▆[38;2;173;135;129;48;2;74;62;58m▆[38;2;180;147;138;48;2;71;61;56m▆[0m[38;2;95;81;75m▅[0m [38;2;21;20;18m       [0m
 [38;2;0;0;0m          [0m [38;2;106;83;79;48;2;45;41;38m▝[38;2;82;71;67;48;2;161;122;118m▅[38;2;93;83;77;48;2;124;96;92m▇[38;2;78;71;66;48;2;160;123;117m▄[38;2;51;48;44;48;2;93;83;78m▝[0m[38;2;59;56;52m▅[38;2;57;54;50m▅[38;2;46;43;39;48;2;87;79;74m▘[38;2;87;76;71;48;2;165;126;122m▅[38;2;125;98;94;48;2;89;81;76m▘[38;2;76;70;65;48;2;154;129;120m▄[38;2;125;104;97;48;2;52;48;44m▘[0m [38;2;22;20;18m       [0m
 [38;2;0;0;0m   [0m [38;2;55;49;42m▂[38;2;78;69;59m▃[0m  [38;2;0;0;0m [0m [38;2;48;45;42m▅[38;2;53;50;46;48;2;83;79;73m▘[38;2;92;87;81;48;2;90;86;80m┈[38;2;92;88;81;48;2;91;86;80m▇[48;2;89;84;78m▇[48;2;93;90;82m┈[38;2;120;138;97;48;2;92;89;81m▂[38;2;100;103;86m▁[38;2;92;88;81;48;2;91;86;80m▇[48;2;89;84;78m▇[48;2;93;89;81m┊[38;2;118;136;96;48;2;91;87;80m▂[38;2;87;93;73;48;2;58;55;50m▖[0m[38;2;34;32;29m▖[0m [38;2;7;6;6m      [0m
 [38;2;0;0;0m   [7m[38;2;24;23;21m▌[0m[38;2;54;50;46;48;2;137;129;120m▍[38;2;178;168;155;48;2;135;127;117m▋[38;2;70;66;61;48;2;26;24;22m▍[0m [38;2;6;6;5m [0m [38;2;34;32;29;48;2;59;55;51m▎[38;2;76;72;67;48;2;89;85;79m▂[38;2;78;74;69;48;2;92;88;81m▂[38;2;80;76;70m▂[38;2;92;88;81;48;2;92;87;81m┈[38;2;93;89;82;48;2;115;127;95m▋[38;2;165;185;137;48;2;143;171;113m▗[38;2;184;180;162;48;2;118;122;101m▅[38;2;189;178;168;48;2;110;105;97m▅[38;2;191;170;161m▅[38;2;187;177;164;48;2;113;112;99m▅[38;2;174;185;149;48;2;148;176;117m▖[38;2;125;143;101;48;2;93;91;81m▌[38;2;65;61;56;48;2;39;36;33m▊[0m [38;2;22;21;19m      [0m
 [38;2;0;0;0m  [38;2;24;23;21m▗[38;2;101;96;90m▅[38;2;108;103;97;48;2;185;177;168m▘[38;2;191;184;176;48;2;143;138;131m▋[38;2;65;62;58;48;2;24;22;20m▌[0m [38;2;7;7;6m [0m [38;2;53;55;44;48;2;42;40;36m▗[38;2;77;89;61;48;2;53;49;45m▂[38;2;80;76;70;48;2;56;52;48m▅[38;2;82;78;72;48;2;62;59;54m▅[38;2;77;73;68;48;2;89;85;79m▁[38;2;119;114;106;48;2;92;88;81m▝[38;2;112;107;100;48;2;173;167;154m▄[38;2;161;153;144;48;2;194;184;173m▂[38;2;161;152;143;48;2;197;184;174m▁[38;2;190;170;161;48;2;210;136;135m▅[38;2;158;149;140;48;2;196;177;168m▁[38;2;125;119;111;48;2;182;175;163m▄[38;2;141;135;125;48;2;91;86;80m▘[38;2;37;35;32;48;2;58;54;50m▁[0m [38;2;20;19;18m      [0m
 [38;2;0;0;0m  [7m[38;2;26;25;22m▌[0m[38;2;60;56;52;48;2;87;82;77m▊[38;2;86;81;76;48;2;140;134;127m▇[38;2;28;26;23;48;2;74;71;66m▗[0m[7m[38;2;31;29;26m▄[0m [38;2;4;4;4m [0m [38;2;37;35;31;48;2;73;85;57m▍[38;2;107;133;82;48;2;93;114;72m▇[38;2;106;132;81;48;2;70;78;56m▄[38;2;81;95;64;48;2;57;57;48m▂[38;2;82;79;72;48;2;64;61;56m▄[38;2;77;73;67;48;2;89;85;78m▁[38;2;89;85;78;48;2;97;93;86m▇[38;2;90;86;79;48;2;129;122;115m▇[48;2;135;128;120m▇▇[38;2;89;84;78;48;2;133;126;118m▇[38;2;37;35;32;48;2;76;72;67m▁[0m[7m[38;2;54;51;47m▄[0m  [38;2;0;0;0m [0m  [38;2;176;174;174m▗[38;2;134;132;132m▖ [0m
 [38;2;0;0;0m  [7m[38;2;26;25;22m▌[0m[38;2;47;44;40;48;2;73;69;64m▍[38;2;75;71;66;48;2;90;85;79m▝[38;2;30;28;26;48;2;70;66;61m▝[0m[38;2;43;41;37m▃[0m [38;2;29;27;25m▁[38;2;55;52;48m▄[38;2;48;46;41;48;2;82;78;72m▘[38;2;102;113;84;48;2;92;89;80m▝[38;2;98;104;83;48;2;112;136;87m▄[38;2;110;136;85;48;2;97;119;75m▇[38;2;104;128;81;48;2;67;73;55m▅[38;2;111;134;85;48;2;66;71;54m▄[38;2;126;145;92m▄[38;2;112;135;85m▄[38;2;103;126;79;48;2;60;61;51m▅[38;2;100;122;78;48;2;60;60;50m▅[38;2;80;93;64;48;2;52;51;44m▖[0m[38;2;28;26;24m▍[0m  [38;2;4;4;3m [0m [7m[38;2;179;176;176m▌[0m[38;2;119;118;118m▌[7m[38;2;194;192;192m▌[0m[38;2;148;146;146m▌[38;2;166;164;164m▗[0m
 [38;2;0;0;0m  [7m[38;2;25;23;21m▌[0m[38;2;45;42;38;48;2;70;66;61m▍[38;2;83;79;73;48;2;91;87;80m▁[38;2;92;88;81;48;2;89;84;78m▇[38;2;87;83;77;48;2;66;62;58m▇[38;2;79;75;69;48;2;36;34;31m▆[38;2;82;77;72;48;2;46;43;40m▆[38;2;91;86;80;48;2;79;75;69m▇[48;2;92;88;81m  [38;2;92;88;81;48;2;92;89;81m┈[38;2;93;89;81;48;2;101;112;84m▇[48;2;102;114;84m▇[38;2;133;129;100;48;2;96;93;83m▝[38;2;102;97;85;48;2;184;172;126m▃[38;2;145;139;105;48;2;97;94;83m▘[38;2;93;89;81;48;2;102;114;84m▇[38;2;92;89;81;48;2;101;112;83m▇[38;2;105;99;91;48;2;90;86;78m▗[38;2;152;139;125;48;2;58;54;49m▅[38;2;178;168;158;48;2;49;46;42m▅[0m[38;2;98;93;87m▄[0m [38;2;154;152;152m▝[0m [38;2;150;148;148m▗[38;2;175;173;173m▝[38;2;131;129;129m▘[7m[38;2;180;178;178m▌[0m
 [38;2;0;0;0m  [0m [7m[38;2;34;31;29m▊[0m[38;2;48;45;41;48;2;71;67;62m▍[38;2;81;77;72;48;2;91;87;80m▁[38;2;85;81;75;48;2;92;88;81m▁         [38;2;84;79;74m▁[38;2;78;74;69;48;2;91;86;80m▁[38;2;48;45;41;48;2;83;79;73m▂[38;2;39;36;32;48;2;81;77;71m▂[48;2;87;82;76m▂[38;2;57;52;47;48;2;158;144;130m▃[38;2;60;56;51;48;2;186;175;164m▃[0m[7m[38;2;102;97;91m▄[0m [38;2;21;19;17m  [0m  [38;2;145;143;143m▝[38;2;128;126;126m▘[0m
 [38;2;0;0;0m   [0m [7m[38;2;34;32;29m▊[0m[38;2;45;42;39;48;2;65;61;56m▆[38;2;56;53;48;48;2;75;71;65m▌[38;2;88;83;77;48;2;92;88;81m▎    [38;2;91;87;80m▁[38;2;85;81;75m▁[38;2;78;74;69;48;2;91;86;80m▁[38;2;38;36;33;48;2;75;71;66m▁[0m[7m[38;2;59;56;51m▄[38;2;49;46;42m▄[38;2;30;29;26m▇[0m     [38;2;0;0;0m       [0m
 [38;2;0;0;0m   [0m  [38;2;136;126;115;48;2;64;60;56m▗[38;2;158;147;134;48;2;92;86;80m▄[38;2;121;114;106;48;2;93;88;81m▁[38;2;126;115;102;48;2;91;86;79m▗[38;2;164;149;132;48;2;98;93;85m▄[38;2;159;145;130m▄[38;2;108;101;92;48;2;88;84;78m▖[38;2;42;39;36;48;2;79;74;69m▂[0m[7m[38;2;60;56;52m▄[38;2;49;46;43m▄[38;2;28;26;24m▇[0m [38;2;0;0;0m              [0m
 [38;2;0;0;0m   [0m [38;2;49;46;43;48;2;138;131;124m▍[38;2;206;196;186;48;2;164;155;145m▇[38;2;175;166;157;48;2;201;191;180m▁[38;2;123;117;110;48;2;167;159;150m▂[38;2;189;180;171;48;2;127;119;111m▄[38;2;197;186;174;48;2;174;162;148m▉[38;2;64;57;49;48;2;146;131;116m▗[0m[7m[38;2;64;59;53m▄[38;2;26;25;23m▇[0m [38;2;0;0;0m                 [0m
 [38;2;0;0;0m   [0m [7m[38;2;71;67;63m▆[38;2;134;128;120m▅[38;2;100;95;89m▄[38;2;72;68;63m▄[38;2;111;105;99m▄[38;2;115;109;103m▅[38;2;38;36;33m▇[0m [38;2;0;0;0m                   [0m
 [38;2;0;0;0m                               [0m
 [38;2;0;0;0m                               [0m
[?25h