[?25l[0m [38;2;0;0;0m                                           [0m
 [38;2;0;0;0m                                           [0m
 [38;2;0;0;0m                                           [0m
 [38;2;0;0;0m                                           [0m
 [38;2;0;0;0m                                           [0m
 [38;2;0;0;0m                                           [0m
     [38;2;0;0;0m                [0m  [38;2;25;24;21m▃▃[38;2;23;22;20m▃[0m [38;2;10;9;9m    [0m  [38;2;25;24;21m▃▃[38;2;23;21;19m▃[0m [38;2;8;8;7m       [0m
 [38;2;77;69;60m▗[38;2;129;114;98;48;2;53;47;41m▅[38;2;123;109;94;48;2;54;48;41m▄[0m[38;2;40;36;32m▄[0m [38;2;12;12;10m             [0m [38;2;24;22;20m▗[38;2;106;89;84m▗[38;2;156;130;123;48;2;65;56;52m▅[38;2;177;141;135;48;2;80;67;62m▅[38;2;178;140;135;48;2;80;66;62m▅[38;2;169;139;130;48;2;74;63;58m▅[0m[38;2;96;80;74m▅[38;2;31;29;26m▖[0m  [38;2;26;24;22m▗[38;2;121;101;94;48;2;39;34;31m▗[38;2;169;139;130;48;2;71;61;56m▅[38;2;180;141;135;48;2;81;67;62m▅▅[38;2;172;142;132;48;2;73;62;57m▅[0m[38;2;96;81;75m▄[38;2;28;26;24m▖[0m [38;2;3;3;3m     [0m
 [38;2;38;36;32;48;2;98;94;88m▌[38;2;153;146;138;48;2;188;180;171m▌[38;2;132;124;116;48;2;174;167;159m▝[38;2;124;121;116;48;2;51;48;44m▃[0m[38;2;52;50;48m▂[0m [38;2;11;11;10m            [0m [7m[38;2;28;26;24m▌[0m[38;2;51;46;42;48;2;113;89;85m▌[38;2;135;102;99;48;2;175;136;131m▂[38;2;127;99;96;48;2;173;135;130m▅[38;2;86;73;68;48;2;149;116;111m▖[38;2;147;113;108;48;2;189;147;139m▂[38;2;139;109;103;48;2;82;69;64m▋[38;2;53;50;46;48;2;31;29;26m▖[0m[38;2;25;23;21m▂[0m [38;2;48;45;41;48;2;25;23;21m▗[38;2;61;54;50;48;2;123;97;93m▍[38;2;143;110;106;48;2;185;144;138m▂[38;2;98;81;77;48;2;156;121;117m▗[38;2;92;80;75;48;2;153;125;117m▖[38;2;144;120;111;48;2;188;155;145m▂[38;2;127;106;98;48;2;62;55;50m▋[0m[38;2;33;31;28m▌[0m [38;2;6;6;5m     [0m
 [38;2;86;82;76m▝[38;2;68;64;60;48;2;146;140;130m▃[38;2;141;136;130;48;2;186;180;171m▖[38;2;194;189;183;48;2;166;162;156m▊[38;2;132;129;123;48;2;73;69;65m▌[0m[38;2;57;54;50m▄[38;2;28;26;23m▃[0m [38;2;6;6;5m          [0m [7m[38;2;28;26;24m▌[0m[38;2;48;44;41;48;2;62;56;52m▊[38;2;70;65;61;48;2;102;79;76m▇[38;2;82;73;68;48;2;88;82;77m▘[38;2;86;78;72;48;2;89;84;78m▝[38;2;90;85;79;48;2;80;71;66m▂[38;2;85;77;71;48;2;89;84;78m▘[38;2;69;65;60;48;2;86;82;76m▝[38;2;75;71;66;48;2;41;39;35m▆[38;2;74;70;65;48;2;39;37;33m▆[38;2;84;80;74;48;2;65;62;57m▆[38;2;86;78;73;48;2;89;85;79m▝[38;2;87;82;77;48;2;79;70;65m▃[38;2;84;75;70;48;2;88;83;77m▘[38;2;85;77;72;48;2;89;84;78m▝[38;2;73;68;63;48;2;108;91;84m▇[38;2;54;51;47;48;2;70;61;56m▇[0m[38;2;33;31;28m▌[0m [38;2;6;6;5m     [0m
  [7m[38;2;28;27;24m▇[38;2;104;102;98m▅[0m[38;2;62;59;55;48;2;148;145;139m▄[38;2;121;117;111;48;2;89;84;79m▘[38;2;80;76;70;48;2;65;62;57m▌[38;2;52;49;44;48;2;35;32;29m▎[0m  [38;2;6;5;5m        [0m [38;2;40;38;34m▗[38;2;66;62;57;48;2;38;36;33m▅[38;2;87;82;76;48;2;66;63;58m▆[38;2;91;86;80;48;2;87;83;77m▇[48;2;92;88;81m    [38;2;103;109;88m▂[38;2;115;129;94;48;2;93;89;81m▂[38;2;101;104;86;48;2;93;90;82m▁[48;2;92;88;81m    [38;2;104;111;88;48;2;93;90;82m▁[38;2;113;128;92;48;2;89;86;78m▂[38;2;83;86;70;48;2;61;58;53m▖[38;2;42;39;36;48;2;25;24;22m▎[0m  [38;2;3;3;2m    [0m
 [38;2;0;0;0m [0m [38;2;26;25;22m▝[7m[38;2;50;47;43m▃[0m[38;2;49;46;42;48;2;76;72;67m▁[38;2;79;75;70;48;2;88;83;78m▖[38;2;81;77;71;48;2;65;61;56m▇[38;2;49;46;42;48;2;35;32;30m▆[0m [38;2;21;19;18m        [0m [38;2;25;23;21;48;2;42;39;35m▌[38;2;62;58;54;48;2;78;74;69m▌[38;2;89;84;78;48;2;92;88;81m▎     [38;2;107;117;89;48;2;128;154;101m▌[38;2;149;182;116;48;2;134;162;106m▆[38;2;160;163;139;48;2;111;119;93m▄[38;2;162;154;145;48;2;97;93;86m▄▄▄▄[38;2;159;167;135;48;2;117;131;97m▄[38;2;147;181;113;48;2;134;162;105m▆[38;2;120;141;96;48;2;96;99;82m▌[38;2;73;69;64;48;2;55;52;48m▇[38;2;44;41;37;48;2;27;26;23m▌[0m [38;2;14;13;12m    [0m
 [38;2;0;0;0m   [0m [38;2;30;28;26;48;2;48;44;41m▌[38;2;65;61;57;48;2;81;76;71m▍[38;2;81;77;71;48;2;91;86;80m▝[38;2;54;51;47;48;2;81;77;71m▝[38;2;62;59;54;48;2;28;27;24m▄[0m[38;2;37;35;32m▖[0m        [38;2;26;24;22;48;2;41;39;35m▌[38;2;71;67;62;48;2;52;49;44m▝[38;2;53;50;45;48;2;81;77;72m▄[38;2;56;53;49;48;2;82;78;73m▄[38;2;57;54;49m▄[38;2;61;58;53;48;2;82;77;72m▖[38;2;86;82;76;48;2;91;87;81m▖[48;2;92;88;81m [38;2;115;115;100;48;2;145;151;125m▌[38;2;185;181;163;48;2;159;180;130m▅[38;2;187;186;164;48;2;195;188;174m▏[48;2;199;189;178m [38;2;205;165;158;48;2;200;185;175m▗[38;2;211;131;131;48;2;203;173;165m▄[38;2;207;153;148;48;2;201;180;171m▖[38;2;181;186;156;48;2;195;187;174m▝[38;2;180;176;158;48;2;153;176;124m▅[38;2;136;139;117;48;2;103;100;90m▌[38;2;81;77;71;48;2;65;62;57m▋[38;2;48;45;41;48;2;30;28;26m▌[0m [38;2;16;15;13m    [0m
 [38;2;0;0;0m   [0m [38;2;30;28;26;48;2;48;44;41m▌[38;2;65;61;57;48;2;81;76;71m▍[38;2;91;86;80;48;2;92;88;81m▏ [38;2;91;87;80;48;2;80;76;71m▆[38;2;80;76;70;48;2;55;52;48m▆[38;2;65;61;57;48;2;30;28;26m▅[38;2;63;59;55;48;2;27;25;23m▅▅▅▅▅▅[48;2;29;27;25m▅[38;2;68;64;59;48;2;42;39;35m▄[38;2;79;88;65;48;2;48;46;41m▃[38;2;85;101;67;48;2;56;54;48m▃[38;2;80;78;69;48;2;70;66;61m▆[38;2;90;85;79;48;2;75;71;66m━[38;2;70;66;61;48;2;84;80;74m▂[38;2;72;68;63;48;2;89;85;78m▂[38;2;85;80;75;48;2;91;86;80m▁[38;2;95;91;84;48;2;121;115;108m▆[38;2;108;103;96;48;2;153;145;137m▅[38;2;147;139;131;48;2;185;175;165m▃[38;2;150;143;134;48;2;193;184;173m▂[48;2;194;180;170m▂[48;2;196;171;162m▂[48;2;195;178;168m▂[38;2;140;133;125;48;2;178;169;159m▃[38;2;100;95;89;48;2;146;139;130m▅[38;2;84;79;74;48;2;109;104;97m▅[38;2;43;41;38;48;2;69;65;60m▁[38;2;48;45;41;48;2;26;24;22m▘[0m [38;2;13;12;11m    [0m
 [38;2;0;0;0m   [0m [7m[38;2;33;31;28m▄[0m[38;2;27;26;23;48;2;60;56;52m▖[38;2;65;62;57;48;2;86;81;76m▃[38;2;87;82;76;48;2;91;87;80m▏[48;2;92;88;81m [38;2;92;88;81;48;2;91;86;80m▇[48;2;87;82;77m▇[48;2;87;82;76m▇▇▇▇▇▇▇▇[38;2;98;106;83;48;2;107;126;85m▌[38;2;101;126;78;48;2;113;141;86m▝[38;2;107;133;81;48;2;74;87;59m▄[38;2;89;109;68;48;2;60;65;49m▖[38;2;67;64;58;48;2;52;50;44m▗[38;2;82;77;72;48;2;60;56;52m▄[38;2;77;73;68;48;2;89;84;78m▘[38;2;90;85;79;48;2;92;88;81m▁[38;2;92;88;81;48;2;96;92;85m▇[48;2;113;107;101m▇[48;2;118;112;105m▇▇▇▇[38;2;85;81;75;48;2;111;105;98m▇[38;2;42;39;36;48;2;73;69;64m▁[0m[7m[38;2;55;52;48m▄[0m[38;2;30;29;26m▘[0m  [38;2;0;0;0m    [0m
 [38;2;0;0;0m    [0m [7m[38;2;29;27;24m▌[0m[38;2;39;37;34;48;2;60;56;52m▖[38;2;69;65;60;48;2;86;82;75m▁[38;2;78;74;68;48;2;91;87;80m▂[38;2;83;79;73;48;2;91;87;81m▂[48;2;92;88;81m         [38;2;100;109;84;48;2;93;91;82m▝[38;2;97;101;83;48;2;108;128;86m▅[38;2;105;121;85;48;2;113;139;87m▂[38;2;110;135;85;48;2;97;120;74m▆[38;2;107;129;84;48;2;88;104;70m▖[38;2;56;53;49;48;2;74;75;63m┍[38;2;60;57;52;48;2;76;72;67m▅[38;2;113;104;81;48;2;69;65;58m▂[38;2;147;136;99;48;2;72;68;60m▂[38;2;96;89;72;48;2;67;63;58m▂[38;2;60;57;52;48;2;76;72;67m▅[38;2;58;55;50m▅[38;2;50;47;43m▅[38;2;34;32;29;48;2;63;59;54m▂[0m[7m[38;2;51;48;44m▃[38;2;27;25;23m▅[0m [38;2;2;2;1m       [0m
 [38;2;0;0;0m     [0m  [7m[38;2;46;43;39m▄[0m[38;2;30;28;26;48;2;48;46;41m▖[38;2;61;57;53;48;2;77;73;67m▌[38;2;86;82;76;48;2;92;88;81m▎         [38;2;92;88;81;48;2;94;92;82m▇[48;2;98;102;83m▆[48;2;99;105;84m▆[38;2;92;89;81;48;2;96;103;81m▇[38;2;91;87;80;48;2;83;80;72m▇[38;2;92;88;81;48;2;84;79;74m▆[38;2;175;161;120;48;2;124;116;95m▝[38;2;126;117;96;48;2;191;175;129m▂[38;2;153;141;108;48;2;107;101;87m▘[38;2;92;88;81;48;2;84;79;74m▆[38;2;87;82;76;48;2;75;71;66m▋[38;2;56;52;48;48;2;38;35;32m▊[0m[38;2;26;24;22m▌[0m  [38;2;0;0;0m        [0m
 [38;2;0;0;0m       [0m [7m[38;2;38;36;33m▌[0m[38;2;58;55;50;48;2;76;72;66m▌[38;2;86;82;76;48;2;92;88;81m▎                  [38;2;87;82;77m▁[38;2;70;66;62;48;2;83;79;73m▁[38;2;53;50;46;48;2;35;33;30m▊[0m[38;2;23;22;20m▌          [0m
 [38;2;0;0;0m       [0m [7m[38;2;38;36;33m▌[0m[38;2;118;109;99;48;2;72;67;62m▗[38;2;149;138;126;48;2;97;92;85m▃[38;2;120;112;103;48;2;94;89;83m▖[48;2;92;88;81m [38;2;90;85;79;48;2;92;87;81m▁[38;2;90;86;79;48;2;98;93;85m▉[38;2;136;126;115;48;2;97;92;85m▃[38;2;157;145;130;48;2;99;94;87m▃[38;2;152;138;123;48;2;99;93;86m▃[38;2;155;141;126;48;2;99;94;86m▃[38;2;130;120;108;48;2;96;91;84m▃[38;2;88;83;76;48;2;92;87;81m▃[38;2;92;87;81;48;2;98;93;85m▉[38;2;132;122;111;48;2;96;91;84m▃[38;2;141;129;116;48;2;97;92;85m▃[38;2;102;95;86;48;2;90;86;79m▖[38;2;89;84;78;48;2;92;87;81m▖[38;2;127;117;107;48;2;97;92;85m▗[38;2;154;141;127;48;2;99;94;86m▃[38;2;154;140;126;48;2;99;93;86m▃[38;2;124;114;102;48;2;84;78;71m▖[38;2;53;50;45;48;2;34;32;29m▌[0m  [38;2;1;1;1m          [0m
 [38;2;0;0;0m       [0m [7m[38;2;37;35;32m▌[0m[38;2;91;86;79;48;2;150;141;131m▍[38;2;200;190;179;48;2;182;169;155m▅[38;2;195;185;175;48;2;138;129;120m▅[38;2;170;162;153;48;2;115;110;103m▖[38;2;59;55;51;48;2;83;79;73m▄[38;2;64;60;55;48;2;104;97;90m▊[38;2;144;136;126;48;2;184;173;160m▌[38;2;207;196;184;48;2;192;177;160m▅[38;2;207;196;185;48;2;188;174;158m▖[38;2;102;95;87;48;2;168;155;140m▗[38;2;57;53;48;48;2;129;118;105m▃[38;2;122;116;109;48;2;80;75;68m▗[38;2;176;167;158;48;2;113;106;99m▅[38;2;200;190;179;48;2;163;150;137m▅[38;2;192;180;166;48;2;159;148;137m▌[38;2;118;110;101;48;2;67;63;56m▍[38;2;48;45;41;48;2;78;73;67m▃[38;2;105;99;92;48;2;154;144;134m▍[38;2;202;191;179;48;2;187;172;155m▅[38;2;205;193;181;48;2;188;172;156m▅[38;2;163;152;140;48;2;115;107;99m▋[38;2;52;48;44;48;2;27;25;23m▌[0m [38;2;13;12;11m           [0m
 [38;2;0;0;0m       [0m  [7m[38;2;81;77;72m▅[0m[38;2;29;27;25;48;2;135;128;121m▄[38;2;31;29;27;48;2;140;133;126m▄[48;2;106;101;94m▄[0m[7m[38;2;41;38;35m▃[38;2;34;32;30m▅[38;2;98;94;88m▄[0m[38;2;31;29;27;48;2;141;134;126m▄[48;2;134;128;121m▄[38;2;27;25;23;48;2;74;70;66m▃[0m[7m[38;2;33;31;28m▄[38;2;60;57;53m▆[0m[38;2;25;24;21;48;2;121;115;109m▄[38;2;31;29;27;48;2;141;134;126m▄[48;2;123;117;110m▄[38;2;25;23;21;48;2;55;52;48m▃[0m[7m[38;2;29;27;25m▅[38;2;82;78;74m▅[0m[38;2;29;27;25;48;2;135;129;121m▄[38;2;31;28;26;48;2;139;132;125m▄[0m[7m[38;2;97;92;87m▅[0m  [38;2;1;1;1m           [0m
 [38;2;0;0;0m         [0m                     [38;2;0;0;0m             [0m
[?25h