[?25l[0m [38;2;0;0;0m                               [0m
 [38;2;0;0;0m                               [0m
 [38;2;0;0;0m                               [0m
 [38;2;0;0;0m                               [0m
 [38;2;0;0;0m              [0m     [38;2;4;4;3m  [0m     [38;2;7;6;6m     [0m
 [38;2;0;0;0m             [0m [38;2;102;85;80m▗[38;2;168;137;130;48;2;57;50;46m▅[38;2;167;131;126;48;2;42;39;35m▆[38;2;175;141;133;48;2;60;52;48m▅[0m[38;2;79;67;62m▄[0m  [38;2;68;59;54m▗[38;2;163;133;125;48;2;51;45;41m▅[38;2;169;132;126;48;2;42;39;35m▆[38;2;183;149;140;48;2;65;56;52m▅[0m[38;2;99;84;78m▅[38;2;23;22;20m▖    [0m
 [38;2;0;0;0m [0m  [38;2;12;11;10m          [0m [38;2;101;80;76;48;2;42;39;35m▝[38;2;78;67;63;48;2;162;124;120m▄[38;2;96;83;78;48;2;146;113;109m▇[38;2;85;74;69;48;2;172;133;126m▄[38;2;51;47;43;48;2;99;86;80m▝[0m[38;2;59;56;51m▄[38;2;53;50;46m▄[38;2;35;33;30;48;2;79;72;67m▘[38;2;85;74;70;48;2;163;126;121m▄[38;2;145;112;108;48;2;92;82;76m▘[38;2;84;76;70;48;2;164;136;127m▄[38;2;145;121;112;48;2;61;55;50m▘[0m[38;2;25;24;21m▌    [0m
 [38;2;50;48;44m▂[38;2;128;124;119m▄[38;2;149;145;138;48;2;37;35;33m▅[0m[38;2;72;66;59m▖[0m [38;2;1;1;1m       [0m [38;2;44;41;38m▄[38;2;43;40;37;48;2;78;73;68m▘[38;2;81;77;71;48;2;91;87;80m▘[38;2;92;88;81;48;2;90;85;79m▇[48;2;84;79;74m▇[48;2;92;88;81m [38;2;109;119;91;48;2;90;86;79m▂[38;2;99;102;85;48;2;90;87;80m▁[38;2;92;88;81;48;2;89;85;79m▇[48;2;84;80;74m▇[48;2;92;88;81m [38;2;107;116;90;48;2;90;85;79m▂[38;2;84;86;71;48;2;59;56;51m▖[0m[38;2;29;27;24m▌[0m [38;2;5;5;5m   [0m
[38;2;120;116;110m▄[38;2;180;174;165;48;2;110;104;97m▅[38;2;128;123;115;48;2;179;172;162m▗[38;2;115;104;92;48;2;187;177;166m▃[38;2;172;154;134;48;2;128;115;101m▋[0m[7m[38;2;70;66;60m▝[0m[38;2;40;37;34m▃[0m  [38;2;0;0;0m    [0m [38;2;33;31;28;48;2;58;55;51m▍[38;2;78;74;69;48;2;89;85;78m▎[38;2;81;76;71;48;2;92;88;81m▁[38;2;82;77;72m▁ [38;2;93;90;82;48;2;112;124;93m▊[38;2;130;154;103;48;2;149;179;118m▍[38;2;181;180;159;48;2;119;126;101m▄[38;2;188;178;168;48;2;109;104;97m▄[38;2;189;173;164m▄[38;2;188;177;165;48;2;111;108;98m▄[38;2;159;181;131;48;2;136;163;107m▅[38;2;127;150;101;48;2;96;97;82m▌[38;2;76;72;66;48;2;59;56;51m╴[0m[38;2;25;23;21m▌   [0m
[7m[38;2;110;100;88m▄[0m[38;2;47;43;37;48;2;140;127;112m▄[0m[7m[38;2;62;59;54m▅[38;2;67;60;53m▇[0m[38;2;63;60;55;48;2;109;99;88m▆[38;2;91;87;80;48;2;89;84;78m▇[38;2;88;84;78;48;2;68;65;60m▆[0m[7m[38;2;66;62;58m▝[0m[38;2;45;43;39m▄[38;2;43;41;37m▄▄▄▄[38;2;44;42;38m▄[38;2;57;55;48;48;2;43;40;37m▂[38;2;74;84;60;48;2;54;51;46m▁[38;2;80;77;70;48;2;60;56;52m▄[38;2;84;80;74;48;2;64;61;56m▄[38;2;84;79;74;48;2;90;85;79m▎[38;2;93;89;82;48;2;113;108;99m▊[38;2;109;104;97;48;2;167;162;148m▃[38;2;168;160;150;48;2;194;186;174m▖[38;2;177;168;159;48;2;199;187;176m▁[38;2;211;132;132;48;2;199;169;161m▝[38;2;206;161;155;48;2;194;181;170m▘[38;2;122;116;108;48;2;178;172;158m▗[38;2;150;147;132;48;2;99;94;88m▘[38;2;76;72;66;48;2;60;57;52m╴[0m[38;2;25;24;21m▌   [0m
  [38;2;1;1;1m [38;2;24;23;21m▝[7m[38;2;52;49;45m▖[0m[38;2;59;55;51;48;2;86;81;75m▖[38;2;90;85;79;48;2;92;88;81m▏[38;2;92;88;81;48;2;88;84;77m▇[48;2;80;76;70m▆▆▆▆▆▆[38;2;89;86;78;48;2;97;107;81m▋[38;2;110;136;85;48;2;93;112;73m▆[38;2;103;128;79;48;2;70;76;57m▄[38;2;72;85;57;48;2;58;57;50m▖[38;2;80;76;70;48;2;63;60;55m▄[38;2;82;78;72;48;2;89;85;78m▏[48;2;92;88;81m [38;2;91;87;80;48;2;133;126;118m▆[48;2;142;134;126m▆▆[38;2;90;86;79;48;2;140;133;125m▆[38;2;65;61;56;48;2;98;93;87m▄[0m[7m[38;2;65;61;56m▄[0m[38;2;33;31;29m▘[0m [38;2;0;0;0m   [0m
 [38;2;0;0;0m   [38;2;24;22;20m▝[7m[38;2;55;52;48m▃[0m[38;2;39;36;33;48;2;77;74;68m▁[38;2;65;62;57;48;2;89;84;78m▃[38;2;89;85;78;48;2;92;88;81m▏     [38;2;92;88;81;48;2;94;94;82m▇[38;2;94;92;82;48;2;103;117;85m▆[38;2;95;96;82;48;2;110;134;86m▃[38;2;95;95;82;48;2;103;125;80m▃[38;2;61;58;53;48;2;84;85;71m▝[38;2;112;104;86;48;2;70;66;60m▗[38;2;182;167;123;48;2;74;69;59m▄[38;2;146;135;103;48;2;73;69;62m▖[38;2;86;82;76;48;2;63;59;55m▃[38;2;58;55;51;48;2;47;45;41m▉[0m[7m[38;2;54;51;47m▄[0m[38;2;33;31;28m▘[0m [38;2;0;0;0m     [0m
 [38;2;0;0;0m    [0m [7m[38;2;25;24;21m▌[0m[38;2;43;41;37;48;2;69;65;60m▍[38;2;87;82;76;48;2;92;88;81m▎          [38;2;92;88;81;48;2;95;90;82m┈[38;2;95;90;82;48;2;158;146;112m▆[38;2;95;91;82;48;2;119;111;93m▇[38;2;92;87;81;48;2;85;80;75m▊[38;2;64;60;55;48;2;37;35;32m▊[0m [38;2;21;20;18m       [0m
 [38;2;0;0;0m     [7m[38;2;23;21;19m▌[0m[38;2;125;115;105;48;2;59;56;51m▗[38;2;162;150;136;48;2;101;95;88m▃[38;2;92;88;81;48;2;97;92;85m┊[38;2;88;83;76;48;2;92;88;81m▗[38;2;123;115;104;48;2;90;85;78m▗[38;2;164;151;137;48;2;96;91;84m▄[38;2;162;148;131m▄[38;2;155;142;127m▄[38;2;106;99;91;48;2;90;85;78m▎[38;2;119;112;104;48;2;96;91;84m▁[38;2;161;147;133;48;2;102;96;88m▃[38;2;117;108;97;48;2;89;85;78m▖[38;2;107;100;92;48;2;91;86;80m▗[38;2;155;142;129;48;2;96;91;84m▄[38;2;162;147;132;48;2;95;90;83m▄[38;2;115;105;94;48;2;62;58;53m▖[0m[38;2;35;33;30m▘[0m [38;2;1;1;1m       [0m
 [38;2;0;0;0m     [0m [38;2;149;141;131;48;2;52;49;45m▝[38;2;74;70;65;48;2;186;177;166m▂[38;2;71;67;63;48;2;161;153;144m▂[38;2;33;31;28;48;2;69;65;60m▗[38;2;135;128;119;48;2;48;46;42m▝[38;2;71;67;63;48;2;186;176;165m▂[38;2;73;69;64;48;2;180;170;159m▂[38;2;57;54;50;48;2;131;120;108m▅[0m[7m[38;2;83;78;72m▃[0m[38;2;67;64;60;48;2;168;160;151m▂[38;2;74;70;66;48;2;182;172;162m▂[38;2;127;120;111;48;2;60;56;52m▘[0m[7m[38;2;80;75;69m▄[0m[38;2;63;60;56;48;2;173;163;153m▂[38;2;73;69;64;48;2;187;176;165m▂[38;2;140;132;123;48;2;45;43;40m▘[0m [38;2;20;18;17m        [0m
 [38;2;0;0;0m      [0m [7m[38;2;25;24;22m▆[38;2;27;25;23m▆[0m  [7m[38;2;24;23;21m▆[38;2;27;25;23m▆[38;2;23;21;19m▆[0m [7m[38;2;23;21;19m▆[38;2;27;25;23m▆[38;2;24;22;20m▆[0m  [7m[38;2;25;23;21m▆[0m [38;2;1;1;1m         [0m
[?25h