[?25l[0m [38;2;0;0;0m                   [0m
 [38;2;0;0;0m                   [0m
 [38;2;0;0;0m  [0m [38;2;32;30;27m▁[0m [38;2;0;0;0m   [0m [38;2;121;99;94m▄[38;2;146;119;112m▃[38;2;39;34;31m▁[0m [38;2;104;86;80m▃[38;2;131;105;100m▄[38;2;90;75;70m▃[0m [38;2;0;0;0m  [0m
 [38;2;0;0;0m [0m [7m[38;2;62;58;54m▉[0m[38;2;156;149;140;48;2;103;90;77m▆[0m[38;2;49;45;42m▌  [0m [7m[38;2;57;50;46m▍[0m[38;2;86;78;73;48;2;159;123;119m▅[38;2;90;82;76;48;2;168;131;124m▅[0m[7m[38;2;80;74;68m▝[0m[38;2;68;65;60m▅[38;2;169;131;126;48;2;85;77;72m▝[38;2;96;86;80;48;2;166;132;125m▆[38;2;161;134;125;48;2;58;53;49m▘[0m [38;2;18;16;15m  [0m
 [38;2;0;0;0m [38;2;57;54;50m▗[38;2;148;144;138;48;2;75;71;66m▝[0m[7m[38;2;158;154;148m▄[0m[38;2;41;39;36m▘  [7m[38;2;27;26;23m▋[0m[38;2;51;48;44;48;2;82;77;72m▎[38;2;82;77;72;48;2;92;88;81m▁[38;2;90;85;79m▁[38;2;142;171;112;48;2;101;104;86m▗[38;2;177;177;155;48;2;102;104;88m▃[38;2;185;171;161;48;2;96;92;85m▃[38;2;177;176;154;48;2;103;104;88m▃[38;2;141;169;111;48;2;86;88;73m▖[0m[38;2;58;54;50m▖  [0m
 [38;2;0;0;0m [7m[38;2;52;49;45m▍[0m[38;2;87;82;76;48;2;73;69;64m▇[0m[38;2;72;68;63m▅[38;2;51;48;44m▃[38;2;50;47;43m▃▃▃[38;2;88;107;69;48;2;46;45;39m▃[38;2;84;80;73;48;2;64;66;54m━[38;2;64;60;56;48;2;86;81;76m▃[38;2;151;146;134;48;2;95;91;84m▝[38;2;105;100;93;48;2;186;177;166m▃[38;2;108;103;96;48;2;199;167;160m▃[38;2;104;99;92;48;2;187;172;161m▃[38;2;149;144;132;48;2;77;73;67m▘[0m[38;2;58;54;50m▘  [0m
 [38;2;0;0;0m [38;2;35;33;30m▝[38;2;37;35;32;48;2;77;73;68m▖[38;2;74;70;64;48;2;91;87;80m▁[38;2;92;88;81;48;2;87;82;76m▇▇▇▇[38;2;107;124;85;48;2;94;92;81m▝[38;2;105;122;84;48;2;90;110;69m▇[38;2;104;127;81;48;2;76;79;64m▄[38;2;128;144;94;48;2;75;76;64m▃[38;2;118;137;89m▃[38;2;101;123;78;48;2;75;75;63m▃[0m[7m[38;2;62;59;54m▄[38;2;27;26;24m▇[0m [38;2;0;0;0m  [0m
 [38;2;0;0;0m  [0m [38;2;26;24;22;48;2;59;55;51m▍[38;2;85;81;75;48;2;92;88;81m▏    [38;2;92;88;81;48;2;93;89;82m▇[48;2;93;90;82m▇[38;2;103;97;86;48;2;162;150;116m▇[38;2;97;92;83;48;2;131;124;100m▇[38;2;40;38;34;48;2;71;68;62m▗[0m [38;2;20;19;17m    [0m
 [38;2;0;0;0m  [0m [38;2;24;22;20;48;2;109;102;95m▌[38;2;199;189;179;48;2;123;115;105m▅[38;2;139;132;124;48;2;85;81;75m▖[38;2;97;92;84;48;2;173;163;152m▍[38;2;192;178;164;48;2;128;118;107m▆[38;2;135;122;108;48;2;99;92;84m▍[38;2;202;193;182;48;2;125;117;107m▄[38;2;158;148;138;48;2;100;95;88m▍[38;2;180;171;161;48;2;118;110;100m▅[38;2;187;175;163;48;2;119;109;99m▆[0m[38;2;67;63;58m▎     [0m
 [38;2;0;0;0m   [7m[38;2;58;55;51m▇[38;2;121;115;108m▅[38;2;58;55;51m▅[38;2;110;104;98m▆[38;2;108;102;96m▅[38;2;37;35;32m▅[38;2;117;111;105m▅[38;2;70;66;61m▅[38;2;93;88;83m▆[38;2;108;103;97m▅[0m [38;2;0;0;0m     [0m
[?25h