[?25l[0m [38;2;0;0;0m                   [0m
 [38;2;0;0;0m                   [0m
 [38;2;0;0;0m        [0m [38;2;39;35;32m▂[38;2;37;34;31m▂[0m [38;2;0;0;0m [38;2;29;26;24m▁[38;2;43;38;35m▂[0m [38;2;23;21;19m   [0m
 [38;2;0;0;0m [38;2;93;87;80m▗[38;2;128;119;109m▅[0m [38;2;21;19;18m    [7m[38;2;65;56;52m▌[0m[38;2;98;81;77;48;2;162;128;123m▃[38;2;88;77;72;48;2;160;127;120m▂[0m[7m[38;2;58;51;48m▝[0m[38;2;54;51;47m▂[38;2;68;60;56;48;2;142;114;108m▍[38;2;107;91;85;48;2;173;136;130m▄[38;2;130;109;101;48;2;41;37;34m▋[0m [38;2;16;14;13m  [0m
 [38;2;0;0;0m [7m[38;2;96;90;83m▌[0m[38;2;167;157;146;48;2;68;64;59m▊[0m[38;2;25;24;22m▍   [38;2;25;23;21m▗[38;2;28;26;24;48;2;73;69;63m▘[38;2;91;87;80;48;2;80;76;70m▇[38;2;92;88;81;48;2;83;78;73m▇[38;2;127;150;102;48;2;93;90;81m▗[38;2;140;145;120;48;2;94;93;81m▁[38;2;136;129;121;48;2;91;87;80m▁[38;2;141;146;120;48;2;95;95;83m▁[38;2;124;146;98;48;2;68;66;59m▖[0m[38;2;40;38;35m▖  [0m
 [38;2;0;0;0m [7m[38;2;61;56;51m▍[0m[38;2;143;127;110;48;2;86;80;73m▘[0m[38;2;53;50;46m▃[0m    [38;2;31;32;25;48;2;65;63;55m▖[38;2;58;54;50;48;2;83;79;73m━[38;2;75;71;66;48;2;89;84;78m╸[38;2;153;168;127;48;2;107;103;94m▝[38;2;150;143;134;48;2;187;181;166m▁[38;2;210;134;133;48;2;192;174;165m╺[38;2;149;142;133;48;2;188;177;162m▁[38;2;151;166;125;48;2;101;97;89m▘[0m[38;2;50;47;43m▋  [0m
 [38;2;0;0;0m [38;2;57;54;49m▝[38;2;55;52;48;48;2;88;84;78m▖[38;2;92;88;81;48;2;90;86;79m┈[38;2;90;86;79;48;2;50;47;43m▆[48;2;49;46;42m▆▆▆[38;2;81;78;71;48;2;99;112;81m▏[38;2;106;130;82;48;2;70;79;56m▅[38;2;93;112;73;48;2;71;71;60m▖[38;2;75;81;61;48;2;91;87;80m▄[48;2;98;93;86m▄[38;2;74;80;61;48;2;99;94;87m▄[38;2;30;28;26;48;2;81;78;71m▗[0m[7m[38;2;54;51;47m▅[0m [38;2;0;0;0m  [0m
 [38;2;0;0;0m [0m [7m[38;2;48;45;41m▅[0m[38;2;27;25;23;48;2;70;66;61m▖[38;2;87;83;77;48;2;92;88;81m▏    [38;2;93;91;81;48;2;102;112;84m▇[48;2;112;137;87m▆[38;2;166;169;116;48;2;107;107;88m▝[38;2;144;150;104;48;2;100;101;84m▘[38;2;52;49;45;48;2;89;97;74m▗[0m[38;2;38;42;31m▏    [0m
 [38;2;0;0;0m  [0m [38;2;29;27;25;48;2;103;97;89m▋[38;2;180;170;159;48;2;104;98;90m▃[38;2;87;83;77;48;2;92;87;80m┊[38;2;186;174;161;48;2;102;96;88m▗[38;2;179;166;150;48;2;101;96;87m▄[38;2;126;115;103;48;2;93;88;81m▖[38;2;186;176;166;48;2;107;101;92m▂[38;2;151;141;129;48;2;88;83;76m▖[38;2;174;162;148;48;2;96;91;84m▗[38;2;175;162;149m▄[0m[38;2;69;64;59m▎[0m [38;2;0;0;0m    [0m
 [38;2;0;0;0m   [7m[38;2;58;55;51m▇[38;2;121;115;108m▅[38;2;58;55;51m▅[38;2;110;104;98m▆[38;2;108;102;96m▅[38;2;37;35;32m▅[38;2;117;111;105m▅[38;2;70;66;61m▅[38;2;93;88;83m▆[38;2;108;103;97m▅[0m [38;2;0;0;0m     [0m
[?25h