[?25l[0m [38;2;0;0;0m                   [0m
 [38;2;0;0;0m                   [0m
 [38;2;0;0;0m         [0m  [38;2;0;0;0m   [0m [38;2;0;0;0m    [0m
[38;2;74;70;64m▗[38;2;138;129;118m▅[0m [38;2;35;34;32m      [7m[38;2;75;61;58m▊[0m[38;2;153;122;116;48;2;25;24;22m▆[38;2;155;124;117;48;2;24;22;21m▆[0m[38;2;69;59;54m▖[0m [38;2;129;105;99m▅[38;2;156;124;118;48;2;28;26;24m▆[0m[38;2;114;96;89m▅[0m [38;2;10;10;9m  [0m
 [7m[38;2;153;148;141m▃[0m[38;2;132;128;123;48;2;69;66;61m▌[0m[38;2;52;49;45m▖[0m [38;2;0;0;0m   [0m [7m[38;2;59;55;51m▘[0m[38;2;84;72;68;48;2;91;85;79m▘[38;2;87;82;76;48;2;125;99;94m▇[38;2;88;86;77;48;2;59;53;49m▇[38;2;83;80;73;48;2;34;32;29m▇[38;2;88;83;77;48;2;112;91;87m▇[38;2;90;86;78;48;2;108;92;86m▇[38;2;89;84;75;48;2;54;50;45m▍[0m [38;2;19;18;16m  [0m
  [7m[38;2;62;59;55m▖[0m[38;2;57;53;49;48;2;86;81;75m▝[0m[38;2;53;50;46m▃[0m   [7m[38;2;30;28;26m▋[0m[38;2;91;86;80;48;2;59;55;51m▝[38;2;61;58;53;48;2;90;86;79m▃[38;2;82;78;72m▏[38;2;102;101;88;48;2;149;166;124m▌[38;2;185;181;164;48;2;112;119;95m▆[38;2;194;165;157;48;2;100;95;88m▆[38;2;186;176;159;48;2;113;120;95m▆[38;2;148;163;122;48;2;95;94;82m▌[0m[38;2;51;48;44m▋  [0m
 [38;2;0;0;0m [38;2;57;54;49m▝[38;2;55;52;48;48;2;88;84;78m▖[38;2;92;88;81;48;2;90;86;79m┈[38;2;90;86;79;48;2;50;47;43m▆[48;2;49;46;42m▆▆[48;2;50;47;43m▆[38;2;102;117;82;48;2;59;60;49m▆[38;2;105;131;81;48;2;75;79;63m▖[38;2;60;56;52;48;2;80;78;70m━[38;2;88;83;77;48;2;106;100;94m▇[38;2;86;82;76;48;2;162;154;145m▅[48;2;176;165;155m▅[38;2;80;76;70;48;2;161;152;143m▅[0m[7m[38;2;75;71;66m▃[0m[38;2;35;33;31m▘  [0m
 [38;2;0;0;0m [0m [7m[38;2;48;45;41m▅[0m[38;2;27;25;23;48;2;70;66;61m▖[38;2;87;83;77;48;2;92;88;81m▏   [38;2;92;88;81;48;2;93;90;81m┈[38;2;93;91;81;48;2;111;134;87m▆[38;2;74;70;64;48;2;92;92;79m▝[38;2;179;165;124;48;2;99;93;80m╺[38;2;149;138;108;48;2;90;85;75m╸[38;2;75;71;66;48;2;47;44;40m▋[0m[7m[38;2;31;29;26m▆[0m [38;2;0;0;0m   [0m
 [38;2;0;0;0m  [0m [38;2;29;27;25;48;2;103;97;89m▋[38;2;180;170;159;48;2;104;98;90m▃[38;2;87;83;77;48;2;92;87;80m┊[38;2;186;174;161;48;2;102;96;88m▗[38;2;179;166;150;48;2;101;96;87m▄[38;2;126;115;103;48;2;93;88;81m▖[38;2;186;176;166;48;2;107;101;92m▂[38;2;151;141;129;48;2;88;83;76m▖[38;2;174;162;148;48;2;96;91;84m▗[38;2;175;162;149m▄[0m[38;2;69;64;59m▎[0m [38;2;0;0;0m    [0m
 [38;2;0;0;0m   [7m[38;2;58;55;51m▇[38;2;121;115;108m▅[38;2;58;55;51m▅[38;2;110;104;98m▆[38;2;108;102;96m▅[38;2;37;35;32m▅[38;2;117;111;105m▅[38;2;70;66;61m▅[38;2;93;88;83m▆[38;2;108;103;97m▅[0m [38;2;0;0;0m     [0m
[?25h