[?25l[0m [38;2;0;0;0m                               [0m
 [38;2;0;0;0m                               [0m
 [38;2;0;0;0m                               [0m
 [38;2;0;0;0m                               [0m
 [38;2;0;0;0m   [0m   [38;2;0;0;0m       [0m [38;2;41;35;33m▁[38;2;96;81;76m▃[38;2;111;89;85m▃[38;2;101;84;79m▃[38;2;49;42;39m▁[0m   [38;2;89;75;69m▃[38;2;112;89;85m▃[38;2;109;90;84m▃[38;2;59;50;46m▂[0m [38;2;7;7;6m    [0m
 [38;2;0;0;0m  [38;2;24;23;21m▗[38;2;99;90;79m▄[38;2;134;121;106;48;2;42;38;33m▅[0m[38;2;53;49;44m▖[0m [38;2;5;4;4m      [0m [38;2;34;32;29;48;2;102;82;78m▌[38;2;146;111;108;48;2;177;141;135m▂[38;2;115;91;87;48;2;184;144;139m▄[38;2;156;120;114;48;2;185;147;139m▂[38;2;122;98;92;48;2;46;42;38m▌[0m  [38;2;30;28;26;48;2;73;62;58m▌[38;2;142;114;108;48;2;183;144;138m▍[38;2;121;97;92;48;2;187;145;139m▄[38;2;146;122;113;48;2;188;154;144m▖[38;2;139;116;107;48;2;54;48;44m▋[0m[38;2;24;23;21m▌    [0m
 [38;2;0;0;0m  [7m[38;2;26;25;22m▌[0m[38;2;60;57;52;48;2;145;140;132m▍[38;2;183;176;167;48;2;135;130;123m▋[0m[38;2;60;57;52m▌[0m [38;2;8;8;7m     [0m  [38;2;42;39;36;48;2;63;58;54m▋[38;2;88;84;77;48;2;77;68;64m▃[38;2;91;86;80;48;2;88;81;75m▅[38;2;92;87;81;48;2;84;75;69m▃[38;2;90;85;79;48;2;86;78;73m▆[38;2;83;79;73;48;2;49;46;42m▆[38;2;82;77;72;48;2;41;39;35m▆[38;2;88;84;78;48;2;74;69;64m▇[38;2;92;87;81;48;2;83;75;70m▃[38;2;86;78;73;48;2;90;86;79m▘[38;2;91;86;80;48;2;83;76;70m▃[38;2;72;66;61;48;2;51;48;43m▍[0m[38;2;25;24;21m▌    [0m
 [38;2;0;0;0m  [7m[38;2;26;25;22m▌[0m[38;2;60;56;51;48;2;147;137;126m▍[38;2;185;173;159;48;2;137;128;117m▋[0m[38;2;60;56;51m▌[0m [38;2;8;8;7m     [0m [38;2;31;29;27;48;2;56;53;49m▍[38;2;88;83;77;48;2;76;72;67m▇[48;2;92;88;81m   [38;2;104;110;88;48;2;93;89;81m▗[38;2;135;162;106;48;2;96;95;83m▅[38;2;136;141;116;48;2;98;100;85m▂[38;2;145;137;129;48;2;95;91;84m▁▁[38;2;130;126;116;48;2;93;90;82m▂[38;2;140;167;110;48;2;100;103;85m▄[38;2;126;151;100;48;2;79;80;67m▖[0m[7m[38;2;49;46;43m▝[0m[38;2;23;22;20m▖   [0m
 [38;2;0;0;0m  [7m[38;2;26;25;22m▌[0m[38;2;139;123;105;48;2;70;64;57m▝[38;2;168;149;127;48;2;106;96;85m▘[38;2;55;51;46;48;2;25;23;21m▌[0m  [38;2;0;0;0m    [0m [38;2;32;29;27;48;2;51;48;44m▍[38;2;54;50;46;48;2;84;80;74m▄[38;2;60;56;52;48;2;88;84;78m▄[38;2;64;61;56;48;2;89;84;78m▄[38;2;84;80;74;48;2;90;86;80m▏[38;2;94;90;82;48;2;119;122;102m▊[38;2;185;181;164;48;2;149;165;124m▗[38;2;194;187;173;48;2;173;174;151m▆[38;2;198;186;175;48;2;169;160;151m▇[38;2;211;132;132;48;2;196;168;160m▗[38;2;199;178;168;48;2;168;161;150m▇[38;2;153;181;122;48;2;182;182;160m▝[38;2;139;148;118;48;2;100;98;87m▌[38;2;73;69;64;48;2;47;44;40m▋[0m[38;2;27;25;22m▌   [0m
 [38;2;0;0;0m  [7m[38;2;26;25;22m▌[0m[38;2;47;44;40;48;2;73;69;64m▍[38;2;91;87;80;48;2;87;83;77m▇[38;2;88;84;78;48;2;68;65;60m▆[0m[7m[38;2;66;62;58m▝[0m[38;2;45;43;39m▄[38;2;43;41;37m▄▄▄▄▄[38;2;61;65;50m▃[38;2;97;120;75;48;2;54;56;45m▄[38;2;62;63;52;48;2;80;81;68m▗[38;2;53;51;45;48;2;81;77;72m▃[38;2;63;60;55;48;2;88;84;78m▄[38;2;90;85;79;48;2;98;93;86m▇[38;2;96;92;85;48;2;134;127;119m▆[38;2;101;96;89;48;2;171;163;153m▃[38;2;103;98;91;48;2;184;175;164m▃[48;2;186;169;159m▃[48;2;183;171;161m▃[38;2;160;152;143;48;2;105;99;93m▘[38;2;59;56;52;48;2;93;88;82m▃[0m[7m[38;2;59;56;51m▄[0m[38;2;24;22;20m▘   [0m
 [38;2;0;0;0m  [38;2;24;23;21m▝[7m[38;2;52;49;45m▖[0m[38;2;59;55;51;48;2;86;81;75m▖[38;2;90;85;79;48;2;92;88;81m▏[38;2;92;88;81;48;2;88;84;77m▇[48;2;80;76;70m▆▆▆▆▆▆[38;2;89;86;78;48;2;96;100;81m▋[38;2;97;101;83;48;2;110;133;86m▃[38;2;110;136;85;48;2;91;112;70m▇[38;2;104;130;80;48;2;67;74;54m▄[38;2;63;64;53;48;2;80;82;68m▗[38;2;59;62;49;48;2;86;81;75m▃[48;2;86;82;76m▃▃▃[38;2;62;63;53;48;2;90;86;79m▄[38;2;44;47;35;48;2;76;72;66m▁[0m[7m[38;2;64;60;55m▄[0m[38;2;32;30;27m▘[0m [38;2;0;0;0m    [0m
 [38;2;0;0;0m   [38;2;24;22;20m▝[7m[38;2;55;52;48m▃[0m[38;2;39;36;33;48;2;77;74;68m▁[38;2;65;62;57;48;2;89;84;78m▃[38;2;89;85;78;48;2;92;88;81m▏      [38;2;92;88;81;48;2;92;89;81m┈[38;2;94;92;82;48;2;103;116;84m▆[38;2;95;95;82;48;2;110;134;86m▃[38;2;95;97;82;48;2;106;130;82m▃[38;2;103;117;82;48;2;124;135;92m▊[38;2;188;180;128;48;2;112;134;84m▄[38;2;155;150;110;48;2;105;123;82m▖[38;2;94;95;81;48;2;105;128;81m▃[38;2;67;70;56;48;2;98;121;75m▃[0m[38;2;43;52;33m▌[0m [38;2;0;0;0m      [0m
 [38;2;0;0;0m    [0m [7m[38;2;25;24;21m▌[0m[38;2;43;41;37;48;2;69;65;60m▍[38;2;87;82;76;48;2;92;88;81m▎          [38;2;92;88;81;48;2;95;90;82m┈[38;2;95;90;82;48;2;158;146;112m▆[38;2;95;91;82;48;2;119;111;93m▇[38;2;92;87;81;48;2;85;80;75m▊[38;2;64;60;55;48;2;37;35;32m▊[0m [38;2;21;20;18m       [0m
 [38;2;0;0;0m     [7m[38;2;23;21;19m▌[0m[38;2;125;115;105;48;2;59;56;51m▗[38;2;162;150;136;48;2;101;95;88m▃[38;2;92;88;81;48;2;97;92;85m┊[38;2;88;83;76;48;2;92;88;81m▗[38;2;123;115;104;48;2;90;85;78m▗[38;2;164;151;137;48;2;96;91;84m▄[38;2;162;148;131m▄[38;2;155;142;127m▄[38;2;106;99;91;48;2;90;85;78m▎[38;2;119;112;104;48;2;96;91;84m▁[38;2;161;147;133;48;2;102;96;88m▃[38;2;117;108;97;48;2;89;85;78m▖[38;2;107;100;92;48;2;91;86;80m▗[38;2;155;142;129;48;2;96;91;84m▄[38;2;162;147;132;48;2;95;90;83m▄[38;2;115;105;94;48;2;62;58;53m▖[0m[38;2;35;33;30m▘[0m [38;2;1;1;1m       [0m
 [38;2;0;0;0m     [0m [38;2;149;141;131;48;2;52;49;45m▝[38;2;74;70;65;48;2;186;177;166m▂[38;2;71;67;63;48;2;161;153;144m▂[38;2;33;31;28;48;2;69;65;60m▗[38;2;135;128;119;48;2;48;46;42m▝[38;2;71;67;63;48;2;186;176;165m▂[38;2;73;69;64;48;2;180;170;159m▂[38;2;57;54;50;48;2;131;120;108m▅[0m[7m[38;2;83;78;72m▃[0m[38;2;67;64;60;48;2;168;160;151m▂[38;2;74;70;66;48;2;182;172;162m▂[38;2;127;120;111;48;2;60;56;52m▘[0m[7m[38;2;80;75;69m▄[0m[38;2;63;60;56;48;2;173;163;153m▂[38;2;73;69;64;48;2;187;176;165m▂[38;2;140;132;123;48;2;45;43;40m▘[0m [38;2;20;18;17m        [0m
 [38;2;0;0;0m      [0m [7m[38;2;25;24;22m▆[38;2;27;25;23m▆[0m  [7m[38;2;24;23;21m▆[38;2;27;25;23m▆[38;2;23;21;19m▆[0m [7m[38;2;23;21;19m▆[38;2;27;25;23m▆[38;2;24;22;20m▆[0m  [7m[38;2;25;23;21m▆[0m [38;2;1;1;1m         [0m
[?25h