[?25l[0m [38;2;0;0;0m                                           [0m
 [38;2;0;0;0m                                           [0m
 [38;2;0;0;0m                                           [0m
 [38;2;0;0;0m                                           [0m
 [38;2;0;0;0m                                           [0m
 [38;2;0;0;0m                   [0m  [38;2;72;62;58m▃[38;2;88;73;68m▃[38;2;88;72;68m▃[38;2;81;69;64m▃[0m   [38;2;0;0;0m [0m  [38;2;78;67;62m▃[38;2;89;73;68m▃▃[38;2;81;69;63m▃[0m  [38;2;8;7;6m      [0m
 [38;2;0;0;0m    [0m    [38;2;4;3;3m          [0m [7m[38;2;24;23;21m▌[0m[38;2;46;41;38;48;2;109;90;85m▌[38;2;177;143;136;48;2;138;114;108m▆[38;2;180;142;136;48;2;150;120;115m▇[38;2;156;121;116;48;2;180;141;136m▂[38;2;190;153;144;48;2;151;124;116m▆[38;2;130;106;99;48;2;69;59;54m▋[0m[38;2;32;29;27m▌[0m  [7m[38;2;27;25;23m▌[0m[38;2;47;42;39;48;2;117;95;89m▍[38;2;189;152;143;48;2;150;124;115m▆[38;2;181;142;136;48;2;153;121;115m▇[38;2;160;128;121;48;2;182;143;137m▂[38;2;192;158;147;48;2;153;126;117m▆[38;2;124;104;96;48;2;57;50;46m▋[0m[38;2;29;27;24m▌[0m [38;2;5;5;4m     [0m
 [38;2;0;0;0m   [0m [38;2;50;45;40m▗[38;2;120;107;92;48;2;52;46;40m▄[38;2;131;116;100;48;2;54;49;42m▅[0m[38;2;57;52;45m▄[0m [38;2;19;18;16m         [0m [7m[38;2;28;26;24m▌[0m[38;2;111;86;82;48;2;53;47;43m▝[38;2;68;58;54;48;2;153;116;112m▃[38;2;148;113;109;48;2;96;81;77m▘[38;2;138;107;102;48;2;89;79;74m▝[38;2;77;67;62;48;2;166;127;121m▃[38;2;143;111;105;48;2;90;79;74m▘[38;2;31;29;26;48;2;63;60;55m▝[0m[38;2;44;42;38m▄[38;2;42;40;36m▄[7m[38;2;58;55;51m▘[0m[38;2;127;99;95;48;2;82;74;69m▝[38;2;76;66;62;48;2;161;123;119m▃[38;2;146;113;109;48;2;94;81;76m▘[38;2;143;120;111;48;2;92;82;76m▝[38;2;72;64;59;48;2;163;135;126m▃[38;2;131;109;101;48;2;64;56;52m▘[0m[38;2;33;31;28m▌[0m [38;2;6;6;5m     [0m
 [38;2;0;0;0m   [0m [38;2;32;30;27;48;2;69;65;60m▋[38;2;124;118;112;48;2;168;161;152m▍[38;2;186;178;169;48;2;151;145;137m▋[38;2;104;99;93;48;2;39;37;33m▌[0m[38;2;23;21;20m▌        [0m  [38;2;44;42;39m▗[38;2;72;68;63;48;2;52;49;45m▃[38;2;87;82;76;48;2;70;66;61m▅[38;2;91;87;80;48;2;83;79;73m▆[48;2;86;82;76m▇[38;2;90;86;79;48;2;74;70;65m▆[38;2;86;81;75;48;2;91;87;80m▘[38;2;90;86;80;48;2;83;79;73m▇[38;2;91;87;80;48;2;75;71;65m▅[48;2;74;70;65m▅[48;2;82;78;72m▆[48;2;87;82;76m▇[48;2;78;73;68m▅[38;2;90;86;80;48;2;83;79;73m▇[38;2;91;86;80;48;2;85;80;74m▇[38;2;88;83;77;48;2;73;69;64m▅[38;2;66;62;58;48;2;50;47;43m▌[0m[38;2;33;31;28m▌[0m [38;2;6;6;5m     [0m
 [38;2;0;0;0m   [0m [38;2;32;30;27;48;2;68;65;60m▋[38;2;123;118;112;48;2;167;161;153m▍[38;2;185;178;169;48;2;150;145;137m▋[38;2;103;99;94;48;2;39;37;33m▌[0m[38;2;23;21;20m▌        [0m [38;2;24;22;20;48;2;40;37;34m▌[38;2;60;56;52;48;2;76;72;67m▌[38;2;91;87;80;48;2;84;80;74m▇[38;2;92;88;81;48;2;91;86;80m▇[48;2;92;88;81m    [38;2;125;146;100;48;2;99;101;85m▗[38;2;136;165;107m▄[38;2;116;131;94;48;2;95;93;83m▖[48;2;92;88;81m    [38;2;122;142;98;48;2;98;98;84m▗[38;2;136;165;107;48;2;96;99;82m▄[38;2;114;132;92;48;2;75;75;64m▖[0m[7m[38;2;54;51;47m▝[0m[38;2;28;27;24m▄[0m [38;2;10;9;8m    [0m
 [38;2;0;0;0m   [0m [38;2;32;30;27;48;2;69;63;57m▋[38;2;124;114;103;48;2;168;154;139m▍[38;2;186;171;154;48;2;151;139;125m▋[38;2;104;96;86;48;2;39;37;33m▌[0m[38;2;23;21;20m▌        [0m [38;2;25;23;21;48;2;41;39;35m▌[38;2;61;57;53;48;2;76;72;66m▌[38;2;80;76;70;48;2;91;86;80m▂[38;2;81;77;71;48;2;92;88;81m▂▂[38;2;84;80;74m▂  [38;2;108;117;91;48;2;131;154;104m▌[38;2;167;185;140;48;2;150;181;118m▗[38;2;185;183;163;48;2;144;149;123m▅[38;2;193;183;172;48;2;141;133;125m▅[38;2;193;181;170m▅[38;2;195;175;165m▅[38;2;194;179;169m▅[38;2;181;183;157;48;2;145;156;122m▅[38;2;160;177;134;48;2;146;179;113m▂[38;2;123;142;100;48;2;100;101;85m▌[38;2;81;77;71;48;2;65;62;57m▋[38;2;48;45;41;48;2;30;28;26m▌[0m [38;2;16;15;13m    [0m
 [38;2;0;0;0m   [0m [38;2;30;28;26;48;2;56;51;46m▌[38;2;161;142;121;48;2;113;101;87m▝[38;2;176;156;133;48;2;133;119;103m▘[38;2;41;38;35;48;2;87;80;71m▝[0m[38;2;47;45;41m▃[0m  [38;2;3;2;2m      [0m [38;2;40;37;34m▝[38;2;29;27;24;48;2;48;45;41m▃[38;2;50;47;43;48;2;64;61;56m▆[38;2;75;70;65;48;2;59;55;51m▃[38;2;79;75;70;48;2;60;56;52m▃[38;2;63;59;55;48;2;79;75;69m▘[38;2;86;81;76;48;2;91;87;80m▎[48;2;92;88;81m [38;2;155;153;137;48;2;119;113;105m▝[38;2;149;141;133;48;2;185;180;163m▃[38;2;185;176;165;48;2;195;186;174m▁[48;2;199;189;178m [38;2;205;166;159;48;2;200;183;173m▝[38;2;204;168;160;48;2;210;135;134m▃[38;2;207;155;150;48;2;202;177;168m▘[38;2;177;168;158;48;2;195;186;174m▗[38;2;142;134;126;48;2;180;175;159m▃[38;2;144;141;127;48;2;108;103;96m▘[38;2;81;77;71;48;2;65;62;57m▋[38;2;48;45;41;48;2;30;28;26m▌[0m [38;2;16;15;13m    [0m
 [38;2;0;0;0m   [0m [38;2;30;28;26;48;2;48;44;41m▌[38;2;65;61;57;48;2;81;76;71m▍[38;2;91;86;80;48;2;92;88;81m▏[38;2;92;87;81;48;2;88;84;78m▉[38;2;68;64;59;48;2;86;82;76m▝[38;2;34;32;30;48;2;67;63;59m▝[0m[38;2;49;46;42m▄[38;2;46;43;39m▄▄▄▄▄▄▄[38;2;46;44;40m▄[38;2;80;96;62;48;2;38;44;30m▄[38;2;100;123;76;48;2;67;73;55m▅[38;2;62;66;51;48;2;81;85;68m▗[38;2;56;56;47;48;2;82;78;73m▄[38;2;53;51;46m▄[38;2;60;56;52;48;2;83;79;73m▄[38;2;77;73;68;48;2;89;84;78m▖[48;2;92;88;81m [38;2;123;116;109;48;2;94;90;83m▝[38;2;105;100;92;48;2;163;155;145m▄[38;2;108;102;95;48;2;178;168;158m▄▄▄▄[38;2;102;97;91;48;2;155;147;138m▄[38;2;109;103;97;48;2;88;84;78m▘[38;2;49;46;42;48;2;76;72;67m▁[0m[7m[38;2;53;50;46m▗[38;2;28;27;24m▄[0m [38;2;8;8;7m    [0m
 [38;2;0;0;0m   [0m [38;2;48;44;41;48;2;26;24;22m▝[38;2;52;49;45;48;2;74;70;65m▃[38;2;76;72;67;48;2;90;86;79m▂[38;2;92;88;81;48;2;91;87;80m┊[48;2;92;88;81m [38;2;91;87;80;48;2;85;80;75m▇[38;2;91;86;80;48;2;75;71;66m▆[38;2;90;86;80;48;2;74;70;65m▆▆▆▆▆▆▆[38;2;91;87;80m▆[38;2;94;100;79;48;2;103;119;83m▌[38;2;106;122;85;48;2;112;140;86m▂[38;2;113;140;86;48;2;94;117;72m▆[38;2;65;75;52;48;2;94;116;72m▝[38;2;85;99;67;48;2;60;58;51m▃[38;2;80;77;69;48;2;70;66;61m▇[38;2;70;66;61;48;2;87;83;77m▂[48;2;89;85;79m▂▂▂▂▂▂▂[38;2;53;50;47;48;2;79;75;70m▗[0m[7m[38;2;57;53;49m▃[38;2;32;30;27m▅[0m  [38;2;0;0;0m     [0m
 [38;2;0;0;0m   [0m  [7m[38;2;34;31;28m▌[0m[38;2;52;49;44;48;2;70;66;61m▌[38;2;83;78;73;48;2;91;87;80m▍[38;2;90;85;79;48;2;92;88;81m▁[38;2;91;86;80m▁         [38;2;92;88;81;48;2;94;93;82m▇[38;2;101;109;84;48;2;93;91;82m▝[38;2;97;102;83;48;2;110;132;86m▄[38;2;105;121;85;48;2;113;140;87m▖[38;2;96;118;74;48;2;112;141;86m▝[38;2;102;127;78;48;2;65;72;52m▅[38;2;101;125;77;48;2;57;59;47m▅[38;2;102;125;78m▅[38;2;109;133;82;48;2;63;69;51m▄[38;2;101;125;77;48;2;57;59;47m▅▅[38;2;100;124;77m▅[38;2;96;119;73;48;2;56;58;47m▅[0m[7m[38;2;54;60;44m▗[38;2;31;29;27m▅[0m  [38;2;0;0;0m       [0m
 [38;2;0;0;0m    [0m  [7m[38;2;39;37;34m▅[0m[38;2;28;26;24;48;2;62;58;54m▃[38;2;38;35;32;48;2;60;57;52m▁[38;2;58;55;51;48;2;79;74;69m▖[38;2;88;83;77;48;2;92;88;81m▎          [38;2;92;88;81;48;2;93;91;82m▉[38;2;93;90;81;48;2;101;110;84m▅[38;2;93;92;82;48;2;107;125;86m▅▅▅[38;2;128;128;97;48;2;165;160;116m▌[38;2;206;192;139;48;2;177;172;122m┱[38;2;148;145;106;48;2;108;111;87m▌[38;2;93;92;82;48;2;107;125;86m▅[38;2;86;84;75;48;2;104;123;83m▅[38;2;56;56;47;48;2;90;110;70m▅[0m[38;2;37;41;29m▌          [0m
 [38;2;0;0;0m      [0m  [38;2;23;22;20;48;2;39;36;33m▌[38;2;58;55;50;48;2;76;72;66m▌[38;2;86;82;76;48;2;92;88;81m▎               [38;2;94;90;82;48;2;122;114;95m▇[38;2;92;88;81;48;2;136;126;101m▆[38;2;93;89;82;48;2;110;103;89m▇[48;2;92;88;81m [38;2;89;84;78;48;2;76;72;67m▋[38;2;56;53;49;48;2;37;35;32m▊[0m[38;2;25;23;21m▌          [0m
 [38;2;0;0;0m       [0m [7m[38;2;38;36;33m▌[0m[38;2;88;82;76;48;2;66;62;57m▗[38;2;120;112;102;48;2;90;86;79m▂[38;2;104;98;90;48;2;93;89;82m▁[48;2;92;88;81m [38;2;91;87;80m▁[38;2;92;87;81m┊[38;2;114;106;97m▂[38;2;125;116;105m▂[38;2;122;112;101m▂[38;2;123;114;103m▂[38;2;116;108;98;48;2;94;89;82m▁[38;2;91;86;79;48;2;92;88;81m▂ [38;2;112;104;95m▂[38;2;116;107;98m▂[38;2;92;87;81m┊[38;2;91;86;80m▁[38;2;110;103;94;48;2;93;89;82m▁[38;2;123;114;104;48;2;92;88;81m▂[38;2;123;114;103m▂[38;2;94;88;81;48;2;82;77;71m▎[38;2;31;29;26;48;2;62;59;54m▗[0m[7m[38;2;39;37;34m▅[0m [38;2;16;15;13m          [0m
 [38;2;0;0;0m       [0m [7m[38;2;38;36;33m▌[0m[38;2;88;82;75;48;2;142;132;121m▍[38;2;192;180;167;48;2;158;146;133m▅[38;2;182;173;163;48;2;124;117;107m▃[38;2;141;134;126;48;2;97;93;86m▃[38;2;98;93;87;48;2;89;84;78m▏[38;2;81;76;69;48;2;108;100;91m▊[38;2;186;175;162;48;2;148;137;125m▗[38;2;200;187;172;48;2;167;153;138m▅[38;2;195;180;164;48;2;161;146;129m▅[38;2;185;168;149;48;2;157;144;128m▆[38;2;158;143;127;48;2;127;115;103m▌[38;2;112;106;99;48;2;87;81;73m▗[38;2;163;155;146;48;2;102;96;89m▃[38;2;187;176;164;48;2;143;132;119m▄[38;2;194;181;167;48;2;155;143;130m▖[38;2;117;109;99;48;2;88;83;76m▍[38;2;150;143;134;48;2;96;90;84m▃[38;2;180;170;159;48;2;130;120;109m▄[38;2;198;184;169;48;2;163;149;134m▅[38;2;198;183;169;48;2;163;149;133m▅[38;2;152;140;128;48;2;109;100;91m▋[38;2;52;48;43;48;2;28;26;24m▌[0m [38;2;13;12;11m           [0m
 [38;2;0;0;0m       [0m [7m[38;2;37;35;32m▌[0m[38;2;95;91;85;48;2;158;150;142m▍[38;2;195;186;176;48;2;212;202;191m▎[38;2;198;189;179;48;2;213;203;192m▁[38;2;178;169;160;48;2;132;126;119m▋[38;2;59;55;51;48;2;84;80;74m▄[38;2;60;56;52;48;2;105;99;93m▊[38;2;150;142;134;48;2;192;183;173m▌[38;2;199;190;180;48;2;215;205;194m▁[38;2;208;198;187;48;2;189;179;167m▉[38;2;100;92;83;48;2;168;155;141m▗[38;2;55;50;45;48;2;118;105;90m▃[38;2;70;65;59;48;2;132;125;118m▌[38;2;174;166;157;48;2;206;197;186m▍[38;2;199;190;180;48;2;214;204;193m▁[38;2;204;194;184;48;2;167;159;150m▌[38;2;121;115;108;48;2;77;73;67m▍[38;2;62;58;54;48;2;154;147;138m▃[38;2;126;120;113;48;2;191;182;172m▖[38;2;194;185;175;48;2;213;203;192m▁[38;2;198;188;179m▁[38;2;173;165;156;48;2;123;116;109m▋[38;2;53;50;46;48;2;27;25;23m▌[0m [38;2;13;12;11m           [0m
 [38;2;0;0;0m       [0m  [7m[38;2;81;77;72m▅[0m[38;2;29;27;25;48;2;135;128;121m▄[38;2;31;29;27;48;2;140;133;126m▄[48;2;106;101;94m▄[0m[7m[38;2;41;38;35m▃[38;2;34;32;30m▅[38;2;98;94;88m▄[0m[38;2;31;29;27;48;2;141;134;126m▄[48;2;134;128;121m▄[38;2;27;25;23;48;2;74;70;66m▃[0m[7m[38;2;33;31;28m▄[38;2;60;57;53m▆[0m[38;2;25;24;21;48;2;121;115;109m▄[38;2;31;29;27;48;2;141;134;126m▄[48;2;123;117;110m▄[38;2;25;23;21;48;2;55;52;48m▃[0m[7m[38;2;29;27;25m▅[38;2;82;78;74m▅[0m[38;2;29;27;25;48;2;135;129;121m▄[38;2;31;28;26;48;2;139;132;125m▄[0m[7m[38;2;97;92;87m▅[0m  [38;2;1;1;1m           [0m
 [38;2;0;0;0m         [0m                     [38;2;0;0;0m             [0m
[?25h