[?25l[0m [38;2;0;0;0m                                           [0m
 [38;2;0;0;0m                                           [0m
 [38;2;0;0;0m                                           [0m
 [38;2;0;0;0m                                           [0m
 [38;2;0;0;0m                                           [0m
 [38;2;0;0;0m                    [0m      [38;2;4;4;4m    [0m      [38;2;3;3;3m       [0m
 [38;2;0;0;0m    [0m    [38;2;4;3;3m           [0m [38;2;61;52;48m▂[38;2;123;102;96;48;2;31;28;26m▄[38;2;144;115;110;48;2;38;35;32m▄[38;2;146;115;110;48;2;38;34;32m▄[38;2;135;111;104;48;2;35;32;29m▄[0m[38;2;76;64;59m▃[0m    [38;2;72;61;56m▂[38;2;133;110;103;48;2;33;30;27m▄[38;2;147;116;110;48;2;38;35;32m▄[38;2;147;115;110;48;2;38;34;32m▄[38;2;136;113;105;48;2;34;31;28m▄[0m[38;2;70;59;55m▃[0m  [38;2;0;0;0m     [0m
 [38;2;0;0;0m   [0m [38;2;50;45;40m▗[38;2;120;107;92;48;2;52;46;40m▄[38;2;131;116;100;48;2;54;49;42m▅[0m[38;2;57;52;45m▄[0m [38;2;19;18;16m         [0m [7m[38;2;28;26;23m▌[0m[38;2;52;46;42;48;2;119;96;91m▌[38;2;159;126;121;48;2;187;148;142m▍[38;2;129;100;96;48;2;180;141;136m▗[38;2;110;87;83;48;2;177;138;132m▖[38;2;194;153;145;48;2;180;142;134m▊[38;2;143;114;107;48;2;79;66;61m▋[0m[38;2;37;34;31m▌[0m  [7m[38;2;32;30;27m▌[0m[38;2;54;48;44;48;2;127;102;96m▍[38;2;173;137;131;48;2;196;154;147m▍[38;2;123;96;92;48;2;182;142;136m▗[38;2;116;95;89;48;2;180;144;136m▖[38;2;195;161;150;48;2;175;145;135m▊[38;2;135;112;104;48;2;64;56;52m▋[0m[38;2;33;30;27m▌[0m [38;2;6;6;5m     [0m
 [38;2;0;0;0m   [0m [38;2;32;30;27;48;2;69;65;60m▋[38;2;124;118;112;48;2;168;161;152m▍[38;2;186;178;169;48;2;151;145;137m▋[38;2;104;99;93;48;2;39;37;33m▌[0m[38;2;23;21;20m▌         [0m [7m[38;2;28;26;24m▌[0m[38;2;85;67;64;48;2;48;44;40m▝[38;2;66;60;56;48;2;131;100;97m▅[38;2;83;77;72;48;2;111;90;86m▅[38;2;111;91;85;48;2;86;80;74m▝[38;2;74;68;63;48;2;143;111;105m▅[38;2;114;93;87;48;2;86;80;74m▘[38;2;51;48;44;48;2;78;73;68m▝[38;2;61;57;53;48;2;26;24;22m▅[38;2;59;56;51;48;2;24;22;20m▅[38;2;77;73;68;48;2;49;46;43m▅[38;2;82;76;71;48;2;98;86;81m▚[38;2;74;68;63;48;2;139;107;103m▅[38;2;115;92;88;48;2;86;79;74m▘[38;2;113;97;90;48;2;86;80;75m▝[38;2;69;64;59;48;2;140;117;108m▅[38;2;98;83;76;48;2;54;49;45m▘[0m[38;2;33;31;28m▌[0m [38;2;6;6;5m     [0m
 [38;2;0;0;0m   [0m [38;2;32;30;27;48;2;68;65;60m▋[38;2;123;118;112;48;2;167;161;153m▍[38;2;185;178;169;48;2;150;145;137m▋[38;2;103;99;94;48;2;39;37;33m▌[0m[38;2;23;21;20m▌        [0m [38;2;27;25;23m▃[38;2;56;53;49m▄[38;2;83;78;73;48;2;59;55;51m▄[38;2;80;75;70;48;2;90;85;79m▘[38;2;92;88;81;48;2;89;84;78m▇[48;2;90;85;79m▇[48;2;85;81;75m▇[48;2;90;85;79m▇[48;2;89;85;79m▇[48;2;84;80;74m▇[48;2;84;79;74m▇[48;2;88;84;78m▇[48;2;91;86;80m▇[48;2;85;81;75m▇[48;2;89;85;79m▇[48;2;90;85;79m▇[38;2;90;85;79;48;2;80;76;71m▊[38;2;69;66;61;48;2;51;48;44m▌[0m[38;2;33;31;28m▌[0m [38;2;6;6;5m     [0m
 [38;2;0;0;0m   [0m [38;2;32;30;27;48;2;69;63;57m▋[38;2;124;114;103;48;2;168;154;139m▍[38;2;186;171;154;48;2;151;139;125m▋[38;2;104;96;86;48;2;39;37;33m▌[0m[38;2;23;21;20m▌        [0m [38;2;25;23;21;48;2;42;39;35m▌[38;2;62;58;54;48;2;78;74;69m▌[38;2;89;84;78;48;2;92;88;81m▎     [38;2;132;159;104;48;2;107;116;90m▗[38;2;146;178;113;48;2;116;131;95m▅[38;2;142;147;122;48;2;105;110;89m▂[38;2;139;131;123;48;2;94;89;82m▂▂▂▂[38;2;137;150;115;48;2;107;115;90m▃[38;2;145;178;112;48;2;114;130;93m▅[38;2;76;77;65;48;2;107;119;88m▝[38;2;39;37;34;48;2;68;64;59m▝[0m[38;2;36;33;30m▅[0m [38;2;13;13;11m    [0m
 [38;2;0;0;0m   [0m [38;2;30;28;26;48;2;56;51;46m▌[38;2;161;142;121;48;2;113;101;87m▝[38;2;117;105;92;48;2;157;139;118m▃[38;2;88;79;68;48;2;39;37;33m▌[0m[38;2;23;21;20m▌        [0m [38;2;25;23;21;48;2;41;39;35m▌[38;2;78;73;68;48;2;59;55;51m▝[38;2;66;62;57;48;2;88;84;78m▃[38;2;66;63;57;48;2;89;85;79m▃▃[38;2;71;67;62;48;2;88;84;78m▂[38;2;89;84;78;48;2;91;87;80m▏[48;2;92;88;81m [38;2;111;116;95;48;2;137;152;113m▌[38;2;181;183;158;48;2;154;181;123m▃[38;2;192;188;170;48;2;168;170;147m▆[38;2;198;188;177;48;2;174;165;155m▆[38;2;200;182;172m▆[38;2;210;139;137;48;2;192;171;162m▂[38;2;198;177;167;48;2;166;157;148m▇[38;2;189;187;166;48;2;166;173;142m▆[38;2;176;179;153;48;2;148;177;118m▃[38;2;129;141;107;48;2;101;101;87m▌[38;2;81;77;71;48;2;65;62;57m▋[38;2;48;45;41;48;2;30;28;26m▌[0m [38;2;16;15;13m    [0m
 [38;2;0;0;0m   [0m [38;2;30;28;26;48;2;48;44;41m▌[38;2;65;61;57;48;2;81;76;71m▍[38;2;81;77;71;48;2;91;86;80m▝[38;2;54;51;47;48;2;81;77;71m▝[38;2;62;59;54;48;2;28;27;24m▄[0m[38;2;37;35;32m▖[0m        [7m[38;2;27;25;23m▅[38;2;38;37;32m▖[0m[38;2;66;71;54;48;2;50;47;43m▂[38;2;79;76;69;48;2;55;52;47m▅[38;2;84;79;74;48;2;57;53;49m▅[48;2;65;61;57m▆[38;2;85;80;75;48;2;90;86;79m▁[38;2;90;85;79;48;2;92;88;81m▁[38;2;148;140;132;48;2;104;99;92m▝[38;2;123;116;109;48;2;178;169;159m▄[38;2;167;159;150;48;2;193;183;172m▖[38;2;181;172;161;48;2;198;188;177m▁[38;2;204;168;161;48;2;196;183;173m▝[38;2;197;174;165;48;2;211;131;131m▅[38;2;206;158;152;48;2;196;180;170m▘[38;2;158;150;141;48;2;189;180;169m▗[38;2;114;108;101;48;2;172;164;154m▄[38;2;137;130;122;48;2;98;92;86m▘[38;2;83;78;73;48;2;72;69;64m╴[38;2;46;43;39;48;2;29;27;24m▌[0m [38;2;15;14;13m    [0m
 [38;2;0;0;0m   [0m [38;2;30;28;26;48;2;48;44;41m▌[38;2;65;61;57;48;2;81;76;71m▍[38;2;91;86;80;48;2;92;88;81m▏ [38;2;91;87;80;48;2;80;76;71m▆[38;2;80;76;70;48;2;55;52;48m▆[38;2;65;61;57;48;2;30;28;26m▅[38;2;63;59;55;48;2;27;25;23m▅▅▅▅▅▅▅[38;2;63;60;55;48;2;27;26;23m▅[38;2;90;106;71;48;2;60;72;46m▅[38;2;109;136;83;48;2;89;108;69m▅[38;2;93;114;71;48;2;72;78;59m▃[38;2;71;83;56;48;2;61;61;52m▂[38;2;53;50;46;48;2;73;69;64m▆[38;2;55;52;48;48;2;71;67;62m━[38;2;78;74;69;48;2;87;82;77m▎[48;2;92;88;81m [38;2;94;90;83;48;2;105;100;93m▇[38;2;93;89;82;48;2;137;130;122m▅[38;2;94;90;83;48;2;147;139;131m▅▅▅▅[38;2;90;85;79;48;2;132;125;117m▅[38;2;70;66;61;48;2;92;87;81m▃[38;2;33;31;28;48;2;65;61;56m▂[0m[7m[38;2;41;39;36m▄[0m  [38;2;1;1;0m    [0m
 [38;2;0;0;0m   [0m [7m[38;2;33;31;28m▄[0m[38;2;27;26;23;48;2;60;56;52m▖[38;2;65;62;57;48;2;86;81;76m▃[38;2;87;82;76;48;2;91;87;80m▏[48;2;92;88;81m [38;2;92;88;81;48;2;91;86;80m▇[48;2;87;82;77m▇[48;2;87;82;76m▇▇▇▇▇▇▇[48;2;87;83;76m▇[38;2;106;122;85;48;2;95;97;82m▝[38;2;101;111;84;48;2;113;139;87m▄[38;2;111;135;87;48;2;113;141;87m▁[38;2;79;96;62;48;2;106;133;81m▝[38;2;93;112;72;48;2;65;66;55m▅[38;2;60;59;52;48;2;80;80;69m▗[48;2;87;82;76m▄[48;2;87;83;77m▄▄▄▄▄▄[38;2;54;52;46;48;2;84;80;74m▃[38;2;33;31;28;48;2;66;62;57m▗[0m[7m[38;2;41;39;35m▄[0m  [38;2;0;0;0m      [0m
 [38;2;0;0;0m    [0m [7m[38;2;29;27;24m▌[0m[38;2;39;37;34;48;2;60;56;52m▖[38;2;69;65;60;48;2;86;82;75m▁[38;2;78;74;68;48;2;91;87;80m▂[38;2;83;79;73;48;2;91;87;81m▂[48;2;92;88;81m          [38;2;96;99;83m▝[38;2;94;93;82;48;2;105;120;85m▅[38;2;100;109;84;48;2;110;132;86m▖[38;2;107;126;86;48;2;111;139;85m▂[38;2;108;132;84;48;2;83;101;64m▆[38;2;107;131;83;48;2;79;95;61m▆[38;2;125;144;93;48;2;84;103;65m▅[38;2;157;166;110;48;2;95;117;73m▃[38;2;119;140;90;48;2;84;103;65m▅[38;2;107;131;83;48;2;79;95;61m▆[38;2;106;130;82m▆[38;2;96;119;74;48;2;81;100;62m▊[0m[7m[38;2;51;62;40m▗[0m  [38;2;0;0;0m        [0m
 [38;2;0;0;0m     [0m  [7m[38;2;46;43;39m▄[0m[38;2;30;28;26;48;2;48;46;41m▖[38;2;61;57;53;48;2;77;73;67m▌[38;2;86;82;76;48;2;92;88;81m▎           [38;2;92;89;81;48;2;97;102;83m▇[38;2;92;88;81;48;2;99;105;84m▆▆▆[38;2;178;168;123;48;2;126;119;97m▝[38;2;138;128;103;48;2;199;185;134m▃[38;2;157;149;112;48;2;109;104;89m▘[38;2;92;88;81;48;2;99;105;84m▆[38;2;84;80;74;48;2;93;101;78m▆[38;2;51;48;44;48;2;71;82;57m▆[0m[38;2;28;29;23m▌          [0m
 [38;2;0;0;0m       [0m [7m[38;2;38;36;33m▌[0m[38;2;58;55;50;48;2;76;72;66m▌[38;2;86;82;76;48;2;92;88;81m▎                  [38;2;87;82;77m▁[38;2;70;66;62;48;2;83;79;73m▁[38;2;53;50;46;48;2;35;33;30m▊[0m[38;2;23;22;20m▌          [0m
 [38;2;0;0;0m       [0m [7m[38;2;38;36;33m▌[0m[38;2;118;109;99;48;2;72;67;62m▗[38;2;149;138;126;48;2;97;92;85m▃[38;2;120;112;103;48;2;94;89;83m▖[48;2;92;88;81m [38;2;90;85;79;48;2;92;87;81m▁[38;2;90;86;79;48;2;98;93;85m▉[38;2;136;126;115;48;2;97;92;85m▃[38;2;157;145;130;48;2;99;94;87m▃[38;2;152;138;123;48;2;99;93;86m▃[38;2;155;141;126;48;2;99;94;86m▃[38;2;130;120;108;48;2;96;91;84m▃[38;2;88;83;76;48;2;92;87;81m▃[38;2;92;87;81;48;2;98;93;85m▉[38;2;132;122;111;48;2;96;91;84m▃[38;2;141;129;116;48;2;97;92;85m▃[38;2;102;95;86;48;2;90;86;79m▖[38;2;89;84;78;48;2;92;87;81m▖[38;2;127;117;107;48;2;97;92;85m▗[38;2;154;141;127;48;2;99;94;86m▃[38;2;154;140;126;48;2;99;93;86m▃[38;2;124;114;102;48;2;84;78;71m▖[38;2;53;50;45;48;2;34;32;29m▌[0m  [38;2;1;1;1m          [0m
 [38;2;0;0;0m       [0m [7m[38;2;37;35;32m▌[0m[38;2;91;86;79;48;2;150;141;131m▍[38;2;200;190;179;48;2;182;169;155m▅[38;2;195;185;175;48;2;138;129;120m▅[38;2;170;162;153;48;2;115;110;103m▖[38;2;59;55;51;48;2;83;79;73m▄[38;2;64;60;55;48;2;104;97;90m▊[38;2;144;136;126;48;2;184;173;160m▌[38;2;207;196;184;48;2;192;177;160m▅[38;2;207;196;185;48;2;188;174;158m▖[38;2;102;95;87;48;2;168;155;140m▗[38;2;57;53;48;48;2;129;118;105m▃[38;2;122;116;109;48;2;80;75;68m▗[38;2;176;167;158;48;2;113;106;99m▅[38;2;200;190;179;48;2;163;150;137m▅[38;2;192;180;166;48;2;159;148;137m▌[38;2;118;110;101;48;2;67;63;56m▍[38;2;48;45;41;48;2;78;73;67m▃[38;2;105;99;92;48;2;154;144;134m▍[38;2;202;191;179;48;2;187;172;155m▅[38;2;205;193;181;48;2;188;172;156m▅[38;2;163;152;140;48;2;115;107;99m▋[38;2;52;48;44;48;2;27;25;23m▌[0m [38;2;13;12;11m           [0m
 [38;2;0;0;0m       [0m  [7m[38;2;81;77;72m▅[0m[38;2;29;27;25;48;2;135;128;121m▄[38;2;31;29;27;48;2;140;133;126m▄[48;2;106;101;94m▄[0m[7m[38;2;41;38;35m▃[38;2;34;32;30m▅[38;2;98;94;88m▄[0m[38;2;31;29;27;48;2;141;134;126m▄[48;2;134;128;121m▄[38;2;27;25;23;48;2;74;70;66m▃[0m[7m[38;2;33;31;28m▄[38;2;60;57;53m▆[0m[38;2;25;24;21;48;2;121;115;109m▄[38;2;31;29;27;48;2;141;134;126m▄[48;2;123;117;110m▄[38;2;25;23;21;48;2;55;52;48m▃[0m[7m[38;2;29;27;25m▅[38;2;82;78;74m▅[0m[38;2;29;27;25;48;2;135;129;121m▄[38;2;31;28;26;48;2;139;132;125m▄[0m[7m[38;2;97;92;87m▅[0m  [38;2;1;1;1m           [0m
 [38;2;0;0;0m         [0m                     [38;2;0;0;0m             [0m
[?25h