[?25l[0m [38;2;0;0;0m                               [0m
 [38;2;0;0;0m                               [0m
 [38;2;0;0;0m                               [0m
 [38;2;0;0;0m              [0m     [38;2;4;4;3m  [0m     [38;2;8;7;6m     [0m
 [38;2;0;0;0m   [0m   [38;2;0;0;0m       [0m [38;2;104;86;81m▗[38;2;170;138;132;48;2;65;56;52m▅[38;2;169;132;127;48;2;53;46;43m▆[38;2;177;143;135;48;2;69;59;54m▅[0m[38;2;74;63;58m▅[0m  [38;2;69;59;55m▗[38;2;165;135;126;48;2;59;51;47m▅[38;2;171;133;128;48;2;53;46;42m▆[38;2;185;151;141;48;2;75;63;59m▅[0m[38;2;102;86;79m▅[38;2;24;22;20m▖    [0m
 [38;2;0;0;0m  [38;2;24;23;21m▗[38;2;99;90;79m▄[38;2;134;121;106;48;2;42;38;33m▅[0m[38;2;53;49;44m▖[0m [38;2;5;4;4m      [0m [38;2;100;79;75;48;2;42;38;35m▝[38;2;74;65;61;48;2;160;122;118m▄[38;2;95;82;77;48;2;141;109;105m▇[38;2;81;72;67;48;2;170;131;124m▄[38;2;52;48;44;48;2;98;86;80m▝[0m[38;2;61;57;53m▄[38;2;55;52;48m▄[38;2;36;34;31;48;2;80;73;68m▘[38;2;81;72;68;48;2;161;124;119m▄[38;2;142;110;106;48;2;90;81;75m▘[38;2;81;74;68;48;2;161;134;125m▄[38;2;143;119;111;48;2;60;54;49m▘[0m[38;2;25;24;21m▌    [0m
 [38;2;0;0;0m  [7m[38;2;26;25;22m▌[0m[38;2;60;57;52;48;2;145;140;132m▍[38;2;183;176;167;48;2;135;130;123m▋[0m[38;2;60;57;52m▌[0m [38;2;8;8;7m     [0m [38;2;45;42;39m▄[38;2;44;41;38;48;2;79;74;69m▘[38;2;82;78;72;48;2;91;87;80m▘[38;2;92;88;81;48;2;90;85;79m▇[48;2;85;80;75m▇[48;2;92;89;81m┊[38;2;111;124;92;48;2;90;86;80m▂[38;2;100;103;86;48;2;91;87;80m▁[38;2;92;88;81;48;2;90;85;79m▇[48;2;85;81;75m▇[48;2;92;88;81m [38;2;110;121;91;48;2;90;86;79m▂[38;2;86;89;72;48;2;60;57;52m▖[0m[38;2;35;33;30m▎[0m [38;2;6;6;5m   [0m
 [38;2;0;0;0m  [7m[38;2;26;25;22m▌[0m[38;2;60;56;51;48;2;147;137;126m▍[38;2;185;173;159;48;2;137;128;117m▋[0m[38;2;60;56;51m▌[0m [38;2;8;8;7m     [0m [38;2;33;31;28;48;2;58;55;50m▍[38;2;78;73;68;48;2;89;84;78m▎[38;2;79;74;69;48;2;91;87;80m▁[38;2;80;76;70m▁[38;2;90;86;80;48;2;92;88;81m▁[38;2;93;90;82;48;2;112;124;93m▊[38;2;130;154;104;48;2;150;180;119m▍[38;2;176;176;154;48;2;113;120;95m▅[38;2;181;172;162;48;2;101;96;89m▅[38;2;183;167;158m▅[38;2;181;171;159;48;2;103;100;90m▅[38;2;163;182;135;48;2;140;168;111m▄[38;2;128;150;102;48;2;96;97;83m▌[38;2;76;72;66;48;2;60;56;52m╴[0m[38;2;25;23;21m▌   [0m
 [38;2;0;0;0m  [7m[38;2;26;25;22m▌[0m[38;2;139;123;105;48;2;70;64;57m▝[38;2;168;149;127;48;2;112;102;91m▘[38;2;29;27;25;48;2;72;68;62m▝[0m[38;2;41;39;36m▃[0m      [7m[38;2;38;36;32m▄[0m[38;2;71;83;56;48;2;52;49;44m▁[38;2;81;77;71;48;2;60;56;52m▄[38;2;85;80;74;48;2;64;61;56m▄[38;2;84;79;74;48;2;90;85;79m▎[38;2;93;89;82;48;2;112;108;99m▊[38;2;107;102;95;48;2;166;160;147m▃[38;2;166;157;148;48;2;194;185;173m▖[38;2;173;165;155;48;2;199;186;176m▁[38;2;211;132;132;48;2;197;168;160m▝[38;2;206;161;155;48;2;193;180;169m▘[38;2;120;113;106;48;2;177;171;158m▗[38;2;150;145;132;48;2;98;93;87m▘[38;2;76;72;66;48;2;60;56;52m╴[0m[38;2;25;23;21m▌   [0m
 [38;2;0;0;0m  [7m[38;2;25;23;21m▌[0m[38;2;45;43;39;48;2;71;67;62m▍[38;2;92;88;81;48;2;90;86;80m┊[48;2;88;84;78m▇[38;2;69;65;60;48;2;89;84;78m▝[38;2;77;73;68;48;2;34;32;29m▆[38;2;76;72;67;48;2;32;30;27m▆▆▆▆▆[38;2;83;86;70;48;2;43;47;35m▆[38;2;109;135;84;48;2;90;110;69m▆[38;2;104;130;80;48;2;71;78;57m▄[38;2;74;88;58;48;2;58;57;50m▖[38;2;80;77;70;48;2;63;59;55m▄[38;2;83;79;73;48;2;89;85;79m▎[38;2;92;88;81;48;2;91;87;81m┈[38;2;90;86;79;48;2;128;121;114m▆[48;2;136;129;121m▆▆[38;2;89;85;79;48;2;135;128;120m▆[38;2;58;55;51;48;2;92;87;82m▃[0m[7m[38;2;63;59;55m▄[0m[38;2;31;29;27m▘[0m [38;2;0;0;0m   [0m
 [38;2;0;0;0m  [0m [7m[38;2;34;32;30m▊[0m[38;2;49;46;42;48;2;72;68;63m▍[38;2;83;79;73;48;2;91;87;80m▁[38;2;87;82;76;48;2;92;88;81m▁      [38;2;92;88;81;48;2;92;89;81m┈[38;2;93;92;81;48;2;103;115;84m▆[38;2;97;100;83;48;2;110;134;86m▃[38;2;112;138;86;48;2;98;121;76m▆[38;2;107;132;82;48;2;72;79;59m▄[38;2;106;131;81;48;2;63;65;53m▄[38;2;114;136;85m▄[38;2;108;132;82m▄[38;2;105;130;81m▄[38;2;100;125;77;48;2;63;64;53m▄[0m[7m[38;2;54;57;45m▗[0m[38;2;30;29;26m▘[0m [38;2;0;0;0m     [0m
 [38;2;0;0;0m   [0m [38;2;34;32;29m▝[7m[38;2;55;51;47m▄[0m[38;2;53;51;46;48;2;75;70;65m▌[38;2;86;81;75;48;2;92;87;81m▏[48;2;92;88;81m       [38;2;92;88;81;48;2;92;89;81m┈[48;2;101;112;84m▆[48;2;103;116;85m▆[38;2;123;123;95;48;2;97;95;83m▝[38;2;113;106;90;48;2;185;175;127m▃[38;2;155;150;110;48;2;103;100;86m▘[38;2;91;86;80;48;2;102;115;84m▆[38;2;58;56;50;48;2;84;100;67m▆[0m [38;2;26;27;21m       [0m
 [38;2;0;0;0m     [7m[38;2;23;21;19m▌[0m[38;2;42;40;36;48;2;71;67;61m▍[38;2;107;101;93;48;2;91;86;80m▁[48;2;92;88;81m  [38;2;95;90;83m▁[38;2;112;105;96m▁[38;2;111;103;94m▁[38;2;110;102;94m▁  [38;2;108;101;93m▁[38;2;95;89;83m▁ [38;2;109;102;93m▁[38;2;110;102;93;48;2;91;87;81m▁[38;2;63;59;54;48;2;81;77;71m▁[0m[7m[38;2;53;50;46m▃[0m [38;2;21;19;17m       [0m
 [38;2;0;0;0m     [7m[38;2;23;21;19m▌[0m[38;2;48;44;41;48;2;130;121;112m▍[38;2;196;185;172;48;2;147;136;124m▅[38;2;172;164;154;48;2;102;97;89m▄[38;2;111;106;99;48;2;90;85;79m▏[38;2;87;81;74;48;2;140;131;121m▋[38;2;199;187;174;48;2;158;146;132m▅[38;2;199;185;170;48;2;157;142;126m▅[38;2;173;157;139;48;2;148;133;118m▋[38;2;121;110;97;48;2;97;91;83m▎[38;2;179;170;161;48;2;107;100;92m▄[38;2;192;180;168;48;2;147;135;122m▅[38;2;133;123;113;48;2;94;89;82m▍[38;2;173;164;155;48;2;103;97;89m▄[38;2;199;187;174;48;2;150;137;124m▅[38;2;199;186;173;48;2;155;142;127m▅[38;2;130;120;110;48;2;50;47;43m▌[0m[38;2;23;21;19m▍        [0m
 [38;2;0;0;0m     [0m [38;2;153;146;138;48;2;52;49;46m▝[38;2;74;70;65;48;2;194;185;175m▂[38;2;71;67;63;48;2;177;168;159m▂[38;2;33;31;28;48;2;71;67;62m▗[38;2;138;131;124;48;2;47;45;41m▝[38;2;71;67;63;48;2;190;181;171m▂[38;2;73;69;64;48;2;186;176;166m▂[38;2;57;54;50;48;2;125;113;99m▅[38;2;44;41;38;48;2;98;91;83m▅[38;2;67;64;60;48;2;184;176;166m▂[38;2;74;70;66;48;2;189;180;170m▂[38;2;130;124;117;48;2;64;60;56m▘[0m[7m[38;2;122;116;109m▄[0m[38;2;85;81;76;48;2;192;183;173m▃[38;2;73;69;64m▂[38;2;146;139;131;48;2;46;43;40m▘[0m [38;2;20;18;17m        [0m
 [38;2;0;0;0m      [0m [7m[38;2;25;24;22m▆[38;2;27;25;23m▆[0m  [7m[38;2;24;23;21m▆[38;2;27;25;23m▆[38;2;23;21;19m▆[0m [7m[38;2;23;21;19m▆[38;2;27;25;23m▆[38;2;24;22;20m▆[0m  [7m[38;2;25;23;21m▆[0m [38;2;1;1;1m         [0m
[?25h