[?25l[0m [38;2;0;0;0m                   [0m
 [38;2;0;0;0m                   [0m
 [38;2;0;0;0m                   [0m
 [38;2;0;0;0m      [38;2;158;158;158m╺[38;2;131;131;131m▅           [0m
 [38;2;0;0;0m      [38;2;166;166;166m▝[38;2;184;184;184m╸[0m [38;2;75;64;60m▂[38;2;73;62;57m▂[0m  [38;2;72;60;56m▁[38;2;83;69;64m▂[38;2;60;51;47m▁[0m [38;2;0;0;0m  [0m
 [38;2;0;0;0m        [7m[38;2;66;57;53m▌[0m[38;2;83;74;69;48;2;164;129;124m▃[38;2;88;78;73;48;2;168;133;126m▃[0m[7m[38;2;66;59;55m▝[0m[38;2;57;54;50m▃[38;2;182;146;138;48;2;92;78;73m▝[38;2;97;86;80;48;2;174;138;131m▄[38;2;172;142;133;48;2;69;61;56m▘[0m [38;2;17;15;14m  [0m
 [38;2;0;0;0m       [0m [38;2;38;35;33;48;2;75;71;66m▘[38;2;92;88;81;48;2;91;87;80m┈[48;2;89;84;79m▇[48;2;90;85;79m▇[48;2;88;83;77m▇[48;2;90;85;79m▇[48;2;90;85;80m▇[38;2;46;43;39;48;2;84;80;74m▝[0m[38;2;48;45;41m▖  [0m
 [38;2;0;0;0m   [38;2;33;31;29m▁[38;2;52;50;46m▄[38;2;53;51;47m▄▄[38;2;55;52;48m▄[38;2;83;94;67;48;2;58;54;50m▂[38;2;64;60;56;48;2;78;74;68m━[38;2;110;105;98;48;2;88;84;78m╶[38;2;172;163;153;48;2;85;79;73m▄[38;2;189;173;163;48;2;112;107;99m▆[38;2;198;169;161;48;2;117;111;104m▆[38;2;155;147;138;48;2;96;90;82m▄[38;2;88;83;77;48;2;83;78;72m┊[0m[38;2;46;44;40m▋  [0m
 [38;2;27;25;23m▂[38;2;105;102;97m▃[38;2;74;70;65m▆[38;2;79;74;69;48;2;49;46;43m▇[38;2;90;85;79;48;2;92;88;81m▏   [38;2;111;138;86;48;2;96;99;82m▝[38;2;105;127;82;48;2;69;80;55m▆[38;2;104;129;79;48;2;73;74;61m▂[38;2;83;89;69;48;2;130;124;116m▆[38;2;85;91;70;48;2;174;165;156m▆[38;2;84;90;70;48;2;173;164;154m▆[0m[7m[38;2;85;80;74m▃[38;2;42;40;36m▅[0m [38;2;0;0;0m  [0m
 [7m[38;2;138;134;127m▃[38;2;156;151;145m▃[0m[38;2;77;73;69m▘[7m[38;2;47;44;40m▅[38;2;76;72;67m▁[0m[38;2;58;54;50;48;2;91;87;80m▂▂▂▂[48;2;93;91;80m▂[48;2;96;99;81m▂[38;2;178;172;122;48;2;89;88;74m▝[38;2;58;55;51;48;2;119;119;92m▃[0m[7m[38;2;78;86;64m▄[0m [38;2;19;22;15m    [0m
[?25h