[?25l[0m [38;2;0;0;0m     [0m    [38;2;17;17;17m                                  [0m
 [38;2;0;0;0m    [0m [38;2;147;147;147m╺[38;2;197;197;197;48;2;137;137;137m┯[0m[38;2;192;192;192m▆[0m [38;2;95;95;95m                                  [0m
 [38;2;0;0;0m    [0m [38;2;127;127;127m▗[7m[38;2;130;130;130m▘[38;2;163;163;163m▄[0m [38;2;98;98;98m                                  [0m
 [38;2;0;0;0m    [0m [7m[38;2;142;142;142m▌[0m[38;2;133;133;133;48;2;198;198;198m▂[0m[38;2;155;155;155m▆[0m       [38;2;15;15;15m                            [0m
 [38;2;0;0;0m     [0m     [7m[38;2;166;166;166m▃[38;2;175;175;175m▃[0m[38;2;125;125;125;48;2;185;185;185m▖[38;2;196;196;196;48;2;131;131;131m▌[0m [38;2;65;65;65m                            [0m
 [38;2;0;0;0m         [0m  [38;2;137;137;137m▅[7m[38;2;126;126;126m▚[38;2;128;128;128m▅[0m [38;2;31;31;31m                            [0m
 [38;2;0;0;0m         [0m [38;2;188;188;188;48;2;119;119;119m▆[0m[7m[38;2;121;121;121m┗[0m[38;2;126;126;126m▃[0m  [38;2;23;23;23m                            [0m
 [38;2;0;0;0m         [0m [7m[38;2;167;167;167m▄[38;2;174;174;174m▄[38;2;173;173;173m▄[38;2;136;136;136m▄[0m [38;2;143;143;143m▗[38;2;184;184;184m▄[38;2;170;170;170m▄[0m [38;2;84;84;84m                        [0m
 [38;2;0;0;0m              [0m  [7m[38;2;123;123;123m╸[0m[38;2;117;117;117;48;2;188;188;188m▃[0m [38;2;83;83;83m                        [0m
 [38;2;0;0;0m              [0m [7m[38;2;169;169;169m▌[0m[38;2;123;123;123;48;2;197;197;197m▝[0m[38;2;167;167;167m▃[0m [38;2;72;72;72m                        [0m
 [38;2;0;0;0m              [0m  [7m[38;2;146;146;146m▅[38;2;131;131;131m▅[0m   [38;2;87;74;69m▃[38;2;105;86;81;48;2;23;22;20m▃[38;2;106;85;81m▃[0m[38;2;98;82;76m▃[38;2;53;44;41m▂[0m  [38;2;0;0;0m [0m  [38;2;95;80;74m▃[38;2;107;86;81;48;2;23;22;20m▃▃[0m[38;2;98;82;76m▃[0m   [38;2;0;0;0m     [0m
 [38;2;0;0;0m                  [0m [7m[38;2;25;24;21m▌[0m[38;2;48;43;39;48;2;112;92;87m▌[38;2;147;122;115;48;2;178;143;136m▘[38;2;158;122;118;48;2;182;144;139m▂[38;2;147;114;109;48;2;182;142;137m▂[38;2;192;153;144;48;2;160;132;123m▆[38;2;134;109;102;48;2;72;61;56m▋[0m[38;2;33;31;28m▌[0m  [7m[38;2;28;26;24m▌[0m[38;2;49;44;40;48;2;120;98;92m▍[38;2;189;152;143;48;2;159;132;123m▆[38;2;156;121;116;48;2;185;145;138m▂[38;2;154;120;115;48;2;183;145;138m▖[38;2;192;159;148;48;2;162;134;125m▆[38;2;128;106;99;48;2;59;52;48m▋[0m[38;2;30;28;25m▌[0m [38;2;6;5;5m     [0m
 [38;2;0;0;0m                  [0m [7m[38;2;28;26;24m▌[0m[38;2;107;83;79;48;2;51;46;42m▝[38;2;74;63;59;48;2;155;117;114m▄[38;2;142;109;105;48;2;92;79;75m▘[38;2;133;104;98;48;2;87;78;73m▝[38;2;83;71;67;48;2;169;129;123m▄[38;2;139;108;103;48;2;89;79;73m▘[38;2;34;32;29;48;2;67;63;58m▝[0m[38;2;49;46;42m▄[38;2;47;44;40m▄[38;2;28;27;24;48;2;62;58;54m▘[38;2;123;97;93;48;2;82;75;70m▝[38;2;82;71;67;48;2;163;124;121m▄[38;2;141;109;105;48;2;91;79;75m▘[38;2;137;116;107;48;2;89;80;75m▝[38;2;78;69;64;48;2;165;137;127m▄[38;2;126;105;97;48;2;61;54;50m▘[0m[38;2;33;31;28m▌[0m [38;2;6;6;5m     [0m
 [38;2;0;0;0m                 [0m  [38;2;45;42;39m▃[38;2;75;71;66;48;2;54;50;46m▃[38;2;88;83;77;48;2;73;69;64m▅[38;2;91;87;80;48;2;85;80;75m▆[48;2;87;82;77m▇[38;2;91;86;80;48;2;77;73;68m▆[38;2;91;87;80;48;2;86;81;76m▇[48;2;85;80;74m▇[38;2;91;86;80;48;2;75;71;65m▆[38;2;90;86;80;48;2;74;70;65m▆[38;2;91;87;80;48;2;84;79;74m▆[48;2;88;83;77m▇[38;2;91;86;80;48;2;78;73;68m▆[38;2;91;87;80;48;2;85;80;74m▇[48;2;86;81;75m▇[38;2;87;83;77;48;2;73;69;64m▆[38;2;67;63;58;48;2;50;47;43m▌[0m[38;2;33;31;28m▌[0m [38;2;6;6;5m     [0m
 [38;2;0;0;0m                 [0m [38;2;24;23;21;48;2;41;38;35m▌[38;2;61;57;53;48;2;77;73;68m▌[38;2;90;86;79;48;2;91;86;80m╴[38;2;92;88;81;48;2;91;87;81m▇[48;2;92;88;81m            [38;2;86;81;76;48;2;92;87;81m▝[38;2;59;55;51;48;2;82;78;72m▝[0m[7m[38;2;57;54;50m▝[0m[38;2;31;29;26m▄[0m [38;2;11;10;9m    [0m
 [38;2;0;0;0m                 [0m [38;2;25;23;21;48;2;41;39;35m▌[38;2;60;56;52;48;2;75;71;66m▌[38;2;77;73;67;48;2;90;86;79m▂[38;2;78;74;68;48;2;91;87;80m▂▂[38;2;82;77;72m▂[38;2;90;85;79;48;2;92;87;81m▁[38;2;84;78;72;48;2;91;87;81m▂[38;2;79;74;68;48;2;91;87;80m▂[38;2;99;93;87;48;2;90;85;79m▗[38;2;136;129;121;48;2;95;91;84m▂[38;2;148;140;132;48;2;96;92;85m▂▂[38;2;145;138;129;48;2;96;91;84m▂[38;2;110;104;97;48;2;93;89;82m▂[38;2;79;74;68;48;2;91;87;80m▂[38;2;81;75;69m▂[38;2;88;83;77m▁[38;2;81;77;71;48;2;65;62;57m▋[38;2;48;45;41;48;2;30;28;26m▌[0m [38;2;16;15;13m    [0m
 [38;2;0;0;0m         [0m [38;2;32;29;27m▃[38;2;33;31;28m▃▃▃▃▃▃[38;2;35;32;29m▃[38;2;26;25;22;48;2;41;38;35m▘[38;2;47;44;40;48;2;55;52;48m▇[38;2;52;49;44;48;2;65;61;57m▇[38;2;78;73;68;48;2;58;55;50m▃[38;2;83;78;73;48;2;59;56;51m▃[38;2;62;58;53;48;2;80;76;70m▘[38;2;107;101;95;48;2;89;84;78m▗[38;2;146;138;129;48;2;82;75;69m▄[38;2;165;156;146;48;2;75;68;61m▄[38;2;170;161;151;48;2;99;92;84m▄[38;2;159;151;141;48;2;190;180;169m▘[38;2;207;154;149;48;2;194;177;167m▗[38;2;210;135;135;48;2;195;172;163m▂[38;2;198;182;172;48;2;177;168;158m▆[38;2;111;103;96;48;2;170;161;151m▝[38;2;143;135;127;48;2;71;65;58m▄[38;2;94;88;82;48;2;70;63;57m▃[38;2;81;76;70;48;2;89;84;78m▘[38;2;81;77;71;48;2;65;62;57m▋[38;2;48;45;41;48;2;30;28;26m▌[0m [38;2;16;15;13m    [0m
 [38;2;0;0;0m     [0m   [38;2;35;33;30m▄[38;2;64;60;56;48;2;30;29;26m▅[38;2;86;82;76;48;2;59;56;51m▅[38;2;88;84;77;48;2;62;58;54m▅▅▅▅▅▅▅▅[38;2;98;111;80;48;2;66;71;55m▅[38;2;103;127;79;48;2;74;83;60m▅[38;2;65;63;56;48;2;78;84;64m╺[38;2;58;58;49;48;2;83;78;73m▅[38;2;52;49;44;48;2;79;75;69m▄[38;2;64;60;55;48;2;93;88;82m▅[38;2;90;85;79;48;2;147;140;131m▄[38;2;126;120;112;48;2;174;165;155m▖[38;2;177;169;159;48;2;197;187;176m▂[38;2;173;165;155;48;2;198;187;176m▁[38;2;207;154;150;48;2;194;177;167m▝[38;2;195;172;163;48;2;210;136;135m▆[38;2;177;168;159;48;2;198;183;172m▂[38;2;125;119;111;48;2;174;165;155m▗[38;2;97;92;86;48;2;149;142;133m▄[38;2;107;102;95;48;2;87;82;76m▘[38;2;44;42;39;48;2;73;69;64m▁[38;2;25;23;21;48;2;58;55;50m▄[0m[7m[38;2;29;27;24m▅[0m [38;2;7;6;6m    [0m
 [38;2;0;0;0m   [0m [38;2;26;24;22m▂[38;2;50;47;43m▄[38;2;67;63;58;48;2;31;28;26m▅[38;2;65;61;56;48;2;31;29;26m▆[38;2;83;79;73;48;2;61;58;53m▆[38;2;91;86;80;48;2;81;77;72m▇[48;2;92;88;81m        [38;2;92;88;81;48;2;93;90;82m▉[38;2;108;127;86;48;2;99;105;83m▝[38;2;106;122;85;48;2;113;141;87m▃[38;2;113;141;87;48;2;98;122;75m▆[38;2;68;79;53;48;2;97;120;74m▝[38;2;85;99;67;48;2;59;57;51m▄[38;2;70;71;59;48;2;81;77;71m▂[38;2;66;62;57;48;2;87;82;76m▂[38;2;77;73;67;48;2;112;106;99m▅[48;2;135;128;120m▅[48;2;137;130;122m▅▅▅[48;2;135;128;120m▅[48;2;111;106;99m▅[38;2;49;46;43;48;2;77;73;68m▗[0m[7m[38;2;53;50;46m▃[0m   [38;2;0;0;0m     [0m
  [38;2;53;51;48m▂[38;2;70;67;63m▂[38;2;86;83;78m▄[38;2;164;160;154;48;2;69;66;63m▅[38;2;143;138;132;48;2;89;85;80m▅[38;2;77;72;67;48;2;90;85;80m▗[38;2;53;50;46;48;2;82;78;72m▃[38;2;49;46;42;48;2;81;77;71m▃[38;2;64;60;56;48;2;84;80;74m▖[38;2;88;84;78;48;2;92;87;81m▏[48;2;92;88;81m        [38;2;92;88;81;48;2;93;90;82m▇[38;2;100;107;83;48;2;93;90;81m▝[38;2;96;98;82;48;2;109;130;86m▄[38;2;104;118;85;48;2;113;139;87m▖[38;2;98;121;75;48;2;113;141;86m▝[38;2;105;131;81;48;2;68;78;55m▅[38;2;104;129;80;48;2;61;67;50m▅[38;2;107;131;81m▅[38;2;109;133;82m▅[38;2;106;130;80m▅[38;2;104;129;80m▅[38;2;104;129;79m▅[38;2;99;123;75;48;2;60;65;49m▅[0m[7m[38;2;54;61;43m▗[38;2;28;26;24m▅[0m  [38;2;0;0;0m       [0m
 [38;2;29;27;25;48;2;78;76;73m▋[38;2;119;116;112;48;2;159;155;149m▌[38;2;192;186;177;48;2;155;149;142m━[38;2;134;128;120;48;2;166;160;150m▁[38;2;150;146;140;48;2;194;189;181m▂[38;2;88;86;82;48;2;145;141;135m▗[0m[7m[38;2;52;50;46m▃[38;2;29;27;25m▅[38;2;35;32;29m▃[0m[38;2;42;40;37;48;2;64;61;56m▂[38;2;74;70;65;48;2;89;84;78m▂[38;2;88;83;77;48;2;91;87;80m▁[48;2;92;88;81m          [38;2;93;91;81;48;2;101;110;84m▆[38;2;93;90;81;48;2;105;120;85m▅▅▅[38;2;128;126;97;48;2;165;158;116m▌[38;2;210;195;141;48;2;178;171;122m━[38;2;148;143;106;48;2;107;108;87m▌[38;2;89;85;78;48;2;105;120;85m▅[38;2;71;67;62;48;2;98;111;80m▄[38;2;33;31;28;48;2;74;85;59m▃[0m[38;2;44;53;34m▘          [0m
  [7m[38;2;48;46;43m▄[38;2;64;61;57m▄[38;2;62;59;54m▄[38;2;63;60;56m▄[38;2;47;46;44m▆[0m   [38;2;26;25;23m▝[7m[38;2;50;47;44m▄[0m[38;2;35;33;30;48;2;69;66;61m▁[38;2;57;53;49;48;2;86;82;76m▃▃▃▃▃▃▃▃▃▃▃▃▃▃[38;2;61;58;53;48;2;97;91;82m▄[38;2;69;65;60;48;2;122;114;95m▆[38;2;56;53;48;48;2;89;84;77m▃[38;2;28;26;24;48;2;61;58;53m▗[0m[7m[38;2;37;35;32m▄[0m  [38;2;0;0;0m          [0m
[?25h