[?25l[0m [38;2;0;0;0m                                           [0m
 [38;2;0;0;0m                                           [0m
 [38;2;0;0;0m                                           [0m
 [38;2;0;0;0m         [0m      [38;2;15;15;15m                            [0m
 [38;2;0;0;0m         [0m [7m[38;2;166;166;166m▃[38;2;175;175;175m▃[0m[38;2;125;125;125;48;2;185;185;185m▖[38;2;196;196;196;48;2;131;131;131m▌[0m [38;2;65;65;65m                            [0m
 [38;2;0;0;0m         [0m  [38;2;137;137;137m▅[7m[38;2;126;126;126m▚[38;2;128;128;128m▅[0m [38;2;31;31;31m                            [0m
 [38;2;0;0;0m         [0m [38;2;188;188;188;48;2;119;119;119m▆[0m[7m[38;2;121;121;121m┗[0m[38;2;126;126;126m▃[0m  [38;2;23;23;23m                            [0m
 [38;2;0;0;0m         [0m [7m[38;2;167;167;167m▄[38;2;174;174;174m▄[38;2;173;173;173m▄[38;2;136;136;136m▄[0m [38;2;143;143;143m▗[38;2;184;184;184m▄[38;2;170;170;170m▄[0m [38;2;84;84;84m                        [0m
 [38;2;0;0;0m              [0m  [7m[38;2;123;123;123m╸[0m[38;2;117;117;117;48;2;188;188;188m▃[0m [38;2;83;83;83m                        [0m
 [38;2;0;0;0m              [0m [7m[38;2;169;169;169m▌[0m[38;2;123;123;123;48;2;197;197;197m▝[0m[38;2;167;167;167m▃[0m [38;2;72;72;72m                        [0m
 [38;2;0;0;0m              [0m  [7m[38;2;146;146;146m▅[38;2;131;131;131m▅[0m [38;2;55;55;55m [0m      [38;2;6;5;5m    [0m      [38;2;4;4;4m       [0m
 [38;2;0;0;0m                   [0m [38;2;67;58;54m▂[38;2;133;111;105;48;2;39;35;32m▄[38;2;155;124;119;48;2;47;42;38m▄[38;2;157;123;119;48;2;48;42;38m▄[38;2;146;120;112;48;2;44;39;36m▄[0m[38;2;84;71;66m▃[0m    [38;2;79;67;62m▂[38;2;144;120;111;48;2;41;37;34m▄[38;2;158;125;119;48;2;48;42;38m▄[38;2;158;124;118m▄[38;2;147;122;114;48;2;43;38;35m▄[0m[38;2;78;66;61m▃[0m  [38;2;0;0;0m     [0m
 [38;2;0;0;0m                  [0m [7m[38;2;28;26;24m▌[0m[38;2;53;46;43;48;2;119;95;91m▌[38;2;159;125;120;48;2;186;146;140m▍[38;2;123;96;92;48;2;178;139;134m▗[38;2;103;82;78;48;2;173;135;129m▖[38;2;173;132;125;48;2;192;152;143m▁[38;2;144;114;108;48;2;80;67;62m▋[0m[38;2;38;36;33m▌[0m  [7m[38;2;33;31;28m▌[0m[38;2;56;50;46;48;2;128;102;97m▍[38;2;173;136;130;48;2;194;153;146m▍[38;2;116;91;87;48;2;179;139;133m▗[38;2;109;90;85;48;2;177;141;134m▖[38;2;194;160;149;48;2;174;145;134m▊[38;2;135;112;104;48;2;64;56;52m▋[0m[38;2;33;31;28m▌[0m [38;2;6;6;5m     [0m
 [38;2;0;0;0m                  [0m [7m[38;2;28;26;24m▌[0m[38;2;77;63;59;48;2;48;44;41m▝[38;2;70;63;58;48;2;132;101;97m▆[38;2;84;78;73;48;2;112;90;86m▆[38;2;89;82;76;48;2;105;87;82m▇[38;2;73;68;63;48;2;133;103;98m▅[38;2;87;80;75;48;2;107;88;83m▆[38;2;80;75;70;48;2;55;52;48m▆[38;2;65;61;56;48;2;30;28;25m▅[38;2;64;60;55;48;2;28;26;24m▅[38;2;79;75;69;48;2;53;50;46m▅[38;2;84;78;73;48;2;95;85;80m▚[38;2;78;70;66;48;2;140;108;104m▆[38;2;86;79;74;48;2;109;89;85m▆[38;2;86;81;75;48;2;106;93;86m▆[38;2;68;63;58;48;2;129;108;100m▅[38;2;88;75;69;48;2;54;50;45m▘[0m[38;2;33;31;28m▌[0m [38;2;6;6;5m     [0m
 [38;2;0;0;0m                 [0m [38;2;29;27;25m▃[7m[38;2;52;49;45m▘[0m[38;2;85;80;75;48;2;61;57;53m▄[38;2;81;77;71;48;2;91;86;80m▘[38;2;92;88;81;48;2;90;85;80m▇[48;2;91;86;80m▇[48;2;88;83;77m▇[48;2;91;86;80m▇[48;2;90;86;80m▇[48;2;87;82;77m▇[48;2;87;82;76m▇[48;2;90;85;79m▇[48;2;91;86;80m▇[48;2;88;83;78m▇[48;2;91;86;80m▇▇[38;2;91;87;80;48;2;83;78;73m▋[38;2;70;66;61;48;2;51;48;44m▌[0m[38;2;34;31;28m▌[0m [38;2;7;6;6m     [0m
 [38;2;0;0;0m                 [0m [38;2;25;23;21;48;2;42;39;35m▌[38;2;62;58;54;48;2;78;74;69m▌[38;2;89;84;78;48;2;92;88;81m▎             [38;2;91;87;81;48;2;89;85;79m▉[38;2;89;85;79;48;2;74;69;64m▆[38;2;43;41;38;48;2;70;66;61m▝[0m[38;2;37;35;31m▅[0m [38;2;12;11;10m    [0m
 [38;2;0;0;0m         [0m [38;2;32;29;27m▃[38;2;33;31;28m▃▃▃▃▃▃[38;2;35;32;29m▃[38;2;26;25;22;48;2;41;39;35m▘[38;2;77;73;67;48;2;57;54;50m▝[38;2;61;58;53;48;2;87;83;77m▃[48;2;88;84;77m▃▃[38;2;68;65;60;48;2;87;83;77m▂[38;2;87;82;76;48;2;91;86;80m▁[38;2;74;67;61;48;2;88;83;77m▂[38;2;66;60;53;48;2;88;84;77m▃[38;2;84;78;72;48;2;104;98;91m▋[38;2;155;146;138;48;2;99;94;88m▄[38;2;170;162;152;48;2;102;97;90m▄▄[38;2;167;158;149;48;2;101;96;89m▄[38;2;137;130;121;48;2;97;91;85m▖[38;2;66;60;53;48;2;88;84;77m▃[38;2;70;63;56;48;2;89;84;78m▃[38;2;84;78;72;48;2;91;86;80m▖[38;2;81;77;71;48;2;65;62;57m▋[38;2;48;45;41;48;2;30;28;26m▌[0m [38;2;16;15;13m    [0m
 [38;2;0;0;0m     [0m   [38;2;35;33;30m▄[38;2;64;60;56;48;2;30;29;26m▅[38;2;86;82;76;48;2;59;56;51m▅[38;2;88;84;77;48;2;62;58;54m▅▅▅▅▅▅[38;2;85;81;75;48;2;60;57;52m▅[38;2;73;69;64;48;2;54;51;46m▖[38;2;65;70;54;48;2;46;43;39m▂[38;2;73;82;59;48;2;52;49;44m▂[38;2;80;77;70;48;2;59;56;51m▅[38;2;85;80;75;48;2;62;58;54m▅[38;2;86;81;76;48;2;71;67;62m▅[38;2;90;86;80;48;2;112;105;99m▊[38;2;157;149;140;48;2;108;101;94m▅[38;2;184;174;164;48;2;114;107;99m▅[38;2;183;174;163;48;2;119;111;103m▆[38;2;194;183;173;48;2;181;171;161m▇[38;2;209;143;141;48;2;203;174;165m▗[38;2;212;122;124;48;2;205;162;156m▖[38;2;203;173;165;48;2;197;184;174m▖[38;2;184;175;164;48;2;146;138;129m▆[38;2;151;143;135;48;2;89;82;75m▆[38;2;110;104;97;48;2;82;76;70m▖[38;2;84;79;73;48;2;88;83;77m▁[38;2;83;78;73;48;2;71;68;63m╴[38;2;45;42;38;48;2;28;26;24m▌[0m [38;2;15;14;12m    [0m
 [38;2;0;0;0m   [0m [38;2;26;24;22m▂[38;2;50;47;43m▄[38;2;67;63;58;48;2;31;28;26m▅[38;2;65;61;56;48;2;31;29;26m▆[38;2;83;79;73;48;2;61;58;53m▆[38;2;91;86;80;48;2;81;77;72m▇[48;2;92;88;81m       [38;2;92;88;81;48;2;92;87;81m┈[48;2;82;78;72m▆[38;2;103;116;84;48;2;86;95;70m▆[38;2;109;136;83;48;2;91;109;71m▆[38;2;97;120;74;48;2;72;80;59m▃[38;2;75;89;58;48;2;60;60;51m▖[38;2;53;50;45;48;2;69;65;60m▆[38;2;66;62;57;48;2;80;75;70m▊[38;2;88;83;77;48;2;128;121;114m▆[38;2;126;119;112;48;2;164;156;147m▅[38;2;148;140;131;48;2;192;183;172m▃[38;2;150;142;133;48;2;195;185;175m▃[38;2;141;134;125;48;2;192;175;166m▂[48;2;193;172;163m▂[38;2;147;140;131;48;2;193;181;171m▃[38;2;126;119;112;48;2;164;155;146m▅[38;2;91;86;80;48;2;132;125;118m▆[38;2;63;60;55;48;2;87;82;77m▗[38;2;28;27;25;48;2;61;58;53m▂[0m[7m[38;2;37;35;32m▄[0m  [38;2;0;0;0m    [0m
  [38;2;53;51;48m▂[38;2;70;67;63m▂[38;2;86;83;78m▄[38;2;164;160;154;48;2;69;66;63m▅[38;2;143;138;132;48;2;89;85;80m▅[38;2;77;72;67;48;2;90;85;80m▗[38;2;53;50;46;48;2;82;78;72m▃[38;2;49;46;42;48;2;81;77;71m▃[38;2;64;60;56;48;2;84;80;74m▖[38;2;88;84;78;48;2;92;87;81m▏[48;2;92;88;81m       [38;2;92;88;81;48;2;93;89;82m▉[38;2;105;120;85;48;2;95;96;82m▝[38;2;100;107;84;48;2;112;137;87m▄[38;2;110;132;86;48;2;114;142;87m▖[38;2;83;101;64;48;2;108;135;82m▝[38;2;96;116;74;48;2;68;71;57m▅[38;2;59;59;50;48;2;79;81;68m▗[48;2;85;80;74m▄[48;2;86;81;76m▄[38;2;62;61;53;48;2;92;87;81m▅[48;2;93;87;82m▅▅▅[48;2;92;87;81m▅[38;2;55;54;47;48;2;86;81;76m▄[38;2;29;27;25;48;2;62;59;54m▗[0m[7m[38;2;37;35;32m▄[0m  [38;2;0;0;0m      [0m
 [38;2;29;27;25;48;2;78;76;73m▋[38;2;119;116;112;48;2;159;155;149m▌[38;2;192;186;177;48;2;155;149;142m━[38;2;134;128;120;48;2;166;160;150m▁[38;2;150;146;140;48;2;194;189;181m▂[38;2;88;86;82;48;2;145;141;135m▗[0m[7m[38;2;52;50;46m▃[38;2;29;27;25m▅[38;2;35;32;29m▃[0m[38;2;42;40;37;48;2;64;61;56m▂[38;2;74;70;65;48;2;89;84;78m▂[38;2;88;83;77;48;2;91;87;80m▁[48;2;92;88;81m        [38;2;93;90;81;48;2;95;96;82m▇[38;2;93;91;81;48;2;103;116;84m▅[38;2;101;111;84;48;2;110;131;86m▃[38;2;105;122;85;48;2;112;139;85m▂[38;2;108;132;85;48;2;89;109;68m▆[38;2;108;131;84;48;2;85;104;66m▆[38;2;134;148;98;48;2;95;118;73m▄[38;2;166;170;115;48;2;101;124;77m▃[38;2;124;141;93;48;2;95;118;73m▄[38;2;105;129;81;48;2;85;104;66m▆[38;2;112;141;86;48;2;93;114;71m━[38;2;97;120;74;48;2;81;101;62m▊[0m[7m[38;2;50;61;39m▗[0m  [38;2;0;0;0m        [0m
  [7m[38;2;48;46;43m▄[38;2;64;61;57m▄[38;2;62;59;54m▄[38;2;63;60;56m▄[38;2;47;46;44m▆[0m   [38;2;26;25;23m▝[7m[38;2;50;47;44m▄[0m[38;2;35;33;30;48;2;69;66;61m▁[38;2;57;53;49;48;2;86;82;76m▃▃▃▃▃▃▃▃▃▃[48;2;87;84;76m▃[48;2;88;86;76m▃▃▃[38;2;79;73;59;48;2;148;139;105m▃[38;2;76;71;56;48;2;185;171;124m▂[38;2;155;145;109;48;2;86;82;68m▘[38;2;36;34;31;48;2;72;73;61m▄[0m[7m[38;2;50;53;41m▄[38;2;47;49;38m▄[0m [38;2;27;29;22m          [0m
[?25h