[?25l[0m [38;2;0;0;0m                   [0m
 [38;2;0;0;0m   [0m [38;2;149;149;149m▂[38;2;120;120;120m▂             [0m
 [38;2;0;0;0m   [0m [7m[38;2;158;158;158m▇[38;2;134;134;134m▄[0m [38;2;8;8;8m            [0m
 [38;2;0;0;0m   [0m [7m[38;2;153;153;153m▄[38;2;118;118;118m▅[0m[38;2;158;158;158m╺[38;2;131;131;131m▅           [0m
 [38;2;0;0;0m      [38;2;166;166;166m▝[38;2;184;184;184m╸[0m   [38;2;11;11;10m  [0m   [38;2;5;5;4m   [0m
 [38;2;0;0;0m        [38;2;78;65;61m▗[38;2;156;124;119;48;2;50;43;40m▆[38;2;161;127;120;48;2;48;42;38m▆[0m[38;2;71;61;56m▖[38;2;29;27;25m▁[38;2;125;101;95m▆[38;2;157;125;119;48;2;55;47;44m▆[0m[38;2;109;92;85m▆[0m [38;2;12;11;10m  [0m
 [38;2;0;0;0m       [0m [7m[38;2;63;59;55m▘[0m[38;2;90;86;79;48;2;87;82;75m┈[38;2;84;75;70;48;2;90;84;78m╵[38;2;89;85;78;48;2;67;63;58m▇[38;2;90;86;79;48;2;57;54;49m▆[38;2;86;79;74;48;2;89;84;78m╵[38;2;92;88;81;48;2;90;85;78m┈[38;2;73;68;63;48;2;41;38;35m▊[0m [38;2;24;22;21m  [0m
 [38;2;0;0;0m   [38;2;33;31;29m▁[38;2;52;50;46m▄[38;2;53;51;47m▄▄[7m[38;2;43;40;37m▘[0m[38;2;89;85;79;48;2;56;53;48m▝[38;2;66;63;58;48;2;91;87;80m▄[38;2;102;97;90;48;2;88;84;78m▁[38;2;149;141;132;48;2;84;79;72m▂[38;2;176;163;153;48;2;97;92;85m▄[38;2;189;168;159;48;2;98;94;87m▄[38;2;145;137;128;48;2;91;86;79m▂[38;2;79;74;68;48;2;86;82;75m╴[0m[38;2;52;49;45m▋  [0m
 [38;2;27;25;23m▂[38;2;105;102;97m▃[38;2;74;70;65m▆[38;2;79;74;69;48;2;49;46;43m▇[38;2;90;85;79;48;2;92;88;81m▏  [38;2;92;88;81;48;2;90;86;79m┈[38;2;103;117;83;48;2;71;78;58m▆[38;2;105;130;80;48;2;75;80;62m▃[38;2;74;73;63;48;2;105;99;93m▇[38;2;83;79;73;48;2;162;153;144m▄[38;2;73;69;64;48;2;184;170;160m▃[48;2;184;161;153m▃[38;2;78;73;68;48;2;149;142;133m▅[0m[7m[38;2;72;68;63m▄[38;2;34;32;29m▇[0m[38;2;5;4;4m  [0m
 [7m[38;2;138;134;127m▃[38;2;156;151;145m▃[0m[38;2;77;73;69m▘[7m[38;2;47;44;40m▅[38;2;76;72;67m▁[0m[38;2;58;54;50;48;2;91;87;80m▂▂▂[48;2;91;88;80m▂[48;2;99;107;83m▂[38;2;67;63;58;48;2;102;121;80m▃[38;2;181;177;124;48;2;101;109;77m╺[38;2;59;59;51;48;2;108;119;81m▗[0m[7m[38;2;78;94;61m▂[0m[38;2;38;45;30m▘    [0m
[?25h