[?25l[0m [38;2;0;0;0m                               [0m
 [38;2;0;0;0m                               [0m
 [38;2;0;0;0m      [0m     [38;2;0;0;0m                    [0m
 [38;2;0;0;0m      [0m [7m[38;2;172;172;172m▅[38;2;187;187;187m▅[0m[38;2;173;173;173m▋[0m [38;2;46;46;46m                    [0m
 [38;2;0;0;0m      [0m [38;2;165;165;165m▄[7m[38;2;137;137;137m▅[0m  [38;2;0;0;0m                    [0m
 [38;2;0;0;0m      [0m [7m[38;2;171;171;171m▄[38;2;169;169;169m▄[38;2;133;133;133m▄[0m [38;2;150;150;150m▅[38;2;172;172;172m▄[0m [38;2;48;48;48m                 [0m
 [38;2;0;0;0m          [0m [38;2;161;161;161m▄[7m▅[0m [38;2;38;38;38m                 [0m
 [38;2;0;0;0m          [0m [7m[38;2;173;173;173m▄[38;2;144;144;144m▄[0m      [38;2;0;0;0m  [0m     [38;2;5;5;4m     [0m
 [38;2;0;0;0m             [0m [38;2;96;80;75m▗[38;2;159;130;124;48;2;43;39;35m▅[38;2;172;135;130;48;2;50;44;41m▅[38;2;165;135;126;48;2;46;41;37m▅[0m[38;2;74;63;58m▄[0m  [38;2;63;55;50m▗[38;2;153;126;118;48;2;38;34;31m▅[38;2;174;136;130;48;2;51;44;41m▅[38;2;175;142;134;48;2;49;44;40m▅[0m[38;2;101;85;79m▄[0m [38;2;22;20;18m    [0m
 [38;2;0;0;0m             [0m [38;2;40;36;33;48;2;90;73;69m▋[38;2;72;63;59;48;2;161;123;119m▃[38;2;95;82;77;48;2;147;114;110m▆[38;2;79;70;65;48;2;170;132;125m▃[38;2;48;43;40;48;2;100;86;80m▝[0m[38;2;53;49;46m▄[38;2;46;43;40m▄[38;2;31;29;27;48;2;77;70;65m▘[38;2;79;70;66;48;2;161;125;120m▃[38;2;153;119;114;48;2;97;84;79m▘[38;2;79;72;66;48;2;163;135;126m▃[38;2;150;125;116;48;2;65;57;52m▘[0m[38;2;25;24;21m▌    [0m
 [38;2;0;0;0m            [0m [38;2;41;39;35m▄[38;2;39;36;33;48;2;75;71;65m▘[38;2;90;86;79;48;2;78;73;68m▆[38;2;92;88;81;48;2;89;84;78m▇[38;2;91;87;80;48;2;79;75;70m▇[38;2;92;88;81;48;2;88;83;78m▇[38;2;91;87;80;48;2;79;74;69m▇[38;2;92;88;81;48;2;80;76;70m▆[48;2;88;84;77m▇[38;2;91;87;80;48;2;80;76;70m▇[38;2;92;88;81;48;2;88;83;77m▇[38;2;90;86;80;48;2;80;75;70m▇[38;2;70;67;61;48;2;47;44;40m▋[0m[38;2;27;25;23m▌[0m [38;2;3;3;3m   [0m
 [38;2;0;0;0m      [0m       [38;2;34;31;28;48;2;59;55;51m▍[38;2;79;74;69;48;2;90;86;79m▎[38;2;86;81;76;48;2;92;88;81m▁[38;2;87;82;76m▁[38;2;91;86;80m▁[38;2;88;83;76m▁[38;2;92;88;81;48;2;92;87;81m┈[38;2;116;110;103;48;2;92;88;81m▁[38;2;122;116;109m▁[38;2;121;115;108m▁[38;2;97;92;85m▁[38;2;87;81;75m▁[38;2;90;86;79;48;2;78;74;69m▇[38;2;61;58;53;48;2;38;36;34m▇[0m[38;2;24;22;20m▌   [0m
 [38;2;0;0;0m   [0m   [38;2;48;45;42m▄[38;2;70;66;61;48;2;24;23;20m▆[38;2;71;67;62;48;2;25;24;21m▆▆▆▆[38;2;68;64;59;48;2;28;26;24m▆[38;2;61;59;52;48;2;48;45;41m▁[38;2;53;51;45;48;2;68;64;60m▆[38;2;82;78;72;48;2;63;59;55m▃[38;2;86;81;76;48;2;67;63;59m▃[38;2;110;104;97;48;2;87;83;77m▗[38;2;160;152;142;48;2;79;73;67m▄[38;2;175;166;156;48;2;87;80;73m▄[38;2;189;177;167;48;2;148;140;132m▆[38;2;209;140;138;48;2;185;168;159m▃[38;2;198;177;168;48;2;160;152;142m▆[38;2;85;79;72;48;2;164;155;146m▝[38;2;136;129;121;48;2;78;72;65m▖[38;2;80;75;68;48;2;89;84;78m▘[38;2;69;65;60;48;2;43;40;36m▊[0m[38;2;26;24;22m▌   [0m
    [38;2;61;58;54m▃[38;2;69;65;60m▆[38;2;76;72;67;48;2;38;35;33m▆[38;2;89;85;79;48;2;74;70;65m▇[48;2;92;88;81m     [38;2;92;88;81;48;2;91;87;80m┈[38;2;95;97;82;48;2;78;78;67m▆[38;2;109;134;84;48;2;86;102;68m▆[38;2;103;129;79;48;2;73;79;60m▃[38;2;59;61;49;48;2;73;69;64m▆[38;2;84;80;73;48;2;71;67;62m▂[38;2;98;92;86;48;2;149;142;133m▆[38;2;113;107;101;48;2;181;172;162m▃[38;2;118;111;105;48;2;192;181;170m▃[38;2;103;98;92;48;2;187;164;156m▂[38;2;117;111;104;48;2;191;176;166m▃[38;2;107;102;95;48;2;158;150;141m▅[38;2;74;69;64;48;2;108;103;96m▅[0m[7m[38;2;65;61;57m▃[38;2;33;31;29m▅[0m [38;2;1;1;1m   [0m
 [38;2;109;106;102m▃[38;2;164;159;152;48;2;37;35;33m▄[38;2;62;60;57;48;2;160;155;147m▘[38;2;177;172;166;48;2;136;132;126m▋[38;2;38;36;33;48;2;81;77;72m▗[0m[7m[38;2;58;55;50m▃[0m[38;2;47;44;40;48;2;72;68;63m▖[38;2;86;81;75;48;2;92;87;81m▏[48;2;92;88;81m     [38;2;92;88;81;48;2;93;90;81m┈[38;2;95;94;82;48;2;106;123;85m▆[38;2;100;107;83;48;2;112;137;86m▃[38;2;111;138;85;48;2;90;110;70m▆[38;2;107;133;81;48;2;75;81;61m▃[38;2;105;131;80;48;2;68;69;57m▃[38;2;108;132;81m▃[38;2;106;131;80m▃[38;2;105;131;80m▃[38;2;101;126;77;48;2;67;69;56m▃[0m[7m[38;2;59;62;50m▗[38;2;33;31;29m▅[0m [38;2;1;1;1m     [0m
 [7m[38;2;91;89;85m▆[38;2;117;113;107m▄[38;2;115;110;104m▄[38;2;111;108;104m▅[0m  [7m[38;2;40;38;34m▆[38;2;65;62;57m▃[0m[38;2;82;78;72;48;2;77;73;67m┊[38;2;54;51;46;48;2;87;83;77m▂▂▂▂▂▂[38;2;60;57;52;48;2;91;88;80m▃[48;2;96;102;81m▃[38;2;66;62;57;48;2;101;111;84m▄[38;2;66;62;55;48;2;109;114;87m▃[38;2;81;75;60;48;2;177;170;121m▂[38;2;60;56;48;48;2;120;121;90m▂[0m[7m[38;2;75;84;61m▃[38;2;64;74;51m▃[0m [38;2;36;42;28m       [0m
[?25h