[?25l[0m [38;2;0;0;0m   [0m [38;2;127;127;127m▂[0m  [38;2;0;0;0m                        [0m
 [38;2;0;0;0m   [0m [7m[38;2;149;149;149m▖[0m[38;2;161;161;161m▋[0m [38;2;35;35;35m                        [0m
 [38;2;0;0;0m   [0m [7m[38;2;179;179;179m▂[0m[38;2;144;144;144m▖[0m     [38;2;0;0;0m                    [0m
 [38;2;0;0;0m   [0m    [7m[38;2;172;172;172m▅[38;2;187;187;187m▅[0m[38;2;173;173;173m▋[0m [38;2;46;46;46m                    [0m
 [38;2;0;0;0m      [0m [38;2;165;165;165m▄[7m[38;2;137;137;137m▅[0m  [38;2;0;0;0m                    [0m
 [38;2;0;0;0m      [0m [7m[38;2;171;171;171m▄[38;2;169;169;169m▄[38;2;133;133;133m▄[0m [38;2;150;150;150m▅[38;2;172;172;172m▄[0m [38;2;48;48;48m                 [0m
 [38;2;0;0;0m          [0m [38;2;161;161;161m▄[7m▅[0m [38;2;38;38;38m                 [0m
 [38;2;0;0;0m          [0m [7m[38;2;173;173;173m▄[38;2;144;144;144m▄[0m  [38;2;76;65;61m▃[38;2;88;72;68m▃[38;2;80;68;63m▃[0m    [38;2;90;75;70m▂[38;2;89;73;68m▃[38;2;87;73;68m▃[38;2;57;48;45m▁[0m [38;2;5;5;4m    [0m
 [38;2;0;0;0m             [0m [38;2;33;30;28;48;2;101;81;77m▌[38;2;150;119;114;48;2;176;139;134m▎[38;2;114;90;86;48;2;178;139;134m▃[38;2;158;121;116;48;2;181;144;136m▁[38;2;119;96;90;48;2;43;39;35m▌[0m  [38;2;27;25;23;48;2;70;59;55m▌[38;2;141;113;107;48;2;183;145;138m▍[38;2;121;96;92;48;2;180;140;135m▃[38;2;155;128;119;48;2;187;153;143m▖[38;2;137;115;106;48;2;52;47;43m▋[0m[38;2;24;22;20m▌    [0m
 [38;2;0;0;0m            [0m  [38;2;34;32;29;48;2;58;53;49m▍[38;2;76;72;66;48;2;108;85;81m▆[38;2;92;87;81;48;2;89;82;76m▃[38;2;81;77;71;48;2;117;92;88m▆[48;2;91;85;79m▝[38;2;80;76;70;48;2;42;40;36m▆[38;2;78;74;68;48;2;35;33;30m▆[38;2;87;82;76;48;2;70;64;60m▇[38;2;77;73;68;48;2;93;83;78m━[38;2;91;87;80;48;2;89;81;76m▃[38;2;81;77;71;48;2;112;96;89m▆[38;2;57;53;49;48;2;85;73;67m▇[0m[38;2;25;24;21m▌    [0m
 [38;2;0;0;0m            [0m [38;2;30;28;26;48;2;55;51;47m▍[38;2;87;83;76;48;2;71;67;63m▇[48;2;92;88;81m         [38;2;92;88;81;48;2;89;85;78m▉[38;2;53;50;46;48;2;83;79;73m▝[0m[7m[38;2;46;43;40m▝[0m [38;2;21;20;18m   [0m
 [38;2;0;0;0m      [0m       [38;2;34;31;28;48;2;54;50;46m▍[38;2;53;50;46;48;2;84;79;74m▃[38;2;57;53;49;48;2;87;83;77m▃[38;2;62;58;54;48;2;88;84;77m▃[38;2;84;80;74;48;2;91;87;80m▖[38;2;77;70;63;48;2;88;83;77m▗[38;2;112;105;97;48;2;86;81;74m▁[38;2;165;156;147;48;2;99;94;87m▄[38;2;181;169;160;48;2;100;96;89m▄[38;2;178;168;158;48;2;100;95;88m▄[38;2;139;131;123;48;2;91;86;79m▖[38;2;71;64;57;48;2;91;86;80m▄[38;2;80;74;68;48;2;90;86;79m▖[38;2;73;69;64;48;2;47;44;40m▋[0m[38;2;27;25;22m▌   [0m
 [38;2;0;0;0m   [0m   [38;2;48;45;42m▄[38;2;70;66;61;48;2;24;23;20m▆[38;2;71;67;62;48;2;25;24;21m▆▆▆▆[48;2;28;26;24m▆[38;2;86;87;73;48;2;48;45;40m▄[38;2;96;117;75;48;2;55;54;47m▄[38;2;64;63;55;48;2;78;78;67m▗[38;2;56;54;48;48;2;82;77;72m▃[38;2;110;104;97;48;2;76;72;67m▝[38;2;104;99;92;48;2;157;148;139m▂[38;2;186;177;166;48;2;146;138;128m▇[38;2;199;189;178;48;2;196;183;173m╴[38;2;210;135;134;48;2;202;167;160m▝[38;2;205;165;158;48;2;196;182;171m▘[38;2;131;124;117;48;2;174;165;155m▗[38;2;138;130;122;48;2;100;94;88m▘[38;2;55;52;48;48;2;82;78;72m▁[0m[7m[38;2;58;55;50m▃[0m[38;2;25;24;21m▘   [0m
    [38;2;61;58;54m▃[38;2;69;65;60m▆[38;2;76;72;67;48;2;38;35;33m▆[38;2;89;85;79;48;2;74;70;65m▇[48;2;92;88;81m      [38;2;100;107;83;48;2;93;90;81m▝[38;2;99;106;83;48;2;111;135;86m▃[38;2;111;138;85;48;2;90;110;69m▆[38;2;100;123;77;48;2;63;68;51m▄[38;2;69;67;60;48;2;81;84;68m▚[38;2;70;68;60;48;2;95;90;84m▅[48;2;134;127;120m▅[48;2;142;135;127m▅▅[48;2;141;133;125m▅[38;2;61;58;52;48;2;102;97;90m▄[0m[7m[38;2;64;60;56m▃[38;2;32;30;28m▅[0m [38;2;1;1;1m    [0m
 [38;2;109;106;102m▃[38;2;164;159;152;48;2;37;35;33m▄[38;2;62;60;57;48;2;160;155;147m▘[38;2;177;172;166;48;2;136;132;126m▋[38;2;38;36;33;48;2;81;77;72m▗[0m[7m[38;2;58;55;50m▃[0m[38;2;47;44;40;48;2;72;68;63m▖[38;2;86;81;75;48;2;92;87;81m▏[48;2;92;88;81m      [38;2;92;88;81;48;2;93;90;81m┈[38;2;94;94;82;48;2;106;122;85m▆[38;2;97;101;83;48;2;111;136;86m▃[38;2;95;96;82;48;2;104;126;80m▂[38;2;116;139;89;48;2;102;114;80m━[38;2;182;178;125;48;2;102;124;77m▄[38;2;152;151;108;48;2;101;119;79m▖[38;2;102;119;82;48;2;78;94;61m▇[38;2;64;67;54;48;2;94;116;73m▂[0m[38;2;45;54;35m▌[0m [38;2;1;1;1m      [0m
 [7m[38;2;91;89;85m▆[38;2;117;113;107m▄[38;2;115;110;104m▄[38;2;111;108;104m▅[0m  [7m[38;2;40;38;34m▆[38;2;65;62;57m▃[0m[38;2;82;78;72;48;2;77;73;67m┊[38;2;54;51;46;48;2;87;83;77m▂▂▂▂▂▂▂▂▂[38;2;60;57;52;48;2;96;90;82m▃[38;2;71;67;62;48;2;159;147;113m▅[38;2;68;64;60;48;2;113;106;90m▅[0m[7m[38;2;65;61;56m▃[38;2;33;31;28m▅[0m [38;2;1;1;1m       [0m
[?25h