[?25l[0m [38;2;0;0;0m                               [0m
 [38;2;0;0;0m                               [0m
 [38;2;0;0;0m                               [0m
 [38;2;0;0;0m                               [0m
 [38;2;0;0;0m                               [0m
 [38;2;0;0;0m                               [0m
 [38;2;0;0;0m                               [0m
 [38;2;0;0;0m                     [0m     [38;2;25;25;25m     [0m
 [38;2;0;0;0m                     [0m [7m[38;2;127;127;127m▄[38;2;169;169;169m▄[0m[38;2;126;126;126;48;2;181;181;181m▖[0m [38;2;105;105;105m     [0m
 [38;2;0;0;0m                     [0m [38;2;135;135;135m▄[7m[38;2;134;134;134m▚[0m  [38;2;5;5;5m     [0m
 [38;2;0;0;0m      [0m   [38;2;53;42;34m▂[38;2;51;41;33m▂[38;2;52;41;33m▂[38;2;56;44;36m▂[38;2;45;36;29m▂[0m  [38;2;0;0;0m  [0m [38;2;136;136;136m▄[38;2;168;168;168m▄[0m [7m[38;2;155;155;155m▄[38;2;165;165;165m▃[38;2;153;153;153m▃[0m [38;2;89;89;89m     [0m
 [38;2;0;0;0m   [0m  [38;2;27;25;21m▃[38;2;38;28;21m▄[38;2;80;50;35;48;2;24;23;19m▄[38;2;116;78;58;48;2;51;38;30m▆[38;2;145;97;72;48;2;117;80;61m▇[38;2;86;51;34;48;2;128;85;62m▃[38;2;85;51;34;48;2;130;86;64m▃[38;2;103;65;47;48;2;145;99;74m▃[38;2;141;93;69;48;2;107;72;54m▆[38;2;130;89;67;48;2;34;27;22m▅[0m[38;2;61;45;36m▃[0m   [38;2;148;148;148m▃[7m[38;2;167;167;167m▄[0m [38;2;89;89;89m         [0m
 [38;2;0;0;0m  [0m [38;2;46;34;26m▄[38;2;86;57;41;48;2;31;23;17m▅[38;2;66;40;27;48;2;97;62;45m▘[38;2;73;42;26;48;2;91;60;43m▃[38;2;61;34;17;48;2;79;48;31m▇[38;2;63;33;17;48;2;108;68;49m▆[38;2;63;36;19;48;2;102;64;45m▆[38;2;71;40;23;48;2;90;56;39m▘[38;2;90;57;40;48;2;104;68;49m▁[38;2;66;41;23m▃[38;2;80;48;31;48;2;113;72;52m▅[38;2;116;75;55;48;2;143;95;70m▖[38;2;150;101;75;48;2;116;80;61m▇[38;2;131;90;68;48;2;42;32;26m▅[0m[38;2;63;46;36m▃[0m [7m[38;2;157;157;157m▃[38;2;154;154;154m▃[0m  [38;2;0;1;0m        [0m
 [38;2;0;0;0m [0m [38;2;23;24;21m▃[38;2;31;29;24;48;2;63;41;28m▍[38;2;84;49;31;48;2;93;58;40m▆[38;2;74;41;23;48;2;95;58;39m▄[38;2;80;47;28;48;2;64;35;18m▗[38;2;101;61;40;48;2;60;34;16m▃[38;2;92;54;35;48;2;64;34;17m▄[38;2;69;37;20;48;2;61;33;16m▖[38;2;58;31;15;48;2;77;49;31m▆[38;2;64;34;17;48;2;80;49;32m▆[38;2;67;38;18;48;2;59;32;15m▗[38;2;87;50;29;48;2;69;38;21m▃[38;2;62;35;17;48;2;96;60;43m▆[38;2;81;48;31;48;2;118;76;55m▆[38;2;132;86;63;48;2;152;101;75m▍[38;2;157;107;81;48;2;115;79;61m▇[38;2;18;18;16;48;2;73;57;45m▝[0m[38;2;37;57;44m▂[38;2;70;123;89;48;2;17;23;19m▄[38;2;64;111;81;48;2;14;16;14m▅[0m[38;2;38;63;47m▃[0m  [38;2;0;0;0m      [0m
 [38;2;0;0;0m [7m[38;2;15;16;15m▌[0m[38;2;31;29;24;48;2;62;40;28m▍[38;2;85;51;33;48;2;73;43;25m┛[38;2;59;32;15;48;2;75;44;25m▆[38;2;76;43;23;48;2;62;33;16m▗[38;2;56;32;14;48;2;82;48;27m▘[38;2;71;43;22;48;2;100;60;38m▂[38;2;102;61;39;48;2;83;49;28m▋[38;2;64;39;17;48;2;51;28;12m▎[38;2;63;33;17;48;2;79;44;26m▌[38;2;95;56;35;48;2;78;44;25m▇[38;2;62;36;16;48;2;89;52;31m▂[38;2;83;48;30;48;2;100;60;40m▖[38;2;118;76;55;48;2;80;48;30m▄[38;2;70;56;43;48;2;122;80;58m▂[38;2;61;65;50;48;2;145;100;75m▂[38;2;62;105;76;48;2;101;104;77m┍[38;2;85;149;108;48;2;83;116;85m▆[38;2;88;155;112;48;2;70;122;88m▆[38;2;56;98;71;48;2;75;133;96m╺[38;2;76;135;97;48;2;62;109;79m▃[48;2;60;105;76m▆[38;2;50;86;62;48;2;20;26;22m▋[0m [38;2;11;12;11m      [0m
 [38;2;0;0;0m [7m[38;2;15;16;15m▌[0m[38;2;35;31;25;48;2;61;43;33m▌[38;2;85;98;72;48;2;82;56;39m▗[38;2;88;102;75;48;2;83;48;30m▄[38;2;71;50;32;48;2;64;35;18m▏[38;2;54;29;13;48;2;73;43;20m▆[38;2;62;32;16;48;2;51;30;12m▂[38;2;54;30;13;48;2;79;49;27m▆[38;2;60;31;15;48;2;49;27;11m▃[38;2;71;39;21;48;2;64;33;17m▝[38;2;67;36;19;48;2;80;45;26m▅[38;2;67;37;20;48;2;83;51;35m▋[38;2;63;62;47;48;2;113;76;55m▂[38;2;85;128;95;48;2;90;79;58m▃[38;2;86;153;110;48;2;70;105;76m▅[38;2;88;158;113;48;2;65;114;82m▅[38;2;79;139;100;48;2;86;146;106m▘[38;2;51;78;59;48;2;78;138;100m▂[38;2;36;54;42;48;2;77;136;98m▂▂[38;2;34;51;40;48;2;75;134;96m▂[0m[7m[38;2;54;92;67m▃[38;2;30;49;36m▆[0m [38;2;1;1;1m      [0m
[?25h